   2.2600000e+02   8.0620393e-03   9.9015893e-01   1.7790295e-03
   2.2800000e+02   9.1657782e-03   9.8920323e-01   1.6309960e-03
   2.6400000e+02   6.2287245e-03   8.0554307e-01   1.8822820e-01
   1.5410000e+03   2.9442491e-03   1.1208408e-02   9.8584734e-01
   1.4980000e+03   5.7013989e-03   9.9188432e-01   2.4142771e-03
   2.3200000e+02   9.1483053e-03   9.9011368e-01   7.3801682e-04
   1.5630000e+03   9.7875332e-03   9.8967367e-01   5.3879987e-04
   1.5670000e+03   5.4762885e-03   9.9234104e-01   2.1826716e-03
   1.4920000e+03   1.0444431e-02   9.8734864e-01   2.2069273e-03
   1.4960000e+03   5.9819661e-03   9.9137568e-01   2.6423514e-03
   1.4940000e+03   1.1092806e-02   9.8666109e-01   2.2461019e-03
   1.5490000e+03   9.7598120e-01   1.0589163e-02   1.3429638e-02
   1.5350000e+03   1.1910027e-03   1.0338047e-02   9.8847095e-01
   1.5620000e+03   1.8054929e-03   9.9164903e-01   6.5454805e-03
   2.3100000e+02   2.2681117e-04   9.9275786e-01   7.0153283e-03
   1.5430000e+03   3.1044636e-03   1.0447031e-02   9.8644851e-01
   1.5450000e+03   3.0165067e-03   9.9516630e-03   9.8703183e-01
   1.5460000e+03   2.2318393e-03   1.1385640e-02   9.8638252e-01
   1.5480000e+03   9.8720354e-01   2.1444282e-03   1.0652031e-02
   1.5650000e+03   1.0714652e-02   9.8751701e-01   1.7683352e-03
   1.5500000e+03   8.2514523e-03   1.1308828e-02   9.8043972e-01
   2.3300000e+02   1.6189447e-04   9.9181980e-01   8.0183096e-03
   1.5640000e+03   8.6561268e-04   9.9083631e-01   8.2980761e-03
   1.7220000e+03   4.8549413e-03   6.7530793e-03   9.8839198e-01
   1.7210000e+03   1.0810780e-01   9.5636709e-02   7.9625549e-01
   1.7150000e+03   8.1812689e-01   1.5690598e-01   2.4967136e-02
   1.6960000e+03   7.3270103e-02   8.8768281e-01   3.9047092e-02
   1.7030000e+03   1.8196586e-01   7.6336052e-01   5.4673616e-02
   1.7010000e+03   2.9572127e-03   1.0231156e-02   9.8681163e-01
   1.6990000e+03   3.7151831e-03   6.1759511e-03   9.9010887e-01
   1.7020000e+03   3.8819646e-01   5.9576609e-01   1.6037449e-02
   1.6880000e+03   1.4995961e-02   9.7949153e-01   5.5125126e-03
   1.6890000e+03   3.8746059e-03   6.4731450e-03   9.8965225e-01
   1.6870000e+03   3.6027473e-03   6.1610950e-03   9.9023616e-01
   1.6900000e+03   9.4459322e-01   5.0653609e-02   4.7531724e-03
   1.6750000e+03   3.4773332e-01   6.2945069e-01   2.2815991e-02
   1.6800000e+03   7.0262622e-01   2.0526758e-02   2.7684702e-01
   1.6730000e+03   1.9390652e-02   7.1585799e-01   2.6475136e-01
   1.6740000e+03   3.8641204e-03   3.9985938e-03   9.9213729e-01
   1.6770000e+03   2.1276337e-02   3.7250963e-01   6.0621403e-01
   1.6650000e+03   9.8069236e-01   7.1342340e-03   1.2173406e-02
   3.4860000e+03   4.1978871e-02   4.6716762e-01   4.9085351e-01
   2.2500000e+03   1.4078666e-02   1.4829619e-02   9.7109171e-01
   3.4060000e+03   2.0001906e-01   4.3422191e-02   7.5655875e-01
   2.2490000e+03   1.5440093e-01   5.3751979e-01   3.0807928e-01
   2.4580000e+03   2.6964494e-01   4.9962077e-01   2.3073429e-01
   2.2520000e+03   4.8634584e-01   4.7372907e-01   3.9925090e-02
   2.2570000e+03   9.2899866e-04   6.0755485e-01   3.9151615e-01
   2.2560000e+03   9.6940406e-01   1.9281718e-02   1.1314221e-02
   2.2560000e+03   6.3691035e-02   9.1380663e-01   2.2502339e-02
   2.2600000e+03   1.1417463e-02   4.4288365e-01   5.4569889e-01
   2.4430000e+03   5.0827747e-02   6.2006392e-01   3.2910833e-01
   2.2610000e+03   2.3395175e-01   7.6058607e-01   5.4621831e-03
   2.2660000e+03   4.6182057e-02   4.3256583e-01   5.2125212e-01
   2.2620000e+03   3.1240255e-01   5.9962975e-01   8.7967701e-02
   2.2760000e+03   1.1365915e-02   1.3717654e-01   8.5145755e-01
   2.4450000e+03   9.4276302e-01   3.5850458e-02   2.1386523e-02
   2.2730000e+03   2.5597371e-03   9.9245505e-03   9.8751571e-01
   2.2740000e+03   1.1102230e-16   5.9434065e-03   9.9405659e-01
   2.2790000e+03   3.0327762e-03   1.0549010e-02   9.8641821e-01
   2.2820000e+03   4.0111793e-03   4.8539114e-03   9.9113491e-01
   2.4350000e+03   9.5320104e-01   3.1622269e-02   1.5176695e-02
   2.2820000e+03   1.7027483e-02   9.5553488e-01   2.7437634e-02
   2.2780000e+03   3.4804511e-01   5.8395328e-01   6.8001612e-02
   2.2910000e+03   3.7300813e-03   4.5604430e-03   9.9170948e-01
   2.2950000e+03   5.2329245e-02   2.7198948e-01   6.7568128e-01
   2.2840000e+03   8.8344821e-02   8.4107192e-01   7.0583258e-02
   2.3770000e+03   3.6246870e-03   8.7257663e-03   9.8764955e-01
   2.2930000e+03   3.1406514e-03   8.5154074e-03   9.8834394e-01
   2.2970000e+03   3.3037089e-03   7.9448130e-03   9.8875148e-01
   2.3060000e+03   3.3548174e-03   8.0162134e-03   9.8862897e-01
   2.3100000e+03   4.0120412e-03   3.8670524e-03   9.9212091e-01
   2.3000000e+03   4.2730815e-03   3.7480136e-03   9.9197890e-01
   2.3780000e+03   2.1734934e-03   8.2303579e-03   9.8959615e-01
   2.3100000e+03   1.1196820e-03   9.6661647e-01   3.2263851e-02
   2.3080000e+03   3.6951020e-03   7.7157532e-03   9.8858914e-01
   2.3120000e+03   3.8888905e-03   3.6123971e-03   9.9249871e-01
   2.3170000e+03   4.2691447e-03   7.2069432e-03   9.8852391e-01
   2.3200000e+03   4.1456844e-03   5.5718993e-03   9.9028242e-01
   2.3880000e+03   0.0000000e+00   7.0102302e-05   9.9992990e-01
   2.3200000e+03   1.6284848e-03   9.9102490e-01   7.3466173e-03
   2.3210000e+03   3.8512339e-03   8.0307544e-04   9.9534569e-01
   2.3280000e+03   3.6260981e-03   3.8928574e-03   9.9248104e-01
   2.3330000e+03   3.7032447e-03   8.4618521e-03   9.8783490e-01
   2.3190000e+03   2.4583600e-02   9.7383890e-01   1.5774998e-03
   2.3220000e+03   2.8697395e-01   6.4436747e-01   6.8658575e-02
   2.3300000e+03   2.5693928e-03   4.1888487e-03   9.9324176e-01
   2.3350000e+03   2.2683073e-03   5.9076906e-03   9.9182400e-01
   2.3410000e+03   1.2825476e-03   5.9638188e-03   9.9275363e-01
   2.3450000e+03   1.2716794e-03   5.4377231e-03   9.9329060e-01
   2.4090000e+03   5.6861311e-03   7.3314194e-03   9.8698245e-01
   2.3490000e+03   2.0702716e-03   6.0423125e-03   9.9188742e-01
   2.3430000e+03   4.9388512e-04   5.5152183e-03   9.9399090e-01
   2.3440000e+03   9.9378766e-01   6.2123378e-03   1.0116842e-15
   2.3570000e+03   2.4015933e-04   5.1584454e-03   9.9460140e-01
   2.4590000e+03   7.4334336e-01   1.5517777e-01   1.0147886e-01
   1.6490000e+03   9.5175359e-01   4.4141601e-02   4.1048075e-03
   2.4520000e+03   6.6946327e-01   3.1444092e-01   1.6095810e-02
   2.4480000e+03   1.4882450e-02   7.6356331e-01   2.2155424e-01
   2.4550000e+03   2.5348516e-01   7.3433147e-01   1.2183371e-02
   2.4400000e+03   3.5138254e-02   9.8495973e-02   8.6636577e-01
   2.4500000e+03   7.2629723e-03   7.4296926e-02   9.1844010e-01
   1.6830000e+03   4.1073137e-03   1.0004726e-02   9.8588796e-01
   1.6730000e+03   4.2115829e-03   6.8068417e-03   9.8898158e-01
   2.4380000e+03   9.7193004e-01   2.6344860e-02   1.7251052e-03
   2.4310000e+03   4.0064171e-03   1.0385738e-02   9.8560785e-01
   2.4420000e+03   4.3385646e-03   1.0652977e-02   9.8500846e-01
   1.6950000e+03   3.7930541e-03   9.9331015e-03   9.8627384e-01
   1.6850000e+03   4.0396874e-03   1.0080870e-02   9.8587944e-01
   2.3800000e+03   1.8413305e-02   4.3705951e-01   5.4452718e-01
   2.4260000e+03   9.6993512e-01   5.3001110e-03   2.4764767e-02
   2.3830000e+03   1.8218370e-03   1.0333432e-02   9.8784473e-01
   2.4330000e+03   3.7884339e-03   1.0152460e-02   9.8605911e-01
   1.6970000e+03   8.8183062e-01   1.8339540e-02   9.9829836e-02
   1.6970000e+03   2.9874773e-03   1.0112322e-02   9.8690020e-01
   2.3850000e+03   7.7602452e-02   3.6169712e-01   5.6070043e-01
   2.3790000e+03   5.2388877e-01   3.2342327e-01   1.5268796e-01
   2.3950000e+03   9.7169942e-01   1.2648589e-02   1.5651987e-02
   2.3830000e+03   7.9880735e-01   8.0687427e-02   1.2050522e-01
   1.7170000e+03   4.0032464e-03   1.0740833e-02   9.8525592e-01
   1.7100000e+03   4.6558825e-01   7.9524147e-03   5.2645934e-01
   2.3870000e+03   2.2397719e-02   9.6107594e-01   1.6526337e-02
   2.3900000e+03   9.8040240e-01   5.1920378e-03   1.4405566e-02
   2.4020000e+03   1.1035660e-02   1.4281531e-03   9.8753619e-01
   1.7190000e+03   5.1243757e-03   1.0701884e-02   9.8417374e-01
   2.4010000e+03   6.9335149e-01   2.3011472e-01   7.6533793e-02
   2.4040000e+03   7.2933867e-02   4.5792518e-02   8.8127362e-01
   2.4130000e+03   8.4249615e-03   8.5927124e-03   9.8298233e-01
   3.4250000e+03   3.6096571e-01   1.3299503e-01   5.0603926e-01
   2.8860000e+03   2.3737058e-01   5.5712475e-01   2.0550467e-01
   3.5590000e+03   1.7602887e-01   2.5165330e-02   7.9880580e-01
   3.6250000e+03   9.9628298e-01   2.4198471e-03   1.2971771e-03
   3.6280000e+03   9.9677668e-01   2.3823488e-03   8.4097065e-04
   3.5580000e+03   9.9625700e-01   3.1177642e-03   6.2524027e-04
   3.5620000e+03   9.9601381e-01   3.1955334e-03   7.9065587e-04
   3.5930000e+03   3.7829118e-03   6.4775898e-04   9.9556933e-01
   3.5940000e+03   2.0169992e-01   6.6284812e-01   1.3545195e-01
   3.5660000e+03   9.9623347e-01   2.9143063e-03   8.5222845e-04
   3.5720000e+03   2.8215376e-02   4.7289839e-02   9.2449478e-01
   3.5760000e+03   2.3320734e-02   9.7905938e-02   8.7877333e-01
   3.5990000e+03   2.1028831e-03   3.3483335e-03   9.9454878e-01
   3.6410000e+03   7.6971458e-04   6.6676531e-01   3.3246498e-01
   3.5790000e+03   8.6497342e-01   2.1584405e-02   1.1344218e-01
   3.6420000e+03   2.9134161e-03   9.9653371e-01   5.5287155e-04
   3.5810000e+03   1.1102230e-16   3.1425967e-03   9.9685740e-01
   3.5850000e+03   3.1795839e-04   3.3761449e-03   9.9630590e-01
   3.5830000e+03   5.1605211e-04   2.9295084e-03   9.9655444e-01
   3.5840000e+03   9.9686595e-01   3.1340547e-03   1.2259389e-16
   3.5950000e+03   3.4620526e-03   8.3505768e-04   9.9570289e-01
   3.6310000e+03   9.9800656e-01   1.9101136e-03   8.3330600e-05
   3.5960000e+03   2.8413885e-02   7.2543627e-01   2.4614985e-01
   2.9850000e+03   2.4812357e-02   5.9677089e-01   3.7841675e-01
   2.9870000e+03   1.5953011e-02   2.6458963e-02   9.5758803e-01
   2.9900000e+03   1.0127729e-02   2.1926780e-03   9.8767959e-01
   3.6180000e+03   8.6863940e-04   4.1820171e-02   9.5731119e-01
   3.6200000e+03   2.8256440e-02   1.5589449e-01   8.1584907e-01
   2.9920000e+03   6.8057547e-01   3.1832561e-01   1.0989148e-03
   3.6240000e+03   9.2206325e-02   2.1218895e-01   6.9560472e-01
   3.6230000e+03   2.0166683e-02   3.2988924e-01   6.4994407e-01
   3.6300000e+03   2.3823803e-01   2.3207493e-01   5.2968704e-01
   3.6300000e+03   2.1295568e-01   6.3709821e-01   1.4994612e-01
   3.6340000e+03   7.2289518e-02   1.9876460e-01   7.2894588e-01
   3.0070000e+03   6.1662749e-02   2.2193665e-02   9.1614359e-01
   3.6360000e+03   3.2961218e-02   1.1773060e-02   9.5526572e-01
   3.6700000e+03   8.9032006e-04   5.1683350e-02   9.4742633e-01
   3.6400000e+03   1.9943962e-02   3.5764918e-01   6.2240686e-01
   3.6680000e+03   1.8377732e-01   7.7341556e-01   4.2807118e-02
   3.6470000e+03   9.9839026e-01   0.0000000e+00   1.6097417e-03
   3.6450000e+03   0.0000000e+00   1.0000000e+00   0.0000000e+00
   3.9100000e+03   9.3730724e-02   8.8469796e-01   2.1571312e-02
   3.6510000e+03   2.8795501e-01   5.5510023e-01   1.5694476e-01
   3.8100000e+03   3.5733405e-01   7.5853272e-02   5.6681268e-01
   3.9080000e+03   9.5567982e-03   9.7676147e-02   8.9276705e-01
   3.9110000e+03   4.2407683e-03   9.5781815e-01   3.7941084e-02
   3.8830000e+03   1.9944915e-02   9.7879161e-01   1.2634736e-03
   2.8620000e+03   2.1119798e-02   8.5292262e-01   1.2595758e-01
   3.8230000e+03   5.0882286e-02   2.5902311e-02   9.2321540e-01
   3.6630000e+03   5.6581517e-02   6.7449767e-02   8.7596872e-01
   3.0380000e+03   6.4351684e-01   5.5313359e-02   3.0116980e-01
   3.0570000e+03   5.2762854e-01   4.0893187e-01   6.3439590e-02
   3.1800000e+03   8.7481699e-01   8.1784737e-02   4.3398276e-02
   3.9240000e+03   3.1999206e-01   6.6812489e-01   1.1883057e-02
   3.8140000e+03   6.8659411e-02   9.3340341e-02   8.3800025e-01
   3.8290000e+03   2.0441859e-02   4.8691709e-01   4.9264105e-01
   3.8270000e+03   2.3195448e-02   3.1420207e-01   6.6260248e-01
   3.8280000e+03   3.9671249e-03   1.2369285e-03   9.9479595e-01
   3.8190000e+03   2.5079650e-01   7.4175663e-01   7.4468694e-03
   3.9130000e+03   6.1329859e-03   9.8678048e-01   7.0865306e-03
   3.8110000e+03   9.2482865e-01   5.7767753e-02   1.7403593e-02
   3.8180000e+03   1.2722636e-02   6.8856814e-01   2.9870922e-01
   3.8210000e+03   2.8216387e-03   3.1729388e-01   6.7988448e-01
   1.2659000e+04   7.7056391e-01   1.7738147e-01   5.2054620e-02
   3.8890000e+03   3.1711124e-02   3.0044656e-01   6.6784232e-01
   3.8870000e+03   1.7075088e-01   6.8200214e-01   1.4724698e-01
   3.8810000e+03   8.0186539e-01   1.7752336e-01   2.0611255e-02
   4.4400000e+03   2.9969107e-02   3.1191473e-02   9.3883942e-01
   3.8810000e+03   4.1425882e-01   5.4294778e-01   4.2793396e-02
   3.8820000e+03   4.9796416e-02   6.6465551e-01   2.8554808e-01
   3.8770000e+03   3.3046856e-02   7.0554482e-01   2.6140832e-01
   3.8780000e+03   0.0000000e+00   1.0000000e+00   0.0000000e+00
   3.8940000e+03   8.8803942e-01   1.0046184e-01   1.1498736e-02
   3.2630000e+03   7.5132928e-02   8.6792983e-01   5.6937237e-02
   3.2820000e+03   8.4835802e-01   1.3741799e-01   1.4223991e-02
   3.9190000e+03   9.2056935e-02   4.4182545e-02   8.6376052e-01
   3.9180000e+03   9.9358493e-03   1.8652653e-02   9.7141150e-01
   3.9120000e+03   1.1102230e-16   1.0000000e+00  -0.0000000e+00
   3.9190000e+03   8.0268369e-01   6.1043534e-02   1.3627278e-01
   3.9010000e+03   0.0000000e+00   1.0000000e+00  -0.0000000e+00
   3.8960000e+03   9.6205888e-01   1.5186954e-02   2.2754170e-02
   3.9070000e+03   1.8226022e-02   7.6504673e-01   2.1672725e-01
   3.8960000e+03   2.4181510e-01   6.9309590e-01   6.5088998e-02
   3.9000000e+03   7.1224764e-01   2.5149660e-01   3.6255756e-02
   3.8970000e+03   6.6220102e-01   2.0034305e-01   1.3745593e-01
   3.8980000e+03   5.0830101e-02   7.1683130e-01   2.3233860e-01
   3.8970000e+03   2.8873602e-01   6.9098721e-01   2.0276773e-02
   3.9180000e+03   2.5871929e-02   9.6177731e-01   1.2350765e-02
   2.9000000e+03   3.5474957e-03   9.9533793e-01   1.1145700e-03
   2.8630000e+03   1.4332235e-03   2.3288024e-03   9.9623797e-01
   2.8670000e+03   2.2705001e-03   1.9251412e-03   9.9580436e-01
   2.8960000e+03   3.6112649e-03   9.9543503e-01   9.5370093e-04
   2.8650000e+03   1.3063344e-03   2.4778464e-03   9.9621582e-01
   2.8690000e+03   2.1764216e-03   2.0137101e-03   9.9580987e-01
   2.3530000e+03   6.1582129e-04   4.6887429e-03   9.9469544e-01
   2.3390000e+03   1.0668530e-03   5.0798539e-03   9.9385329e-01
   2.3370000e+03   2.0313662e-03   5.6881602e-03   9.9228047e-01
   3.3590000e+03   5.9105865e-01   4.0246400e-01   6.4773485e-03
   3.0670000e+03   1.7554571e-01   8.2328301e-01   1.1712818e-03
   2.8780000e+03   2.6839961e-03   7.7638940e-03   9.8955211e-01
   2.2890000e+03   2.9320983e-03   8.3562155e-03   9.8871169e-01
   3.0660000e+03   2.1098342e-02   9.6930193e-01   9.5997308e-03
   2.8880000e+03   9.9324332e-01   2.8474547e-03   3.9092209e-03
   2.3020000e+03   3.1352022e-03   7.7971104e-03   9.8906769e-01
   2.9150000e+03   9.9496117e-01   3.6673330e-03   1.3714986e-03
   3.0950000e+03   4.0710759e-02   4.9366951e-01   4.6561973e-01
   3.0930000e+03   2.1216184e-02   5.1000549e-01   4.6877833e-01
   2.9130000e+03   9.9489352e-01   3.8857067e-03   1.2207752e-03
   2.8800000e+03   2.5024960e-02   5.1610236e-02   9.2336480e-01
   2.8910000e+03   6.7912300e-04   8.6622039e-01   1.3310048e-01
   2.3240000e+03   4.0336339e-03   6.7716932e-03   9.8919467e-01
   2.3160000e+03   4.5295669e-03   6.6519411e-03   9.8881849e-01
   2.3140000e+03   4.1636187e-03   7.3284718e-03   9.8850791e-01
   3.4170000e+03   3.4129376e-02   9.6475159e-01   1.1190294e-03
   2.9210000e+03   1.8507840e-02   5.0087396e-01   4.8061820e-01
   3.4240000e+03   2.8831744e-01   6.5744928e-01   5.4233277e-02
   2.8840000e+03   4.5339736e-01   4.6764125e-01   7.8961391e-02
   2.3040000e+03   3.5215211e-03   7.5067973e-03   9.8897168e-01
   2.8920000e+03   9.9372111e-01   3.2012179e-03   3.0776706e-03
   2.8930000e+03   9.9342618e-01   2.7725384e-03   3.8012820e-03
   2.9030000e+03   6.9564380e-04   3.1738042e-03   9.9613055e-01
   2.8940000e+03   3.3689025e-03   9.9589629e-01   7.3480681e-04
   2.8980000e+03   3.3286092e-03   9.9573202e-01   9.3937204e-04
   3.4330000e+03   2.0766467e-02   6.2718636e-02   9.1651490e-01
   2.9100000e+03   4.8144327e-01   5.0068435e-01   1.7872383e-02
   3.3810000e+03   4.1692315e-02   9.4819357e-01   1.0114114e-02
   2.3260000e+03   3.1814117e-03   6.3027801e-03   9.9051581e-01
   2.9170000e+03   9.9533253e-01   3.2079103e-03   1.4595627e-03
   2.9190000e+03   9.9535023e-01   3.1703414e-03   1.4794325e-03
   2.9220000e+03   2.2773482e-02   6.6879714e-01   3.0842937e-01
   2.9230000e+03   9.3906005e-01   5.1150771e-02   9.7891835e-03
   3.4520000e+03   8.7445690e-01   1.2998637e-02   1.1254446e-01
   2.9240000e+03   1.4086953e-02   8.1462392e-01   1.7128913e-01
   3.4140000e+03   4.3740323e-01   5.4630553e-01   1.6291233e-02
   2.9280000e+03   1.4235324e-03   7.2886596e-01   2.6971051e-01
   2.9300000e+03   3.4731463e-03   7.2577860e-04   9.9580108e-01
   2.9340000e+03   3.2558538e-03   8.4258329e-04   9.9590156e-01
   2.9320000e+03   3.4668637e-03   9.6389200e-04   9.9556924e-01
   2.9360000e+03   3.3160947e-03   9.6765193e-04   9.9571625e-01
   2.9610000e+03   9.9687881e-01   1.7451995e-03   1.3759865e-03
   2.9590000e+03   9.9705651e-01   1.7808048e-03   1.1626813e-03
   3.0030000e+03   1.0283520e-01   7.1638488e-01   1.8077993e-01
   2.9410000e+03   3.2410636e-03   1.0935585e-03   9.9566538e-01
   2.9370000e+03   7.8340614e-01   2.1142626e-01   5.1676021e-03
   2.9420000e+03   2.7273334e-03   9.3442385e-04   9.9633824e-01
   2.9390000e+03   5.8790165e-01   1.2711218e-01   2.8498617e-01
   2.9380000e+03   2.6969803e-02   9.2197204e-01   5.1058153e-02
   2.9720000e+03   2.8294507e-03   6.8580842e-04   9.9648474e-01
   3.0150000e+03   1.8674586e-03   0.0000000e+00   9.9813254e-01
   2.9430000e+03   3.0969559e-03   9.9690304e-01   1.5549501e-16
   2.9500000e+03   1.9506965e-15   9.9645581e-01   3.5441925e-03
   3.0200000e+03   1.8267851e-03   9.9817321e-01   0.0000000e+00
   2.9450000e+03   0.0000000e+00   1.0000000e+00  -0.0000000e+00
   2.9490000e+03   4.0927316e-03   9.9590727e-01   0.0000000e+00
   2.9520000e+03   3.1866929e-03   6.7757053e-04   9.9613574e-01
   2.9560000e+03   2.6983465e-03   8.7453148e-04   9.9642712e-01
   2.9540000e+03   1.2206870e-02   2.9125649e-02   9.5866748e-01
   2.9580000e+03   2.8318273e-03   8.6691316e-04   9.9630126e-01
   2.9630000e+03   9.9716814e-01   1.5376101e-03   1.2942487e-03
   2.9650000e+03   9.9760555e-01   6.7806236e-04   1.7163893e-03
   2.9700000e+03   3.2701353e-03   3.0581231e-04   9.9642405e-01
   2.9740000e+03   2.7721224e-03   7.7470873e-04   9.9645317e-01
   3.0500000e+03   8.0161556e-01   1.3919528e-01   5.9189163e-02
   3.0020000e+03   2.1821162e-03   1.8140179e-03   9.9600387e-01
   3.0020000e+03   6.7355517e-01   3.3613286e-02   2.9283154e-01
   3.0040000e+03   1.4562829e-01   2.2704543e-01   6.2732629e-01
   3.4040000e+03   1.3950808e-02   1.0385408e-01   8.8219511e-01
   2.2610000e+03   9.9003804e-01   1.8419297e-03   8.1200333e-03
   3.4130000e+03   9.1956128e-05   9.9594517e-01   3.9628751e-03
   3.3630000e+03   2.6272209e-02   4.6550539e-01   5.0822240e-01
   3.0170000e+03   1.6690435e-03   9.5235088e-04   9.9737861e-01
   3.0220000e+03   2.2272758e-03   9.9777272e-01   0.0000000e+00
   3.2780000e+03   2.3862966e-02   8.1340181e-01   1.6273523e-01
   3.2680000e+03   3.8871639e-01   4.0255461e-01   2.0872900e-01
   3.2310000e+03   3.6921171e-01   5.9105992e-01   3.9728370e-02
   3.0280000e+03   1.8311973e-03   1.9682907e-03   9.9620051e-01
   3.2430000e+03   1.8230027e-03   3.3166170e-03   9.9486038e-01
   3.0370000e+03   2.6281448e-02   8.8708082e-02   8.8501047e-01
   3.0290000e+03   3.7234407e-02   8.7676600e-01   8.5999593e-02
   3.0310000e+03   3.0105625e-03   2.9025063e-03   9.9408693e-01
   3.0350000e+03   2.4148391e-03   9.9237225e-01   5.2129095e-03
   3.2460000e+03   4.4648364e-02   9.1503046e-01   4.0321180e-02
   3.0350000e+03   1.8741800e-03   0.0000000e+00   9.9812582e-01
   2.8590000e+03   1.0000000e+00  -0.0000000e+00  -0.0000000e+00
   2.8590000e+03   1.1102230e-16   0.0000000e+00   1.0000000e+00
   3.2860000e+03   1.0823846e-01   1.2286105e-01   7.6890048e-01
   3.0580000e+03   3.1680747e-01   8.6574575e-02   5.9661795e-01
   3.0510000e+03   6.2636605e-01   3.6288870e-01   1.0745253e-02
   3.0520000e+03   9.8258122e-03   9.0298103e-01   8.7193162e-02
   1.0110000e+04   4.3425149e-04   9.7592005e-03   9.8980655e-01
   3.0440000e+03   8.3592421e-03   6.4933923e-01   3.4230153e-01
   3.0460000e+03   4.6672622e-03   9.6572732e-01   2.9605418e-02
   3.3480000e+03   1.3829780e-02   2.8350971e-02   9.5781925e-01
   3.3500000e+03   1.6476499e-03   7.2656983e-03   9.9108665e-01
   3.1230000e+03   1.2432783e-02   5.6441108e-02   9.3112611e-01
   3.1210000e+03   1.5113632e-02   6.7782835e-02   9.1710353e-01
   3.1150000e+03   9.8006935e-01   7.6859840e-03   1.2244666e-02
   3.1070000e+03   3.4918308e-01   6.1164912e-01   3.9167804e-02
   3.1050000e+03   3.8042899e-01   6.0333772e-01   1.6233294e-02
   3.1060000e+03   1.6058059e-03   2.0852091e-02   9.7754210e-01
   3.0960000e+03   5.6939356e-02   9.3335644e-01   9.7042071e-03
   3.1160000e+03   1.3982709e-03   5.1002111e-03   9.9350152e-01
   3.1140000e+03   2.1354818e-03   5.7438805e-03   9.9212064e-01
   3.1570000e+03   8.7521598e-03   6.7726697e-01   3.1398087e-01
   3.1550000e+03   1.4202437e-02   9.8360874e-01   2.1888241e-03
   3.0970000e+03   6.5774975e-01   3.3050116e-01   1.1749081e-02
   3.0990000e+03   2.1450739e-02   9.5839469e-01   2.0154573e-02
   3.0980000e+03   3.6029920e-03   9.4272574e-01   5.3671263e-02
   3.0820000e+03   9.8875286e-01   3.5123179e-03   7.7348208e-03
   3.0710000e+03   6.2076406e-01   3.4949494e-01   2.9741005e-02
   3.0880000e+03   2.9420892e-03   8.1073828e-03   9.8895053e-01
   3.0910000e+03   1.4821236e-02   2.6325463e-01   7.2192413e-01
   3.0900000e+03   1.7694593e-02   3.0519160e-01   6.7711380e-01
   3.0700000e+03   6.8837287e-01   2.9642189e-01   1.5205246e-02
   3.1450000e+03   1.3157449e-02   4.1948759e-01   5.6735496e-01
   3.0760000e+03   1.7176133e-03   7.1703907e-03   9.9111200e-01
   3.0640000e+03   4.2536940e-01   5.6679110e-01   7.8394950e-03
   3.0790000e+03   9.1824805e-01   5.1687066e-02   3.0064888e-02
   3.1360000e+03   5.1570480e-01   4.8019797e-01   4.0972265e-03
   3.0600000e+03   4.2247353e-02   8.7148032e-03   9.4903784e-01
   3.0630000e+03   6.6466950e-01   3.2635743e-01   8.9730788e-03
   3.0680000e+03   6.7928544e-03   1.1491786e-02   9.8171536e-01
   3.0610000e+03   4.3987450e-02   1.0526567e-02   9.4548598e-01
   3.3770000e+03   1.1439938e-03   3.8288298e-02   9.6056771e-01
   3.0610000e+03   6.8931812e-01   1.4971592e-02   2.9571029e-01
   3.1680000e+03   6.3995881e-03   2.6627446e-02   9.6697297e-01
   1.0115000e+04   8.5229048e-02   8.9264271e-01   2.2128239e-02
   3.1630000e+03   1.4270999e-02   9.8172785e-01   4.0011485e-03
   3.1640000e+03   1.3505355e-02   6.3957387e-02   9.2253726e-01
   3.1320000e+03   4.6744482e-01   5.2654008e-01   6.0150951e-03
   3.1330000e+03   4.7867837e-01   5.1638037e-01   4.9412545e-03
   3.1430000e+03   2.3914939e-01   7.3402808e-01   2.6822535e-02
   3.1460000e+03   8.9032414e-01   8.2044645e-02   2.7631213e-02
   3.1430000e+03   9.1493986e-01   5.3967546e-02   3.1092597e-02
   3.1420000e+03   9.6243125e-01   2.2270202e-02   1.5298549e-02
   3.1500000e+03   9.6843802e-01   3.0369562e-02   1.1924163e-03
   3.1550000e+03   1.0534819e-02   2.0331957e-01   7.8614561e-01
   1.0091000e+04   5.2707444e-02   9.1792939e-01   2.9363170e-02
   3.1600000e+03   4.0278029e-01   5.8924932e-01   7.9703955e-03
   3.1620000e+03   9.5248253e-01   9.0224571e-03   3.8495009e-02
   1.0101000e+04   2.7462979e-01   7.1336692e-01   1.2003293e-02
   3.1750000e+03   9.0430300e-01   7.4521131e-02   2.1175866e-02
   3.3490000e+03   6.4066249e-03   9.8347218e-01   1.0121192e-02
   3.1790000e+03   3.5776032e-02   7.2235152e-01   2.4187245e-01
   3.1760000e+03   7.3997636e-02   4.9010815e-01   4.3589421e-01
   3.2400000e+03   7.3804108e-02   8.8628820e-01   3.9907690e-02
   3.2290000e+03   1.3625638e-01   8.6319187e-01   5.5175569e-04
   3.2190000e+03   0.0000000e+00   1.0000000e+00  -0.0000000e+00
   3.2330000e+03   3.0633834e-01   6.8934991e-01   4.3117509e-03
   3.2340000e+03   1.5685483e-02   5.7103121e-01   4.1328331e-01
   3.2390000e+03   1.0533795e-02   1.8648482e-01   8.0298139e-01
   3.2380000e+03   2.4156714e-02   1.8064229e-01   7.9520100e-01
   3.2230000e+03   9.0723732e-01   5.3659478e-02   3.9103206e-02
   3.2220000e+03   5.0791098e-01   4.7541420e-01   1.6674818e-02
   3.2230000e+03   1.1881878e-02   4.9870833e-01   4.8940979e-01
   3.2250000e+03   9.9595565e-01   2.7410072e-03   1.3033463e-03
   3.2150000e+03   9.9589918e-01   1.9914775e-03   2.1093424e-03
   3.2460000e+03   3.4629110e-02   3.8073336e-01   5.8463753e-01
   3.3330000e+03   9.3058633e-01   4.6935626e-02   2.2478046e-02
   3.2070000e+03   1.1499561e-01   8.7378436e-01   1.1220025e-02
   3.3380000e+03   6.2779763e-03   2.9866895e-03   9.9073533e-01
   3.2120000e+03   7.8289468e-02   4.4575755e-01   4.7595298e-01
   3.3370000e+03   1.9824739e-01   1.1660735e-01   6.8514526e-01
   3.2130000e+03   9.9534483e-01   1.7286219e-03   2.9265495e-03
   3.2000000e+03   3.4477558e-01   2.8763494e-01   3.6758948e-01
   3.1930000e+03   4.0114898e-01   5.5930003e-01   3.9550983e-02
   3.2030000e+03   4.5336162e-02   8.5595951e-01   9.8704325e-02
   3.2980000e+03   2.0509320e-02   1.2267008e-01   8.5682060e-01
   9.8060000e+03   5.2089533e-02   9.3379316e-01   1.4117309e-02
   3.3050000e+03   1.9547162e-01   2.3113333e-02   7.8141505e-01
   3.3070000e+03   4.2701982e-01   2.4966111e-01   3.2331907e-01
   9.7840000e+03   2.0034686e-01   7.5685293e-01   4.2800207e-02
   9.7860000e+03   1.9249766e-01   7.5537586e-01   5.2126482e-02
   3.3070000e+03   7.1241727e-01   2.8285367e-01   4.7290599e-03
   3.3060000e+03   2.5894156e-01   7.3327955e-01   7.7788868e-03
   9.8330000e+03   8.5597080e-01   1.0228857e-02   1.3380035e-01
   3.3140000e+03   2.6279752e-02   2.8091887e-01   6.9280138e-01
   3.3200000e+03   3.4767376e-01   3.7049780e-01   2.8182845e-01
   3.1900000e+03   7.6434624e-01   2.2812370e-01   7.5300540e-03
   3.1910000e+03   7.7539679e-03   1.6930340e-01   8.2294263e-01
   3.3280000e+03   1.7773557e-02   7.1635999e-01   2.6586646e-01
   3.3270000e+03   4.9665283e-03   6.8060767e-01   3.1442580e-01
   3.1810000e+03   8.5475307e-01   1.2856085e-01   1.6686075e-02
   3.2590000e+03   9.6981325e-01   1.5634708e-02   1.4552042e-02
   3.2600000e+03   3.0252319e-01   5.9119633e-01   1.0628049e-01
   3.2570000e+03   5.0398119e-01   7.4422641e-03   4.8857654e-01
   3.2930000e+03   8.5480853e-03   6.1906345e-01   3.7238846e-01
   3.2920000e+03   7.6473837e-02   8.9904151e-01   2.4484651e-02
   3.2480000e+03   4.3878006e-01   5.4452368e-01   1.6696260e-02
   4.1460000e+03   1.6505049e-01   7.8958106e-01   4.5368447e-02
   3.2460000e+03   7.3385810e-01   9.4627561e-02   1.7151434e-01
   3.2450000e+03   9.1793530e-03   2.3566743e-01   7.5515321e-01
   3.2830000e+03   1.3248541e-01   4.1508900e-01   4.5242559e-01
   3.2730000e+03   2.8793633e-01   4.4440122e-01   2.6766245e-01
   3.2880000e+03   2.8859312e-02   8.1813044e-01   1.5301024e-01
   3.2760000e+03   2.5720166e-01   5.3679614e-01   2.0600221e-01
   3.2890000e+03   9.8074165e-03   9.1756937e-02   8.9843565e-01
   3.2670000e+03   0.0000000e+00   0.0000000e+00   1.0000000e+00
   3.2670000e+03   0.0000000e+00   1.0000000e+00  -0.0000000e+00
   3.3310000e+03   8.0977992e-02   5.6539318e-01   3.5362883e-01
   4.3790000e+03   3.6843107e-02   3.2764806e-01   6.3550884e-01
   3.4740000e+03   3.3908261e-01   1.7832054e-01   4.8259685e-01
   3.3140000e+03   2.0159323e-01   7.8754828e-01   1.0858489e-02
   3.3210000e+03   2.8047173e-01   6.8085436e-01   3.8673910e-02
   3.4750000e+03   3.8886249e-01   1.5725417e-01   4.5388334e-01
   3.3240000e+03   3.8975439e-01   4.3581194e-01   1.7443368e-01
   3.3160000e+03   4.8483457e-01   3.0754806e-01   2.0761737e-01
   4.3690000e+03   9.1281635e-01   3.7426675e-02   4.9756971e-02
   3.3150000e+03   1.1978152e-03   2.3338444e-01   7.6541775e-01
   4.3580000e+03   2.9128179e-01   7.1566132e-02   6.3715207e-01
   4.3570000e+03   1.3852770e-01   1.1515072e-01   7.4632159e-01
   3.2960000e+03   3.3952928e-02   9.6023718e-01   5.8098930e-03
   3.3390000e+03   3.0820877e-02   7.1198701e-01   2.5719212e-01
   3.3010000e+03   3.9816230e-02   3.0414580e-01   6.5603797e-01
   4.1590000e+03   1.2382095e-01   1.1172674e-02   8.6500638e-01
   3.3320000e+03   5.3493863e-02   9.1750085e-02   8.5475605e-01
   3.3400000e+03   1.2001606e-02   4.0171225e-03   9.8398127e-01
   3.3470000e+03   1.2331107e-02   9.8492167e-01   2.7472214e-03
   3.3440000e+03   1.0410656e-02   9.8864133e-01   9.4801725e-04
   3.3610000e+03   2.2198493e-03   4.4116578e-03   9.9336849e-01
   3.3780000e+03   3.7989804e-01   6.0667746e-01   1.3424493e-02
   3.3830000e+03   5.4935057e-01   4.2327846e-01   2.7370971e-02
   3.4780000e+03   4.2245174e-02   5.7407091e-01   3.8368392e-01
   3.4060000e+03   1.6464447e-03   8.8286225e-01   1.1549131e-01
   3.4020000e+03   3.0886472e-02   9.6723600e-01   1.8775267e-03
   3.3700000e+03   1.8546363e-03   1.9592293e-01   8.0222244e-01
   3.3690000e+03   1.2209668e-03   2.3063841e-01   7.6814062e-01
   3.3920000e+03   5.8178722e-03   9.9238879e-01   1.7933330e-03
   3.3950000e+03   8.1425886e-03   9.9049227e-01   1.3651463e-03
   1.0119000e+04   1.3689770e-02   9.8572354e-01   5.8669195e-04
   1.0195000e+04   3.4675037e-03   4.5366769e-02   9.5116573e-01
   3.3900000e+03   2.4167189e-03   9.4732610e-03   9.8811002e-01
   3.3970000e+03   2.7670388e-03   6.3769384e-03   9.9085602e-01
   3.3930000e+03   3.0907143e-03   3.1280138e-03   9.9378127e-01
   3.4080000e+03   6.7427059e-02   9.2755953e-01   5.0134098e-03
   3.4200000e+03   8.8831297e-03   9.4827585e-01   4.2841024e-02
   3.4170000e+03   5.6950924e-01   4.1094042e-01   1.9550339e-02
   3.4520000e+03   3.9009046e-01   3.3215447e-02   5.7669410e-01
   3.4140000e+03   6.0748076e-02   9.3288495e-01   6.3669717e-03
   3.4370000e+03   1.4531012e-02   3.4350378e-01   6.4196521e-01
   3.4300000e+03   2.8607326e-02   5.3850660e-01   4.3288608e-01
   3.4290000e+03   1.8308367e-02   7.2902699e-01   2.5266464e-01
   3.4450000e+03   9.4073024e-02   3.3119764e-01   5.7472934e-01
   3.4400000e+03   6.9641901e-03   3.9465976e-01   5.9837605e-01
   3.4420000e+03   4.1176906e-03   7.3994140e-01   2.5594091e-01
   3.4530000e+03   2.9506529e-02   4.5158966e-01   5.1890381e-01
   3.4460000e+03   3.8424886e-02   8.7663936e-01   8.4935751e-02
   3.4550000e+03   5.7403652e-01   2.7565117e-01   1.5031231e-01
   3.4510000e+03   4.7383068e-03   7.1218477e-01   2.8307692e-01
   3.4620000e+03   5.1177425e-01   8.3309636e-02   4.0491611e-01
   3.4680000e+03   4.3335766e-01   2.0367372e-01   3.6296862e-01
   3.4570000e+03   4.3031186e-02   9.1177818e-01   4.5190638e-02
   3.4690000e+03   1.4346185e-02   7.2580710e-01   2.5984671e-01
   3.4730000e+03   2.5447750e-01   6.3776379e-01   1.0775871e-01
   4.3890000e+03   5.1439932e-02   2.3295513e-01   7.1560494e-01
   3.4910000e+03   2.3317154e-02   8.0661918e-01   1.7006367e-01
   3.4840000e+03   8.3164850e-03   1.5262995e-02   9.7642052e-01
   3.4870000e+03   1.3548058e-01   5.4093439e-01   3.2358503e-01
   3.4810000e+03   1.0816396e-02   9.4461501e-01   4.4568598e-02
   2.5340000e+03   1.1780576e-03   5.4160499e-03   9.9340589e-01
   3.4820000e+03   9.3697409e-01   4.1949840e-02   2.1076072e-02
   4.4140000e+03   2.5303616e-03   1.6001640e-03   9.9586947e-01
   4.4260000e+03   5.0142936e-01   4.8510752e-01   1.3463123e-02
   4.4180000e+03   1.1081597e-02   2.3694654e-02   9.6522375e-01
   4.4330000e+03   9.6946997e-01   1.1011503e-02   1.9518525e-02
   4.4410000e+03   1.7534248e-02   1.8939253e-01   7.9307322e-01
   4.4220000e+03   3.9347964e-02   9.6848689e-03   9.5096717e-01
   4.4430000e+03   8.4408301e-02   6.1002740e-01   3.0556430e-01
   4.6340000e+03   6.2931654e-01   3.3261354e-01   3.8069916e-02
   4.4280000e+03   4.6273387e-01   5.2620287e-01   1.1063267e-02
   4.1560000e+03   2.7129136e-01   5.5857345e-01   1.7013519e-01
   4.4350000e+03   2.9984037e-01   6.0282961e-01   9.7330025e-02
   4.1310000e+03   1.9599582e-01   1.9722919e-01   6.0677499e-01
   4.4240000e+03   4.4945705e-01   1.9676973e-01   3.5377322e-01
   4.2850000e+03   4.7221066e-01   3.1698505e-03   5.2461949e-01
   4.5750000e+03   4.2199707e-01   5.2367729e-01   5.4325632e-02
   4.6370000e+03   1.0315031e-01   7.6684000e-01   1.3000969e-01
   4.6320000e+03   4.8179012e-01   5.1806224e-01   1.4763797e-04
   4.4460000e+03   2.5950002e-02   2.5621752e-01   7.1783247e-01
   4.4450000e+03   1.8393011e-02   2.7573999e-01   7.0586700e-01
   3.2640000e+03   8.8592226e-01   2.1050874e-02   9.3026861e-02
   5.1170000e+03   9.5897376e-01   2.1342730e-02   1.9683511e-02
   4.4930000e+03   1.0594053e-02   8.9686085e-01   9.2545095e-02
   4.5490000e+03   1.3439772e-01   4.1262079e-01   4.5298149e-01
   4.4920000e+03   6.9948697e-01   2.4834527e-01   5.2167760e-02
   4.4600000e+03   5.7910533e-01   9.4931351e-02   3.2596332e-01
   4.4630000e+03   9.2826237e-03   9.6668929e-01   2.4028082e-02
   4.5170000e+03   2.7832782e-02   9.5201824e-01   2.0148981e-02
   5.1060000e+03   6.0205679e-01   3.4977822e-01   4.8164987e-02
   4.5450000e+03   7.6204656e-03   1.0475439e-02   9.8190410e-01
   4.5440000e+03   1.9398145e-02   4.1288301e-02   9.3931355e-01
   4.1720000e+03   7.2554392e-03   7.4341457e-01   2.4932999e-01
   5.0610000e+03   1.5388740e-01   1.4009484e-01   7.0601776e-01
   4.4970000e+03   1.4665301e-01   8.3904377e-01   1.4303221e-02
   4.4650000e+03   5.2401598e-01   1.4616293e-01   3.2982109e-01
   4.1720000e+03   8.6982653e-01   7.4626626e-02   5.5546847e-02
   5.1010000e+03   1.5060800e-02   1.3720162e-01   8.4773758e-01
   4.4720000e+03   7.2564050e-01   2.2310461e-01   5.1254896e-02
   4.5140000e+03   1.9993409e-01   7.4608164e-01   5.3984263e-02
   5.0940000e+03   9.3011183e-01   5.1459861e-02   1.8428313e-02
   4.4770000e+03   1.0213478e-02   9.7983204e-01   9.9544849e-03
   4.4920000e+03   6.5628921e-02   9.2695669e-01   7.4143937e-03
   4.5220000e+03   7.9955989e-01   1.7536896e-01   2.5071151e-02
   5.1110000e+03   2.3817869e-02   8.8869270e-01   8.7489426e-02
   4.7020000e+03   1.4501556e-02   9.0024721e-01   8.5251239e-02
   4.4960000e+03   1.5393401e-02   8.1372763e-01   1.7087896e-01
   4.4980000e+03   3.5093679e-02   4.9278556e-01   4.7212076e-01
   4.4980000e+03   2.1684548e-04   8.0146298e-01   1.9832017e-01
   4.5380000e+03   8.6568464e-03   9.0911830e-01   8.2224854e-02
   4.5390000e+03   9.1380804e-01   1.7248853e-03   8.4467070e-02
   4.5410000e+03   8.0314432e-03   1.4799708e-01   8.4397148e-01
   4.5070000e+03   6.4283124e-01   3.1627234e-01   4.0896421e-02
   4.5780000e+03   2.5994435e-02   9.3901414e-01   3.4991430e-02
   4.5240000e+03   2.3846524e-01   7.0381846e-01   5.7716305e-02
   4.5210000e+03   1.1731472e-02   9.8776919e-01   4.9933650e-04
   4.6100000e+03   7.2478163e-01   1.8157172e-01   9.3646655e-02
   4.5460000e+03   9.1717019e-01   2.4997303e-02   5.7832512e-02
   4.5460000e+03   1.8822526e-02   5.3537429e-03   9.7582373e-01
   4.5720000e+03   1.8908657e-01   5.7824672e-02   7.5308876e-01
   4.5480000e+03   8.1008335e-01   1.5158358e-01   3.8333073e-02
   4.5400000e+03   9.0731636e-02   1.7974245e-03   9.0747094e-01
   4.5440000e+03   2.4309947e-02   9.5875226e-01   1.6937789e-02
   4.5430000e+03   1.8941276e-01   8.0557043e-01   5.0168107e-03
   4.5520000e+03   5.1539263e-03   7.7036039e-02   9.1781003e-01
   4.5670000e+03   9.1492542e-01   2.9793369e-02   5.5281215e-02
   4.6280000e+03   7.8808750e-01   9.3996900e-02   1.1791560e-01
   4.5630000e+03   4.2718856e-02   1.1958357e-01   8.3769758e-01
   4.5650000e+03   2.2069291e-03   3.4426204e-01   6.5353103e-01
   4.6390000e+03   7.6163161e-01   6.2896470e-02   1.7547192e-01
   4.5720000e+03   8.0001707e-01   1.0118046e-01   9.8802472e-02
   4.5730000e+03   6.9661320e-03   5.0786742e-01   4.8516645e-01
   4.3820000e+03   3.6574164e-01   5.8138012e-01   5.2878244e-02
   4.5780000e+03   6.8952855e-02   4.0809568e-03   9.2696619e-01
   3.9270000e+03   2.3611775e-02   6.6497517e-01   3.1141306e-01
   4.5810000e+03   3.8188504e-03   4.8888189e-01   5.0729926e-01
   4.6260000e+03   2.8140268e-01   7.8018955e-03   7.1079543e-01
   4.6050000e+03   3.1748986e-01   3.2534220e-01   3.5716795e-01
   4.6080000e+03   2.7148770e-01   5.4995866e-01   1.7855364e-01
   4.6430000e+03   1.6897951e-02   9.1520745e-01   6.7894594e-02
   4.7030000e+03   5.5727421e-01   6.5594341e-02   3.7713145e-01
   4.1220000e+03   3.4748770e-02   2.1810454e-01   7.4714669e-01
   4.3850000e+03   6.9035076e-02   7.3675047e-01   1.9421446e-01
   4.1360000e+03   9.6503285e-01   9.9283550e-03   2.5038799e-02
   4.1230000e+03   8.6939384e-01   2.3321440e-02   1.0728472e-01
   4.1430000e+03   8.0518685e-01   9.4120246e-02   1.0069290e-01
   4.1340000e+03   3.9782299e-02   2.3272009e-01   7.2749761e-01
   4.1270000e+03   3.7023540e-01   4.7852456e-02   5.8191215e-01
   4.2760000e+03   9.8128235e-01   1.8292245e-02   4.2540215e-04
   4.2760000e+03   1.9803780e-02   8.7896078e-01   1.0123544e-01
   4.1290000e+03   9.2509722e-01   2.8361279e-03   7.2066654e-02
   4.1370000e+03   4.3471166e-02   6.7169180e-01   2.8483703e-01
   4.1500000e+03   4.0811017e-01   5.5129420e-01   4.0595628e-02
   4.2840000e+03   7.1991627e-02   4.8452750e-01   4.4348087e-01
   4.1520000e+03   2.5988096e-01   7.1771194e-01   2.2407109e-02
   4.1410000e+03   2.2707737e-01   2.8333934e-01   4.8958329e-01
   4.3470000e+03   8.4423577e-01   2.9743603e-02   1.2602063e-01
   4.1340000e+03   1.6044747e-02   9.8177420e-01   2.1810554e-03
   3.2580000e+03   6.0781416e-01   3.7963147e-01   1.2554364e-02
   3.2550000e+03   1.6187071e-02   2.4125738e-02   9.5968719e-01
   4.1370000e+03   1.8286404e-02   1.5566945e-01   8.2604414e-01
   4.1460000e+03   7.4144007e-01   7.5368165e-02   1.8319176e-01
   3.2470000e+03   3.3777027e-02   7.5430014e-02   8.9079296e-01
   4.1440000e+03   4.6805865e-02   5.7130952e-01   3.8188462e-01
   4.1430000e+03   6.1745168e-02   4.9822673e-01   4.4002811e-01
   4.3500000e+03   1.9315333e-01   3.2345770e-01   4.8338897e-01
   4.3500000e+03   7.3853784e-02   8.7633378e-01   4.9812440e-02
   4.1610000e+03   9.5986988e-01   7.1995754e-03   3.2930541e-02
   4.1950000e+03   4.6512137e-03   4.0376588e-02   9.5497220e-01
   4.1630000e+03   5.1784410e-01   2.0600861e-02   4.6155504e-01
   4.1650000e+03   3.3766486e-02   3.1011509e-01   6.5611843e-01
   4.1640000e+03   9.5604363e-01   8.9007131e-03   3.5055657e-02
   4.1660000e+03   9.4294079e-02   1.8172248e-01   7.2398344e-01
   4.2080000e+03   2.9879454e-02   7.8433885e-02   8.9168666e-01
   4.1670000e+03   5.3351905e-01   6.1065494e-02   4.0541546e-01
   4.2800000e+03   8.0642207e-01   1.8856547e-01   5.0124613e-03
   4.8490000e+03   9.6899317e-01   2.3123198e-02   7.8836327e-03
   4.2550000e+03   5.1790509e-02   1.7907695e-02   9.3030180e-01
   4.8500000e+03   2.9504655e-02   4.1196618e-01   5.5852916e-01
   4.1700000e+03   5.7316237e-03   5.7063532e-03   9.8856202e-01
   4.2110000e+03   9.8360617e-01   1.3323120e-02   3.0707064e-03
   4.1740000e+03   2.3741461e-02   1.1343399e-01   8.6282455e-01
   4.1740000e+03   1.5839430e-01   4.4660759e-01   3.9499810e-01
   4.1770000e+03   8.3766647e-03   7.9317303e-02   9.1230603e-01
   4.1940000e+03   6.8334022e-03   1.5310364e-03   9.9163556e-01
   4.1760000e+03   1.0596561e-01   3.6311836e-01   5.3091602e-01
   4.1760000e+03   1.6016125e-02   9.6553423e-01   1.8449640e-02
   4.1780000e+03   6.7177189e-01   5.1805012e-02   2.7642310e-01
