   2.5000000e+01   1.0882376e-02   2.1484943e-01   7.7426820e-01
   1.1960000e+03   3.8521134e-01   3.3327849e-01   2.8151018e-01
   1.6923000e+04   9.9313482e-01   2.8900965e-03   3.9750853e-03
   5.4300000e+02   2.1235847e-04   9.9977121e-01   1.6432121e-05
   5.7700000e+02   6.7973058e-04   9.9898971e-01   3.3055698e-04
   5.7500000e+02   8.4205216e-02   7.0716442e-01   2.0863036e-01
   5.7600000e+02   3.0433717e-03   9.9569211e-01   1.2645231e-03
   2.5900000e+02   6.4415559e-01   2.4285639e-01   1.1298802e-01
   6.0200000e+02   9.4140395e-01   2.6155515e-02   3.2440533e-02
   6.0000000e+02   1.3568123e-01   7.4780240e-01   1.1651637e-01
   6.0300000e+02   5.1115721e-03   9.6231306e-01   3.2575368e-02
   5.0000000e+00   7.9806527e-01   1.3116328e-02   1.8881840e-01
   7.8000000e+01   2.1893694e-02   7.5730886e-01   2.2079745e-01
   8.0000000e+00   2.7936291e-02   5.4671394e-01   4.2534977e-01
   9.0000000e+00   6.7678936e-01   1.0176098e-03   3.2219303e-01
   1.9000000e+01   4.6693838e-01   4.8802901e-01   4.5032608e-02
   1.8000000e+01   6.4858440e-01   1.5134767e-01   2.0006793e-01
   1.5000000e+01   8.5782195e-02   4.2739130e-01   4.8682651e-01
   1.1000000e+01   6.4442567e-01   5.4578391e-02   3.0099594e-01
   6.7500000e+02   4.1326643e-01   5.1845928e-01   6.8274290e-02
   2.8200000e+02   2.7095402e-01   1.6433339e-01   5.6471259e-01
   1.2000000e+01   2.7448940e-02   5.9548425e-03   9.6659622e-01
   1.8000000e+01   9.4911444e-02   7.2022753e-03   8.9788628e-01
   1.8300000e+02   7.2025131e-01   2.5427057e-01   2.5478116e-02
   2.2000000e+01   1.5360177e-01   7.4676445e-02   7.7172178e-01
   1.8900000e+02   8.8805204e-02   8.5356194e-01   5.7632854e-02
   2.3000000e+01   5.1792644e-01   1.9714423e-01   2.8492933e-01
   2.8800000e+02   3.7261187e-02   9.5453041e-01   8.2084042e-03
   2.7000000e+01   7.4695827e-03   9.1037632e-02   9.0149279e-01
   2.8000000e+01   2.0213545e-02   9.4094206e-01   3.8844398e-02
   7.5900000e+02   7.8834682e-01   1.1673997e-01   9.4913207e-02
   4.8000000e+01   6.2966326e-01   3.1881460e-01   5.1522140e-02
   1.6083000e+04   3.7166437e-02   4.4352002e-02   9.1848156e-01
   2.0900000e+02   8.4099215e-01   7.5935038e-04   1.5824850e-01
   1.6070000e+04   2.3051841e-01   4.1922830e-01   3.5025329e-01
   1.6079000e+04   2.0079627e-01   5.5805189e-02   7.4339854e-01
   3.4000000e+01   3.4156260e-02   9.6236755e-01   3.4761863e-03
   4.0000000e+01   3.8182203e-03   3.3861915e-02   9.6231987e-01
   4.2000000e+01   9.8997668e-01   1.3464316e-03   8.6768868e-03
   6.2000000e+01   9.4442691e-01   9.4397988e-03   4.6133288e-02
   3.9000000e+01   2.6140622e-01   6.2169402e-01   1.1689976e-01
   4.7000000e+01   2.6430690e-01   1.1413738e-01   6.2155572e-01
   4.7000000e+01   7.2143094e-03   9.7130056e-01   2.1485127e-02
   4.6000000e+01   8.3156260e-02   9.1295544e-01   3.8882977e-03
   1.1900000e+02   5.1103048e-02   2.5304940e-02   9.2359201e-01
   1.1800000e+02   5.1751168e-01   1.1411675e-01   3.6837157e-01
   7.7900000e+02   9.1896945e-04   9.7774622e-01   2.1334808e-02
   2.0000000e+02   1.8402821e-02   9.2523602e-01   5.6361158e-02
   3.8000000e+01   5.4160701e-02   8.6879815e-01   7.7041152e-02
   6.1000000e+01   3.6958400e-02   8.6529401e-01   9.7747592e-02
   6.1000000e+01   7.7921678e-01   1.0459146e-01   1.1619177e-01
   2.5400000e+02   1.2115198e-02   9.5243590e-01   3.5448902e-02
   1.5500000e+02   1.5964507e-01   3.4740590e-01   4.9294903e-01
   1.6700000e+02   1.3523660e-01   1.2746325e-01   7.3730015e-01
   5.7000000e+01   8.7693206e-01   4.8575551e-02   7.4492387e-02
   5.8000000e+01   2.0498264e-01   5.3231753e-01   2.6269983e-01
   1.5700000e+02   4.7951139e-01   3.7931310e-01   1.4117551e-01
   6.9000000e+01   4.4026020e-01   2.6247369e-01   2.9726611e-01
   2.0400000e+02   2.6737780e-03   1.2699035e-03   9.9605632e-01
   6.6000000e+01   7.1558772e-01   2.3930113e-01   4.5111142e-02
   2.0800000e+02   7.6754300e-01   2.0441053e-01   2.8046467e-02
   3.0600000e+02   7.6906563e-02   4.2210170e-01   5.0099174e-01
   1.3700000e+02   1.9764770e-02   9.2787756e-01   5.2357673e-02
   3.3000000e+01   4.9986609e-01   4.9137615e-01   8.7577573e-03
   1.6228000e+04   2.0916061e-02   9.2770411e-01   5.1379832e-02
   1.3000000e+02   5.2197867e-02   5.7278659e-01   3.7501555e-01
   1.2700000e+02   9.7887222e-01   2.1127781e-02   0.0000000e+00
   1.3200000e+02   2.9384253e-02   1.5614608e-02   9.5500114e-01
   1.3900000e+02   9.1884528e-02   8.5473377e-01   5.3381699e-02
   7.9000000e+01   2.0508317e-05   9.9675694e-01   3.2225521e-03
   9.8000000e+01   8.4466913e-02   9.0401562e-01   1.1517465e-02
   8.3000000e+01   1.1102230e-16   4.8386564e-17   1.0000000e+00
   1.8900000e+02   1.4228238e-05   5.3651675e-05   9.9993212e-01
   8.6000000e+01   1.2085849e-03   0.0000000e+00   9.9879142e-01
   1.9200000e+02   9.5355631e-01   1.8590406e-02   2.7853288e-02
   8.4000000e+01   0.0000000e+00   0.0000000e+00   1.0000000e+00
   1.0700000e+02   7.8840003e-01   1.7185474e-01   3.9745231e-02
   9.9000000e+01   9.0026445e-01   3.7183033e-02   6.2552519e-02
   9.9000000e+01   1.2111402e-01   6.6291687e-01   2.1596911e-01
   9.5000000e+01   9.6851253e-01   1.0300609e-03   3.0457411e-02
   9.6000000e+01   7.6981665e-01   1.1199147e-01   1.1819188e-01
   1.0400000e+02   4.6024488e-02   5.9597291e-02   8.9437822e-01
   1.1300000e+02   9.1986548e-01   3.1991849e-02   4.8142676e-02
   1.0900000e+02   4.4795807e-01   1.7586963e-01   3.7617230e-01
   1.1000000e+02   4.6031851e-01   3.9561759e-01   1.4406391e-01
   1.1400000e+02   1.5347633e-01   2.5476539e-01   5.9175828e-01
   1.1300000e+02   1.9706877e-02   3.0329650e-02   9.4996347e-01
   1.2500000e+02   7.6520725e-02   8.8672549e-02   8.3480673e-01
   2.0000000e+02   9.4478356e-01   4.8912599e-02   6.3038367e-03
   1.2800000e+02   9.2109286e-01   5.3866413e-02   2.5040726e-02
   1.3200000e+02   1.2853748e-03   9.9736262e-01   1.3520087e-03
   1.3900000e+02   9.3495086e-01   8.3204549e-03   5.6728690e-02
   1.4600000e+02   7.4021866e-01   2.1789395e-01   4.1887388e-02
   1.5300000e+02   1.0688946e-02   9.8402352e-01   5.2875330e-03
   2.3900000e+02   6.0549726e-03   2.2125485e-01   7.7269018e-01
   1.5100000e+02   9.9770905e-01   1.0273749e-03   1.2635788e-03
   1.4400000e+02   3.2444543e-03   9.7816739e-01   1.8588152e-02
   1.5000000e+02   1.2780180e-03   9.7256811e-01   2.6153870e-02
   1.4800000e+02   6.5903786e-02   2.9139248e-01   6.4270373e-01
   1.6300000e+02   1.4903592e-02   7.4121385e-03   9.7768427e-01
   1.4900000e+02   4.6203790e-01   1.5785613e-01   3.8010597e-01
   1.5400000e+02   5.8352097e-01   3.5176958e-01   6.4709445e-02
   1.0150000e+03   3.3815363e-02   8.5273258e-01   1.1345206e-01
   1.6600000e+02   6.5876645e-01   1.2724127e-01   2.1399228e-01
   1.6300000e+02   8.9739015e-01   6.5478344e-02   3.7131503e-02
   1.6000000e+02   1.6796315e-02   4.7868318e-01   5.0452051e-01
   1.7200000e+02   3.5484098e-02   6.6823242e-01   2.9628349e-01
   1.0230000e+03   1.8602224e-02   9.7310941e-01   8.2883679e-03
   7.6200000e+02   4.8233789e-01   4.2486071e-01   9.2801395e-02
   1.7300000e+02   1.2612718e-01   1.9105659e-02   8.5476716e-01
   1.7300000e+02   1.3668381e-01   6.7876822e-01   1.8454798e-01
   1.8000000e+02   7.2793198e-02   7.0702112e-02   8.5650469e-01
   1.8700000e+02   2.6473861e-03   7.0519143e-01   2.9216118e-01
   1.8600000e+02   4.8940792e-01   3.3687568e-02   4.7690452e-01
   1.8900000e+02   9.1644485e-01   7.7869476e-02   5.6856760e-03
   1.8500000e+02   3.0293693e-02   5.7802569e-01   3.9168062e-01
   1.9700000e+02   8.8413074e-01   1.7269413e-02   9.8599850e-02
   1.9800000e+02   1.0000000e+00  -0.0000000e+00  -0.0000000e+00
   2.2400000e+02   3.0298874e-01   2.0061326e-02   6.7694993e-01
   2.2000000e+02   1.1162159e-01   3.3052352e-01   5.5785489e-01
   2.1600000e+02   2.0196092e-01   1.2918103e-01   6.6885805e-01
   2.1700000e+02   5.4642384e-01   5.3818561e-02   3.9975760e-01
   2.4100000e+02   1.5417881e-03   8.2436082e-05   9.9837578e-01
   2.4400000e+02   4.9949784e-01   1.9566691e-02   4.8093547e-01
   2.3100000e+02   9.9174443e-05   1.1904061e-03   9.9871042e-01
   2.3700000e+02   5.1676031e-04   1.0582418e-03   9.9842500e-01
   2.3900000e+02   5.4969545e-02   8.9274868e-01   5.2281780e-02
   2.2900000e+02   6.0362738e-01   4.2503722e-03   3.9212225e-01
   2.3400000e+02   2.7163914e-02   7.1491308e-01   2.5792300e-01
   2.5600000e+02   9.9738213e-01   7.4293610e-04   1.8749333e-03
   2.3700000e+02   9.9811636e-01   9.1131612e-04   9.7232625e-04
   2.5300000e+02   8.9999434e-01   9.0403547e-02   9.6021138e-03
   2.4700000e+02   5.0988100e-02   5.5412099e-01   3.9489091e-01
   2.4200000e+02   1.0452285e-02   4.9725402e-02   9.3982231e-01
   2.5200000e+02   4.8866095e-01   4.6711310e-03   5.0666792e-01
   2.4900000e+02   9.6567687e-01   2.1771345e-02   1.2551785e-02
   2.5100000e+02   4.5703602e-01   5.1570080e-01   2.7263178e-02
   2.5800000e+02   1.8153837e-01   3.2901485e-03   8.1517148e-01
   2.6100000e+02   6.7284805e-01   3.2003876e-01   7.1131903e-03
   2.6000000e+02   1.9654488e-01   5.8420203e-02   7.4503492e-01
   2.7100000e+02   9.8305155e-01   8.6373251e-03   8.3111265e-03
   2.6700000e+02   1.5309363e-02   8.7903712e-01   1.0565351e-01
   2.6600000e+02   9.9066683e-01   1.4288882e-03   7.9042816e-03
   2.7200000e+02   4.8751818e-01   3.1332351e-01   1.9915831e-01
   1.5876000e+04   2.3370369e-01   8.9006561e-02   6.7728975e-01
   2.8500000e+02   4.8738856e-01   1.6826160e-01   3.4434984e-01
   2.9500000e+02   4.5259968e-01   1.8927352e-01   3.5812680e-01
   1.6942000e+04   1.0652741e-02   1.6161175e-02   9.7318608e-01
   3.0400000e+02   3.2525629e-01   3.1053136e-01   3.6421235e-01
   8.4900000e+02   4.5891235e-02   5.2974823e-01   4.2436053e-01
   6.7000000e+01   2.7370851e-01   6.8083789e-01   4.5453599e-02
   6.3600000e+02   7.1621920e-02   2.3945287e-01   6.8892521e-01
   1.6936000e+04   1.1110255e-02   6.8078363e-02   9.2081138e-01
   6.4100000e+02   1.7242653e-01   4.9197659e-01   3.3559687e-01
   1.5870000e+04   1.0231098e-01   2.3077153e-01   6.6691749e-01
   7.5800000e+02   1.7336733e-02   2.0468716e-01   7.7797611e-01
   6.8800000e+02   2.9836459e-01   7.0131379e-01   3.2161899e-04
   6.8900000e+02   8.5291155e-02   6.9572560e-01   2.1898324e-01
   1.2020000e+03   2.1697701e-01   2.0407611e-02   7.6261538e-01
   1.2030000e+03   5.6978710e-02   8.7681704e-01   6.6204253e-02
   3.9000000e+01   8.4546841e-04   2.3727358e-02   9.7542717e-01
   7.9600000e+02   8.9036175e-01   9.8570481e-02   1.1067772e-02
   7.7300000e+02   2.8387867e-01   3.3691426e-02   6.8242990e-01
   1.0060000e+03   7.5541549e-01   5.7314091e-02   1.8727042e-01
   1.3290000e+03   7.5436421e-01   2.0370956e-01   4.1926228e-02
   7.2000000e+02   1.1585107e-02   9.8841489e-01   0.0000000e+00
   1.0250000e+03   3.5783681e-01   1.5219905e-01   4.8996414e-01
   1.3290000e+03   6.3320178e-04   8.9930527e-01   1.0006153e-01
   9.4900000e+02   1.1503989e-01   1.1400810e-01   7.7095201e-01
   9.4500000e+02   7.3959033e-01   4.4692807e-02   2.1571686e-01
   9.4600000e+02   4.3176330e-01   2.5155869e-01   3.1667801e-01
   7.2200000e+02   1.8019573e-01   7.1680009e-02   7.4812426e-01
   6.6600000e+02   1.8911319e-01   1.5636909e-01   6.5451772e-01
   1.0530000e+03   8.8364145e-02   3.8155918e-01   5.3007668e-01
   6.5400000e+02   5.6663825e-01   3.1884126e-01   1.1452049e-01
   6.7900000e+02   1.4667533e-02   9.3002370e-01   5.5308771e-02
   6.6200000e+02   2.6529843e-01   2.7703446e-01   4.5766711e-01
   6.5600000e+02   9.6219095e-03   2.3265990e-01   7.5771819e-01
   6.5900000e+02   6.0156472e-01   1.6239612e-01   2.3603916e-01
   6.9100000e+02   2.1274555e-01   6.1775500e-01   1.6949945e-01
   7.3700000e+02   4.1280185e-02   4.5410245e-01   5.0461736e-01
   6.6000000e+02   7.5757021e-01   1.7483599e-02   2.2494619e-01
   1.1390000e+03   1.3371258e-01   2.5748466e-01   6.0880276e-01
   1.1200000e+03   1.4415308e-01   7.2875763e-01   1.2708929e-01
   1.1380000e+03   2.8573697e-01   8.2793396e-02   6.3146963e-01
   6.6600000e+02   4.5033635e-01   3.1068029e-01   2.3898335e-01
   1.9490000e+03   2.3022040e-02   6.3564561e-01   3.4133235e-01
   6.6700000e+02   7.5629712e-01   3.0847787e-02   2.1285510e-01
   1.1360000e+03   5.0964818e-04   9.9706182e-01   2.4285277e-03
   1.1360000e+03   5.8705886e-01   1.2149118e-01   2.9144995e-01
   6.7300000e+02   8.9034929e-01   2.0310457e-02   8.9340253e-02
   6.7100000e+02   8.2838476e-01   9.1131857e-02   8.0483381e-02
   6.7000000e+02   8.9475968e-02   1.8057359e-02   8.9246667e-01
   6.7200000e+02   1.3784390e-01   7.8012029e-01   8.2035812e-02
   6.9100000e+02   6.0821530e-01   5.9871898e-03   3.8579751e-01
   6.7900000e+02   5.4598325e-02   2.1355067e-01   7.3185100e-01
   6.7800000e+02   7.6516639e-04   1.2124619e-01   8.7798864e-01
   6.8300000e+02   4.0525472e-02   7.7274084e-01   1.8673369e-01
   6.9400000e+02   1.1570266e-01   5.5424665e-01   3.3005070e-01
   1.2400000e+03   1.5163992e-02   3.7401419e-02   9.4743459e-01
   6.8700000e+02   2.2255855e-01   3.6407015e-03   7.7380075e-01
   6.8600000e+02   7.2115981e-03   1.0267958e-01   8.9010882e-01
   6.8500000e+02   8.4670852e-03   8.0289671e-01   1.8863620e-01
   6.8600000e+02   3.2338638e-02   7.9997831e-01   1.6768305e-01
   6.8400000e+02   8.7065544e-03   1.8350367e-01   8.0778977e-01
   6.9400000e+02   3.8131889e-01   4.7966439e-02   5.7071467e-01
   6.9600000e+02   6.1897733e-04   3.5342947e-02   9.6403808e-01
   1.1780000e+03   3.2802712e-02   8.6565760e-01   1.0153969e-01
   1.2410000e+03   7.6558684e-01   9.3094925e-02   1.4131824e-01
   6.9700000e+02   4.2795897e-01   5.6573069e-01   6.3103386e-03
   1.1650000e+03   1.8914086e-03   9.9623263e-01   1.8759599e-03
   6.9900000e+02   6.1196272e-03   2.4971123e-04   9.9363066e-01
   1.1790000e+03   5.6921552e-02   2.4239419e-02   9.1883903e-01
   1.1830000e+03   1.0296323e-02   9.7981750e-01   9.8861758e-03
   6.9900000e+02   9.8727545e-01   3.2243075e-03   9.5002394e-03
   6.9900000e+02   2.9549886e-04   9.9428189e-01   5.4226149e-03
   1.0550000e+03   2.0633168e-01   1.8214506e-01   6.1152326e-01
   7.0300000e+02   6.0995375e-01   3.8823366e-01   1.8125949e-03
   7.0200000e+02   2.5217628e-02   2.2931752e-01   7.4546485e-01
   8.4400000e+02   3.8197968e-01   1.6642177e-01   4.5159856e-01
   9.5300000e+02   1.8502775e-01   4.2198170e-02   7.7277408e-01
   9.8800000e+02   7.4122779e-01   4.5119402e-02   2.1365281e-01
   9.7100000e+02   4.1507403e-01   5.8220080e-01   2.7251731e-03
   9.8000000e+02   2.1370268e-02   1.3597100e-02   9.6503263e-01
   9.7600000e+02   3.2994258e-02   9.0282810e-01   6.4177639e-02
   9.6400000e+02   5.1503023e-02   6.2684129e-02   8.8581285e-01
   9.9800000e+02   2.7016509e-02   2.2642966e-01   7.4655383e-01
   9.8300000e+02   1.8099918e-02   1.4781944e-02   9.6711814e-01
   1.0190000e+03   2.8441212e-02   9.0856636e-01   6.2992424e-02
   1.0210000e+03   3.9076962e-02   3.2147200e-02   9.2877584e-01
   9.9700000e+02   1.5711056e-01   3.3747900e-01   5.0541044e-01
   7.0700000e+02   1.2174897e-01   1.4230620e-01   7.3594483e-01
   7.0600000e+02   8.5745531e-01   1.2897000e-01   1.3574688e-02
   9.8400000e+02   4.5979952e-02   9.4871709e-02   8.5914834e-01
   1.0240000e+03   4.1059915e-03   7.1497779e-03   9.8874423e-01
   1.0280000e+03   4.3290079e-02   9.0251387e-01   5.4196047e-02
   7.2000000e+02   7.3898352e-03   6.9418778e-03   9.8566829e-01
   7.1800000e+02   9.4943302e-01   4.1212778e-02   9.3541971e-03
   8.1800000e+02   3.9585725e-02   8.6411702e-02   8.7400257e-01
   8.1600000e+02   7.2906773e-01   1.9315743e-01   7.7774838e-02
   7.2800000e+02   2.6043641e-01   2.1106055e-01   5.2850304e-01
   8.3900000e+02   6.8565634e-01   2.6188319e-01   5.2460473e-02
   1.1840000e+03   8.0707328e-01   1.0031841e-01   9.2608315e-02
   8.3100000e+02   2.0425499e-01   4.7798775e-02   7.4794623e-01
   7.5300000e+02   6.1285319e-02   7.3136527e-01   2.0734941e-01
   7.4400000e+02   1.4506176e-01   8.5446259e-01   4.7564207e-04
   7.5600000e+02   8.7552598e-01   3.5804360e-02   8.8669663e-02
   7.4900000e+02   3.5167256e-01   1.1764631e-02   6.3656281e-01
   7.4100000e+02   4.2469390e-01   2.2025239e-01   3.5505371e-01
   7.5100000e+02   5.1492969e-01   4.2523950e-02   4.4254636e-01
   1.0980000e+03   5.1647252e-01   4.7757110e-01   5.9563845e-03
   7.5200000e+02   9.1626129e-01   5.8089602e-02   2.5649108e-02
   7.6100000e+02   4.5405464e-01   3.8788687e-01   1.5805849e-01
   7.9500000e+02   2.7583028e-01   1.6298430e-01   5.6118541e-01
   7.9400000e+02   9.4818664e-01   4.2491683e-02   9.3216802e-03
   7.7100000e+02   4.9959188e-01   4.5350524e-01   4.6902882e-02
   7.6600000e+02   0.0000000e+00   4.1720872e-17   1.0000000e+00
   7.7100000e+02   0.0000000e+00   0.0000000e+00   1.0000000e+00
   7.7700000e+02   6.3978388e-01   3.4184080e-02   3.2603204e-01
   7.8300000e+02   4.8408049e-03   9.7172591e-01   2.3433284e-02
   7.9800000e+02   3.2837362e-02   9.2585362e-01   4.1309016e-02
   7.8000000e+02   7.1988576e-01   2.6771251e-01   1.2401729e-02
   9.0400000e+02   5.6022221e-02   2.9535223e-01   6.4862554e-01
   9.1800000e+02   7.9888615e-01   2.1200193e-02   1.7991365e-01
   9.1200000e+02   9.1630379e-01   4.7375623e-05   8.3648833e-02
   8.1100000e+02   6.0084167e-02   7.8430713e-02   8.6148512e-01
   9.2300000e+02   8.8407918e-01   7.2199007e-02   4.3721817e-02
   7.8700000e+02   3.6714244e-01   5.8102995e-03   6.2704726e-01
   7.9000000e+02   2.4827774e-01   2.2901547e-02   7.2882071e-01
   7.9100000e+02   7.4260892e-01   1.1981607e-01   1.3757500e-01
   8.4000000e+02   2.2669566e-02   4.5726900e-01   5.2006143e-01
   8.2500000e+02   5.1047844e-01   4.2612232e-01   6.3399235e-02
   8.0300000e+02   9.3686209e-01   4.6312909e-02   1.6824998e-02
   8.1300000e+02   9.5423220e-01   2.0205652e-02   2.5562144e-02
   8.0000000e+02   6.2563918e-02   6.0118871e-02   8.7731721e-01
   8.0800000e+02   2.4093937e-01   3.4570704e-01   4.1335359e-01
   8.5300000e+02   1.0701706e-02   6.3302878e-02   9.2599542e-01
   8.1700000e+02   2.9874974e-01   1.7009772e-02   6.8424049e-01
   8.1400000e+02   1.1102230e-16   1.0000000e+00  -0.0000000e+00
   8.5100000e+02   6.0562627e-03   9.5194712e-01   4.1996613e-02
   8.4400000e+02   6.5155862e-01   2.9255634e-01   5.5885038e-02
   8.1600000e+02   6.1676708e-02   8.6435437e-01   7.3968920e-02
   8.2400000e+02   2.8964771e-03   7.8301239e-01   2.1409113e-01
   8.2900000e+02   5.3047520e-01   7.4648506e-02   3.9487629e-01
   8.2600000e+02   4.0761938e-02   4.2119022e-01   5.3804784e-01
   8.3300000e+02   6.9319412e-01   2.7654030e-01   3.0265581e-02
   8.4700000e+02   1.1126090e-02   9.2725932e-01   6.1614589e-02
   1.0980000e+03   2.4965205e-01   5.8509858e-01   1.6524937e-01
   8.5200000e+02   7.4493027e-01   1.2122644e-01   1.3384329e-01
   8.5400000e+02   3.0861327e-01   5.7280464e-02   6.3410626e-01
   9.0000000e+02   5.2984793e-01   4.6260399e-01   7.5480795e-03
   9.0100000e+02   1.1549538e-01   5.0726953e-01   3.7723510e-01
   8.7400000e+02   8.9101994e-02   8.8445904e-01   2.6438967e-02
   8.5800000e+02   5.2028897e-02   7.1320884e-02   8.7665022e-01
   8.9000000e+02   2.5285728e-02   5.3319719e-01   4.4151708e-01
   8.8900000e+02   8.4163557e-02   8.7976197e-01   3.6074471e-02
   1.0620000e+03   8.4417898e-01   1.3610727e-01   1.9713755e-02
   1.0510000e+03   1.3465342e-01   2.6524913e-01   6.0009744e-01
   1.0500000e+03   2.4826780e-02   8.4510368e-01   1.3006954e-01
   8.9500000e+02   5.4445969e-01   1.1964981e-01   3.3589050e-01
   8.6000000e+02   1.1869449e-02   2.4624572e-01   7.4188483e-01
   8.7900000e+02   7.8417606e-02   2.7984062e-01   6.4174177e-01
   8.6100000e+02   6.5195537e-02   3.4579503e-01   5.8900943e-01
   8.6300000e+02   5.8724517e-01   2.4280409e-01   1.6995074e-01
   8.6000000e+02   4.8545332e-02   8.7696576e-01   7.4488909e-02
   2.0490000e+03   6.9263370e-01   9.5051082e-02   2.1231521e-01
   2.0460000e+03   1.5101542e-02   3.0394419e-01   6.8095427e-01
   8.6400000e+02   5.9360937e-02   7.5266006e-02   8.6537306e-01
   8.6700000e+02   4.6048853e-02   8.7388330e-02   8.6656282e-01
   8.6600000e+02   9.1910028e-03   6.4277713e-01   3.4803187e-01
   9.4300000e+02   5.2492958e-02   4.0960359e-01   5.3790346e-01
   8.6700000e+02   5.0245336e-03   6.3065961e-01   3.6431586e-01
   9.3100000e+02   2.2975836e-01   6.5574607e-01   1.1449557e-01
   8.7200000e+02   3.5640897e-02   9.5614321e-01   8.2158950e-03
   8.7200000e+02   7.0412617e-01   5.6859349e-03   2.9018790e-01
   8.7200000e+02   6.6795111e-02   7.1780962e-03   9.2602679e-01
   8.7900000e+02   3.1821995e-02   9.5201765e-01   1.6160352e-02
   1.0510000e+03   7.2829069e-02   9.2598753e-01   1.1833983e-03
   2.0420000e+03   7.1155551e-02   7.9717587e-01   1.3166858e-01
   8.7800000e+02   3.9297026e-02   2.3031825e-01   7.3038472e-01
   9.3800000e+02   2.9377826e-01   2.0112067e-01   5.0510107e-01
   2.0440000e+03   2.1650499e-02   5.7172606e-02   9.2117690e-01
   8.7600000e+02   3.3872508e-03   6.8628307e-01   3.1032968e-01
   8.9800000e+02   7.8233384e-01   1.0282863e-04   2.1756333e-01
   8.8100000e+02   1.7560491e-01   4.1905838e-01   4.0533671e-01
   9.1000000e+02   5.0192359e-02   9.2112833e-01   2.8679312e-02
   9.0200000e+02   3.4662690e-01   4.2647015e-01   2.2690295e-01
   8.8400000e+02   5.9521392e-01   2.6784779e-02   3.7800130e-01
   8.9900000e+02   4.0543742e-02   9.1235085e-01   4.7105411e-02
   8.5400000e+02   7.2846544e-01   1.1377982e-01   1.5775474e-01
   8.9000000e+02   8.8218205e-01   4.0601873e-02   7.7216081e-02
   8.9900000e+02   1.6710765e-01   4.1428626e-01   4.1860609e-01
   9.9600000e+02   8.6248315e-01   6.4201599e-02   7.3315249e-02
   9.0600000e+02   5.4025635e-01   2.2091133e-01   2.3883232e-01
   9.1400000e+02   8.5861886e-02   8.1059611e-01   1.0354200e-01
   9.0700000e+02   9.6283650e-01   2.2252227e-02   1.4911274e-02
   9.0800000e+02   8.2777919e-01   3.2903728e-02   1.3931708e-01
   9.0700000e+02   2.4074639e-01   1.4021670e-02   7.4523194e-01
   9.1600000e+02   1.9629139e-02   4.3088416e-01   5.4948671e-01
   8.9200000e+02   3.3277689e-01   6.5096794e-01   1.6255174e-02
   9.2100000e+02   6.0650640e-02   4.7406419e-02   8.9194294e-01
   9.2800000e+02   1.5372263e-02   6.7627222e-01   3.0835552e-01
   9.2300000e+02   2.3910621e-01   9.1489261e-02   6.6940453e-01
   9.2500000e+02   7.3724811e-01   1.6868677e-01   9.4065113e-02
   1.2600000e+03   3.1534094e-02   9.6627651e-01   2.1893962e-03
   1.2610000e+03   1.7073161e-01   4.6108822e-01   3.6818017e-01
   9.2600000e+02   2.8536720e-01   3.9234874e-02   6.7539792e-01
   9.3000000e+02   5.0025207e-01   6.2251623e-02   4.3749630e-01
   9.3000000e+02   9.6145523e-02   2.3581576e-01   6.6803872e-01
   9.7300000e+02   3.8087835e-02   8.6909365e-01   9.2818518e-02
   9.3300000e+02   4.1891018e-01   1.3455942e-01   4.4653041e-01
   9.3400000e+02   3.2782884e-01   2.0015204e-01   4.7201912e-01
   9.3600000e+02   2.2341002e-01   4.4315342e-01   3.3343656e-01
   9.3900000e+02   1.3229109e-01   2.7453690e-01   5.9317201e-01
   9.4300000e+02   6.9474112e-01   2.1854961e-01   8.6709270e-02
   9.5300000e+02   1.5111263e-01   8.4686003e-01   2.0273496e-03
   9.6400000e+02   7.3359258e-01   5.9224469e-03   2.6048497e-01
   9.5500000e+02   9.8650820e-03   3.3882250e-01   6.5131242e-01
   9.5900000e+02   5.6180584e-02   2.7254217e-01   6.7127725e-01
   9.6700000e+02   3.3023755e-01   2.2982796e-01   4.3993449e-01
   9.7500000e+02   1.3220284e-02   4.4046325e-03   9.8237508e-01
   9.7000000e+02   7.7756365e-01   9.4058700e-02   1.2837765e-01
   9.9400000e+02   5.7597029e-01   3.5411261e-01   6.9917099e-02
   9.7200000e+02   8.9914081e-01   1.1847187e-02   8.9012004e-02
   9.8200000e+02   8.0026748e-02   4.5334902e-01   4.6662423e-01
   9.9000000e+02   5.7975857e-01   7.6785512e-02   3.4345592e-01
   9.9200000e+02   4.0337707e-01   4.8726228e-01   1.0936065e-01
   1.0000000e+03   4.8401929e-01   3.8574993e-01   1.3023078e-01
   1.0210000e+03   5.9517520e-03   9.3211172e-01   6.1936531e-02
   9.8500000e+02   2.6344582e-03   5.3300144e-02   9.4406540e-01
   1.0100000e+03   1.1185760e-02   3.6770340e-01   6.2111084e-01
   1.0000000e+03   9.0635396e-01   1.6918928e-03   9.1954151e-02
   1.0030000e+03   3.4444703e-01   1.7462830e-01   4.8092467e-01
   9.9600000e+02   1.0738026e-01   8.6751171e-01   2.5108023e-02
   1.0110000e+03   2.1084543e-02   9.6515758e-01   1.3757880e-02
   1.0230000e+03   8.2020175e-01   1.2295371e-01   5.6844538e-02
   1.0340000e+03   4.0067949e-03   9.8789177e-01   8.1014399e-03
   1.0370000e+03   7.9378177e-02   1.2726763e-01   7.9335419e-01
   1.0450000e+03   4.9945765e-01   3.3865804e-01   1.6188431e-01
   1.0410000e+03   3.4306850e-01   3.5448331e-02   6.2148317e-01
   1.0430000e+03   7.9304835e-01   2.0553973e-01   1.4119226e-03
   1.0430000e+03   1.0834919e-01   2.2992451e-01   6.6172630e-01
   1.0480000e+03   1.9020278e-01   3.9829228e-01   4.1150494e-01
   1.0460000e+03   3.5608664e-01   3.6992766e-02   6.0692060e-01
   1.0550000e+03   4.7540231e-01   1.8455461e-01   3.4004309e-01
   1.2580000e+03   1.1757832e-01   4.8604478e-02   8.3381720e-01
   1.0570000e+03   4.4604998e-01   1.6822305e-01   3.8572697e-01
   1.0590000e+03   7.4001100e-01   5.8501412e-02   2.0148758e-01
   1.2570000e+03   2.9370790e-02   6.9741901e-01   2.7321020e-01
   1.0580000e+03   2.8142214e-01   3.0151123e-01   4.1706663e-01
   1.0650000e+03   6.1959944e-01   2.7282549e-01   1.0757507e-01
   1.2580000e+03   6.2633417e-01   4.0624576e-02   3.3304125e-01
   1.0610000e+03   3.0372577e-01   1.8769197e-02   6.7750503e-01
   1.0690000e+03   5.3820108e-02   2.9665661e-02   9.1651423e-01
   1.0670000e+03   7.9042169e-01   8.4702455e-02   1.2487586e-01
   1.0670000e+03   1.9481032e-03   2.9373431e-03   9.9511455e-01
   1.1750000e+03   1.1446219e-01   6.9299440e-01   1.9254341e-01
   1.0850000e+03   5.8416535e-02   8.6342843e-01   7.8155030e-02
   1.1740000e+03   5.2445590e-02   6.5718391e-01   2.9037050e-01
   1.0740000e+03   8.7409175e-01   5.4902047e-02   7.1006207e-02
   1.0820000e+03   3.3134263e-01   4.0339064e-02   6.2831831e-01
   2.6820000e+03   1.5109530e-02   1.7330436e-01   8.1158611e-01
   1.0750000e+03   8.7083833e-01   1.0571572e-01   2.3445945e-02
   1.0910000e+03   1.7059671e-01   7.7655165e-01   5.2851640e-02
   1.0980000e+03   8.1119211e-02   2.3522465e-01   6.8365614e-01
   1.1000000e+03   6.5026459e-01   5.0488827e-02   2.9924658e-01
   1.1020000e+03   3.8762604e-03   1.8279920e-01   8.1332454e-01
   1.1000000e+03   1.1699195e-01   2.3432361e-01   6.4868444e-01
   1.1420000e+03   6.7298205e-01   3.2040233e-01   6.6156201e-03
   1.1100000e+03   2.5645719e-02   8.3833827e-01   1.3601601e-01
   1.0980000e+03   8.6281009e-01   5.2797998e-02   8.4391912e-02
   1.1060000e+03   2.1133633e-01   2.3961076e-01   5.4905291e-01
   1.1020000e+03   3.3342573e-01   2.3272738e-02   6.4330153e-01
   1.1040000e+03   1.1684505e-01   5.7064298e-01   3.1251197e-01
   1.1080000e+03   6.4536251e-01   1.1465654e-01   2.3998095e-01
   1.1090000e+03   2.0350191e-02   9.6212482e-01   1.7524991e-02
   1.1150000e+03   3.6644604e-02   3.6001520e-03   9.5975524e-01
   1.1280000e+03   9.2926197e-01   4.7974412e-02   2.2763621e-02
   1.1270000e+03   6.3920780e-01   1.7220181e-01   1.8859039e-01
   1.1240000e+03   9.7595971e-01   1.1963093e-02   1.2077195e-02
   1.1340000e+03   1.5088784e-02   2.8300175e-02   9.5661104e-01
   1.1180000e+03   8.4101497e-01   1.3264409e-01   2.6340940e-02
   1.1250000e+03   2.7804891e-01   6.9703760e-01   2.4913489e-02
   1.1390000e+03   1.0556808e-02   9.6719547e-01   2.2247718e-02
   1.1290000e+03   1.1297636e-02   9.4740982e-01   4.1292543e-02
   1.1260000e+03   1.5647596e-01   7.7196823e-01   7.1555808e-02
   1.1340000e+03   9.8171237e-01   9.0178973e-03   9.2697316e-03
   1.1320000e+03   9.9742942e-01   6.3360310e-04   1.9369721e-03
   1.1300000e+03   1.8801801e-02   8.9595666e-02   8.9160253e-01
   1.1680000e+03   3.6609813e-01   5.3048602e-01   1.0341585e-01
   1.1680000e+03   5.0298689e-04   2.2584057e-03   9.9723861e-01
   1.1530000e+03   8.8875330e-01   3.9674998e-02   7.1571704e-02
   1.1630000e+03   9.2812280e-01   2.9910890e-02   4.1966305e-02
   1.1540000e+03   4.4681773e-03   5.0646987e-02   9.4488484e-01
   1.1820000e+03   9.5601238e-01   1.3888348e-03   4.2598784e-02
   1.1560000e+03   4.9508683e-02   7.3765545e-01   2.1283587e-01
   2.8940000e+03   6.2449026e-01   3.9202645e-02   3.3630710e-01
   1.1630000e+03   4.2811389e-01   3.8402938e-02   5.3348317e-01
   1.1810000e+03   7.8563328e-02   2.3520982e-01   6.8622686e-01
   1.1690000e+03   9.0887679e-01   8.6641860e-02   4.4813497e-03
   1.1770000e+03   9.1007846e-01   7.6337807e-02   1.3583729e-02
   1.1900000e+03   6.5086376e-01   1.8646615e-01   1.6267009e-01
   1.1870000e+03   5.3647096e-01   3.7398721e-01   8.9541830e-02
   1.2260000e+03   1.7104043e-02   6.8467335e-01   2.9822261e-01
   1.2200000e+03   4.9500029e-02   3.3194514e-01   6.1855483e-01
   1.1910000e+03   1.9735391e-01   2.8418418e-01   5.1846190e-01
   1.1910000e+03   6.1894204e-01   3.5727322e-01   2.3784744e-02
   1.1950000e+03   7.5937634e-01   2.1091927e-01   2.9704386e-02
   1.2010000e+03   7.4924019e-01   1.4691702e-02   2.3606811e-01
   1.2190000e+03   3.8621690e-02   6.8330168e-01   2.7807663e-01
   1.1980000e+03   9.7488095e-01   1.0895465e-02   1.4223587e-02
   1.1980000e+03   1.3748915e-01   7.9683289e-01   6.5677955e-02
   1.2060000e+03   1.0179044e-02   7.9255483e-01   1.9726612e-01
   1.2110000e+03   9.1226195e-01   8.2164784e-02   5.5732678e-03
   1.2130000e+03   7.4381616e-02   8.3621432e-01   8.9404067e-02
   1.2440000e+03   2.8995448e-01   6.7821424e-01   3.1831285e-02
   1.2440000e+03   1.7505250e-03   1.2315438e-03   9.9701793e-01
   1.2220000e+03   3.1569006e-01   6.6026347e-01   2.4046477e-02
   1.2310000e+03   7.5836373e-01   3.2738952e-02   2.0889732e-01
   1.2350000e+03   3.0460955e-03   3.4416876e-03   9.9351222e-01
   1.2340000e+03   6.7936001e-02   1.8307799e-01   7.4898601e-01
   1.2330000e+03   4.6872650e-02   8.2511374e-01   1.2801361e-01
   1.2430000e+03   1.0111181e-02   2.3822983e-02   9.6606584e-01
   1.2390000e+03   5.9744092e-04   2.3547510e-03   9.9704781e-01
   1.2510000e+03   7.6074400e-01   1.2981326e-01   1.0944274e-01
   1.2440000e+03   7.1876946e-01   2.1454027e-01   6.6690267e-02
   1.2420000e+03   4.2577209e-01   7.2093246e-02   5.0213466e-01
   1.2490000e+03   1.7219635e-02   4.8319757e-01   4.9958280e-01
   1.2550000e+03   9.6179127e-01   2.8604234e-02   9.6044922e-03
   9.5100000e+02   3.9647620e-01   2.0012859e-01   4.0339520e-01
   9.5200000e+02   2.4227072e-02   6.0054997e-02   9.1571793e-01
   1.8750000e+03   7.6091920e-02   1.7454718e-01   7.4936090e-01
   1.8830000e+03   5.3532211e-01   4.5045011e-01   1.4227777e-02
   1.8760000e+03   9.8581468e-01   2.0683688e-03   1.2116955e-02
   1.8760000e+03   2.3436690e-01   7.3765772e-01   2.7975380e-02
   1.9070000e+03   4.4669855e-01   4.4509733e-01   1.0820413e-01
   1.8890000e+03   4.6240747e-01   1.0884481e-01   4.2874772e-01
   1.9020000e+03   4.4107566e-01   3.4436705e-01   2.1455729e-01
   1.8950000e+03   9.7166128e-01   1.5801747e-02   1.2536970e-02
   1.8870000e+03   3.8115213e-01   5.4178478e-01   7.7063089e-02
   2.4070000e+03   4.3272893e-01   1.9954991e-01   3.6772116e-01
   1.8910000e+03   5.0774255e-01   2.7818002e-01   2.1407743e-01
   1.9110000e+03   6.2222428e-01   5.8357157e-02   3.1941856e-01
   1.9110000e+03   3.8462659e-03   9.9584818e-01   3.0554990e-04
   2.3890000e+03   1.4113733e-02   4.3404858e-01   5.5183769e-01
   2.3920000e+03   3.4118770e-01   4.5014834e-01   2.0866396e-01
   1.8970000e+03   7.5192866e-03   1.8866149e-03   9.9059410e-01
   2.3950000e+03   1.9835191e-01   5.1281811e-01   2.8882999e-01
   1.9130000e+03   2.3465547e-02   2.9917943e-01   6.7735502e-01
   1.8990000e+03   3.8545672e-01   2.0561064e-01   4.0893264e-01
   2.3650000e+03   2.2597522e-01   6.4573934e-01   1.2828544e-01
   2.3610000e+03   8.9918581e-02   5.2547929e-01   3.8460213e-01
   2.3980000e+03   8.6117497e-02   1.9306318e-01   7.2081932e-01
   1.9060000e+03   3.0934546e-01   2.2118161e-01   4.6947293e-01
   2.4110000e+03   3.7062915e-01   5.0954604e-01   1.1982480e-01
   9.0600000e+03   4.2903025e-01   1.5077920e-01   4.2019056e-01
   9.0620000e+03   1.7781715e-01   2.6048699e-01   5.6169587e-01
   2.0970000e+03   1.6707723e-01   5.0281715e-01   3.3010562e-01
   2.5240000e+03   3.0460455e-02   8.0900207e-02   8.8863934e-01
   3.4820000e+03   8.4598987e-01   7.6808770e-02   7.7201361e-02
   3.4870000e+03   2.5691988e-02   6.4613330e-01   3.2817471e-01
   1.9420000e+03   1.0678693e-01   1.3686009e-01   7.5635298e-01
   2.1470000e+03   9.0527435e-03   9.4348169e-01   4.7465566e-02
   2.1750000e+03   1.8198326e-01   7.8823619e-01   2.9780552e-02
   1.9470000e+03   6.0226023e-01   3.3328314e-01   6.4456627e-02
   2.1750000e+03   7.0363646e-02   1.5531110e-01   7.7432525e-01
   1.9430000e+03   6.3727201e-02   8.7987356e-01   5.6399237e-02
   2.1780000e+03   1.0478608e-02   9.7717224e-01   1.2349149e-02
   2.0830000e+03   2.3107849e-02   3.8139695e-02   9.3875246e-01
   2.1840000e+03   1.4530799e-02   9.7638185e-01   9.0873500e-03
   2.0700000e+03   1.4636329e-01   7.4673326e-01   1.0690345e-01
   1.9450000e+03   2.0429569e-01   3.0323749e-01   4.9246682e-01
   1.9460000e+03   2.4317956e-01   9.3278064e-02   6.6354238e-01
   2.0180000e+03   1.5116049e-01   5.5517344e-01   2.9366607e-01
   2.0830000e+03   3.7851528e-02   6.7320667e-01   2.8894180e-01
   1.9500000e+03   3.3074153e-01   3.7513285e-01   2.9412562e-01
   1.9520000e+03   3.1572935e-03   8.5033012e-01   1.4651259e-01
   1.9560000e+03   2.1666516e-01   3.1819694e-01   4.6513790e-01
   2.8740000e+03   2.2543633e-02   7.3176203e-02   9.0428016e-01
   2.8360000e+03   2.4751428e-02   9.7356551e-01   1.6830640e-03
   2.1900000e+03   9.3528479e-01   4.5154020e-02   1.9561188e-02
   1.9620000e+03   1.5515992e-01   2.4402523e-02   8.2043756e-01
   2.1920000e+03   4.6055962e-03   9.8375754e-03   9.8555683e-01
   1.9610000e+03   7.9952528e-01   1.2771488e-01   7.2759837e-02
   1.9610000e+03   1.3664506e-01   8.6158884e-01   1.7660987e-03
   1.9730000e+03   4.1269654e-03   9.9464930e-01   1.2237366e-03
   1.9730000e+03   9.9895704e-01   9.1136387e-04   1.3159427e-04
   2.1960000e+03   1.5042707e-01   2.4628661e-02   8.2494427e-01
   1.9650000e+03   9.1527227e-01   3.1330022e-02   5.3397703e-02
   2.0650000e+03   6.9544590e-03   9.6629462e-01   2.6750920e-02
   2.1970000e+03   2.5912418e-01   7.2370617e-01   1.7169644e-02
   1.9730000e+03   1.8599292e-02   8.9539564e-03   9.7244675e-01
   2.0550000e+03   3.2561330e-02   7.8322941e-01   1.8420926e-01
   1.9720000e+03   2.9741743e-02   9.6134620e-01   8.9120596e-03
   1.9760000e+03   6.7293240e-01   6.3964254e-02   2.6310335e-01
   2.0670000e+03   2.0367442e-01   7.8593129e-01   1.0394296e-02
   1.9810000e+03   8.3526074e-03   2.1327463e-02   9.7031993e-01
   1.9880000e+03   5.5411213e-03   9.8884764e-01   5.6112374e-03
   2.2050000e+03   1.8592514e-04   3.2267390e-03   9.9658734e-01
   1.9940000e+03   9.6841193e-01   1.7237909e-02   1.4350163e-02
   1.9930000e+03   7.3737293e-01   4.8715709e-02   2.1391136e-01
   2.4820000e+03   8.4844593e-03   1.1410358e-02   9.8010518e-01
   2.2110000e+03   1.5586587e-02   7.9652769e-02   9.0476064e-01
   2.2080000e+03   1.7560902e-02   1.6519114e-02   9.6591998e-01
   2.0980000e+03   6.7460921e-01   2.3145204e-01   9.3938747e-02
   2.0050000e+03   1.5667217e-01   6.2997492e-01   2.1335291e-01
   2.0050000e+03   2.6735563e-01   1.5678936e-01   5.7585501e-01
   2.1690000e+03   3.9511076e-01   3.6906862e-01   2.3582062e-01
   1.9960000e+03   3.7425713e-01   1.5053391e-01   4.7520896e-01
   2.1240000e+03   3.6003151e-01   3.2084806e-01   3.1912043e-01
   1.9970000e+03   7.2707244e-01   7.3744873e-02   1.9918269e-01
   1.9980000e+03   4.9941749e-01   2.1200401e-01   2.8857850e-01
   2.0090000e+03   4.6077880e-01   3.3727351e-02   5.0549385e-01
   2.1440000e+03   3.6458688e-02   2.6143913e-02   9.3739740e-01
   2.0280000e+03   2.9934547e-01   1.5066857e-01   5.4998596e-01
   2.5030000e+03   9.8615663e-01   9.9486962e-03   3.8946730e-03
   9.3810000e+03   7.4312319e-01   1.3106192e-01   1.2581489e-01
   2.0030000e+03   3.0557248e-01   2.3395619e-01   4.6047133e-01
   2.4940000e+03   6.5059397e-01   2.4660030e-01   1.0280572e-01
   2.0100000e+03   3.1870141e-01   1.4282564e-01   5.3847294e-01
   2.5670000e+03   6.7452027e-01   2.3982316e-01   8.5656570e-02
   2.0080000e+03   9.2158710e-02   5.4626099e-01   3.6158030e-01
   2.0300000e+03   2.1589545e-01   8.1509418e-02   7.0259513e-01
   2.0120000e+03   8.3353026e-01   7.2981805e-02   9.3487940e-02
   2.5930000e+03   7.4370172e-02   9.1570463e-01   9.9251934e-03
   2.0140000e+03   1.5180688e-01   2.8586651e-01   5.6232662e-01
   2.8320000e+03   1.2144968e-01   3.6550314e-02   8.4200001e-01
   2.8360000e+03   1.3214032e-01   5.9292476e-02   8.0856720e-01
   2.0210000e+03   2.4892330e-01   1.8385864e-01   5.6721806e-01
   2.0230000e+03   2.2188971e-01   4.3748872e-02   7.3436142e-01
   2.6590000e+03   3.5496025e-01   5.0303592e-01   1.4200383e-01
   2.7530000e+03   5.5455098e-01   1.5219480e-01   2.9325422e-01
   2.5680000e+03   1.1117875e-01   3.3340236e-01   5.5541889e-01
   2.0250000e+03   1.3256824e-01   7.0888492e-01   1.5854684e-01
   2.5620000e+03   4.1059866e-01   3.6355985e-01   2.2584149e-01
   2.0290000e+03   4.8640119e-01   2.5314095e-01   2.6045786e-01
   2.8010000e+03   5.6690110e-02   2.4679523e-01   6.9651466e-01
   2.8110000e+03   3.3580816e-01   3.9172795e-01   2.7246389e-01
   2.7780000e+03   9.4943677e-01   7.9236968e-03   4.2639531e-02
   2.7350000e+03   2.4058343e-01   4.1962807e-01   3.3978851e-01
   2.7630000e+03   3.7275225e-01   4.1589616e-01   2.1135159e-01
   2.7330000e+03   8.8121568e-01   2.8108232e-03   1.1597350e-01
   2.7410000e+03   8.6011962e-01   9.5337908e-03   1.3034658e-01
   2.0370000e+03   7.0437097e-01   1.7084002e-01   1.2478901e-01
   2.0350000e+03   3.5547505e-02   9.0294078e-02   8.7415842e-01
   2.7900000e+03   3.7373406e-01   4.8236071e-01   1.4390523e-01
   2.7450000e+03   8.3397930e-02   1.7765908e-01   7.3894299e-01
   2.0450000e+03   3.5002912e-01   5.7790570e-01   7.2065179e-02
   1.9650000e+03   5.6147390e-02   4.2254863e-03   9.3962712e-01
   1.9620000e+03   5.5052616e-02   8.8266766e-01   6.2279726e-02
   2.0430000e+03   4.6197747e-01   1.7651710e-01   3.6150543e-01
   2.0600000e+03   1.6915801e-01   2.3917639e-01   5.9166560e-01
   2.0610000e+03   1.7628533e-01   3.5545786e-01   4.6825681e-01
   2.0510000e+03   6.1112885e-02   4.0948551e-01   5.2940160e-01
   2.0590000e+03   7.1323065e-02   1.6947031e-01   7.5920662e-01
   1.9690000e+03   8.8579535e-03   9.2479798e-01   6.6344069e-02
   2.0650000e+03   7.5610328e-02   9.9286982e-02   8.2510269e-01
   1.0380000e+03   2.5392358e-01   5.8284894e-01   1.6322748e-01
   1.0440000e+03   1.4877475e-01   8.1347169e-01   3.7753560e-02
   2.0850000e+03   1.5012075e-01   7.8283965e-01   6.7039602e-02
   2.0690000e+03   4.9173576e-01   1.8094291e-01   3.2732133e-01
   2.0770000e+03   5.3794590e-01   1.1367190e-01   3.4838219e-01
   2.0900000e+03   9.3623684e-01   1.8860885e-02   4.4902279e-02
   2.0730000e+03   2.5459223e-02   4.7876153e-01   4.9577925e-01
   2.0910000e+03   4.1172136e-02   4.0492598e-01   5.5390188e-01
   2.0760000e+03   3.3967363e-01   4.4960819e-01   2.1071818e-01
   2.0870000e+03   2.5382592e-01   7.4214188e-01   4.0322073e-03
   2.4950000e+03   7.4471950e-03   8.3932608e-01   1.5322672e-01
   2.1340000e+03   6.2484584e-01   2.1942123e-01   1.5573293e-01
   2.4900000e+03   6.3027219e-02   4.0900684e-02   8.9607210e-01
   2.1450000e+03   3.0835239e-01   4.8796181e-01   2.0368580e-01
   2.0990000e+03   4.9029132e-01   3.1062044e-01   1.9908823e-01
   2.1050000e+03   8.3425333e-01   1.3125340e-01   3.4493277e-02
   2.1010000e+03   7.5217909e-02   3.5885857e-01   5.6592352e-01
   2.1160000e+03   3.8601930e-02   8.7893447e-01   8.2463604e-02
