   7.1880000e+03   1.7160410e-04   9.9836277e-01   1.4656261e-03
   7.1490000e+03   8.1478557e-04   9.9758110e-01   1.6041144e-03
   7.1860000e+03   1.7333861e-03   3.7016229e-05   9.9822960e-01
   7.1840000e+03   1.6766578e-04   7.3213303e-04   9.9910020e-01
   7.1510000e+03   1.2767066e-04   6.4184544e-04   9.9923048e-01
   7.1810000e+03   1.8295912e-17   9.9975747e-01   2.4253079e-04
   7.1580000e+03   0.0000000e+00   1.0000000e+00  -0.0000000e+00
   7.1730000e+03   9.7031276e-04   9.9790514e-01   1.1245428e-03
   7.1340000e+03   1.3768288e-03   8.1744524e-04   9.9780573e-01
   7.1960000e+03   7.3734169e-05   9.9821679e-01   1.7094716e-03
   7.1810000e+03   9.9898901e-01   8.0768822e-04   2.0330139e-04
   7.1320000e+03   2.0092293e-04   9.9880619e-01   9.9288892e-04
   7.1590000e+03   2.9292572e-04   9.9832892e-01   1.3781574e-03
   7.1610000e+03   2.3035572e-04   9.9976964e-01   0.0000000e+00
   7.1670000e+03   5.8228800e-06   9.9939776e-01   5.9641538e-04
   7.7240000e+03   9.9986284e-01   1.3716204e-04   0.0000000e+00
   7.1650000e+03   1.0000000e+00  -0.0000000e+00  -0.0000000e+00
   7.1680000e+03   9.9956799e-01   3.4687513e-04   8.5133317e-05
   7.1760000e+03   2.7141522e-04   9.9852859e-01   1.1999997e-03
   7.1700000e+03   4.0506174e-04   9.9852260e-01   1.0723370e-03
   7.1720000e+03   4.0468595e-04   9.9853271e-01   1.0626039e-03
   7.1920000e+03   1.0439023e-03   3.2292180e-04   9.9863318e-01
   7.2380000e+03   3.4264745e-03   9.9644695e-01   1.2657232e-04
   7.2370000e+03   9.9626263e-01   6.1910563e-05   3.6754624e-03
   7.2300000e+03   9.2055113e-04   9.9888025e-01   1.9919923e-04
   7.2340000e+03   1.4877354e-03   9.9851226e-01   1.4448185e-15
   7.1800000e+03   1.1244677e-04   6.7355832e-04   9.9921399e-01
   7.1530000e+03   1.2460109e-04   7.5814503e-04   9.9911725e-01
   7.2240000e+03   1.0245379e-03   7.8269738e-04   9.9819276e-01
   7.1410000e+03   9.9602296e-01   1.4244184e-03   2.5526264e-03
   7.1400000e+03   9.9440669e-01   1.1413831e-03   4.4519303e-03
   7.2460000e+03   3.7260418e-03   9.9625978e-01   1.4179158e-05
   7.2330000e+03   1.3197157e-04   2.6154423e-03   9.9725259e-01
   7.1390000e+03   2.1538904e-03   9.9773184e-01   1.1426631e-04
   7.2090000e+03   3.3950716e-04   2.8571619e-03   9.9680333e-01
   7.2110000e+03   2.4726256e-04   1.0850509e-03   9.9866769e-01
   7.2130000e+03   1.1002267e-03   9.9855904e-01   3.4073431e-04
   7.2190000e+03   1.2624623e-05   9.9833671e-01   1.6506608e-03
   7.2350000e+03   1.5472190e-04   9.9861575e-01   1.2295308e-03
   7.2260000e+03   3.3619543e-03   9.9641849e-01   2.1955819e-04
   7.2200000e+03   3.1744021e-03   9.9630547e-01   5.2012939e-04
   7.2220000e+03   2.8806694e-03   9.9665751e-01   4.6181752e-04
   7.1770000e+03   3.6960170e-04   1.5304541e-04   9.9947735e-01
   7.2430000e+03   9.9816977e-01   3.2125183e-04   1.5089799e-03
   7.3270000e+03   9.9864703e-01   1.0326110e-03   3.2035684e-04
   7.3430000e+03   9.9827517e-01   1.2502214e-03   4.7461098e-04
   7.3410000e+03   9.9874126e-01   8.5617932e-04   4.0256139e-04
   7.3290000e+03   9.9865373e-01   1.1466287e-03   1.9963761e-04
   7.3310000e+03   9.9878211e-01   9.3934737e-04   2.7854238e-04
   7.3450000e+03   9.9842399e-01   1.2303648e-03   3.4564634e-04
   7.3350000e+03   9.9868111e-01   8.0512922e-04   5.1376069e-04
   7.3330000e+03   9.9851788e-01   1.0457161e-03   4.3640554e-04
   7.3370000e+03   9.9891391e-01   7.3776449e-04   3.4832861e-04
   7.2520000e+03   0.0000000e+00   1.0000000e+00  -0.0000000e+00
   7.2590000e+03   1.4063415e-03   2.5390805e-04   9.9833975e-01
   7.2820000e+03   9.9845603e-01   1.3015284e-03   2.4243810e-04
   7.2570000e+03   1.3913535e-03   3.5397952e-04   9.9825467e-01
   7.2840000e+03   9.9861406e-01   1.1198914e-03   2.6604378e-04
   7.2860000e+03   9.9863342e-01   8.3752402e-04   5.2905664e-04
   7.2550000e+03   1.2185750e-03   6.8989238e-04   9.9809153e-01
   7.2880000e+03   9.9871968e-01   6.3987049e-04   6.4044768e-04
   7.1480000e+03   1.1013753e-03   5.3530275e-04   9.9836332e-01
   7.1940000e+03   1.3202152e-03   4.1593053e-05   9.9863819e-01
   7.1490000e+03   0.0000000e+00  -0.0000000e+00   1.0000000e+00
   7.1890000e+03   9.9994853e-01   5.1473817e-05   0.0000000e+00
   7.1330000e+03   1.4594188e-03   4.6493731e-04   9.9807564e-01
   7.1560000e+03   1.5124368e-03   8.7173337e-04   9.9761583e-01
   7.4430000e+03   1.0600327e-03   1.9876992e-03   9.9695227e-01
   7.4570000e+03   1.3822601e-03   3.8911325e-03   9.9472661e-01
   7.4450000e+03   3.6618848e-04   1.9531189e-03   9.9768069e-01
   7.4470000e+03   5.0988298e-04   1.8073968e-03   9.9768272e-01
   7.4510000e+03   1.0138188e-03   2.0724818e-03   9.9691370e-01
   7.4490000e+03   6.7637464e-04   2.2273741e-03   9.9709625e-01
   7.4530000e+03   1.0155051e-03   2.2681886e-03   9.9671631e-01
   7.4550000e+03   6.4031790e-04   1.7974097e-03   9.9756227e-01
   7.1980000e+03   9.9829659e-01   3.7859001e-04   1.3248236e-03
   7.2450000e+03   9.9793378e-01   3.5829676e-06   2.0626417e-03
   7.2070000e+03   6.5598067e-04   2.7340037e-03   9.9661002e-01
   7.1990000e+03   1.4055327e-03   2.2055042e-03   9.9638896e-01
   7.2030000e+03   3.0163822e-04   5.4571030e-04   9.9915265e-01
   7.2010000e+03   3.7775054e-04   1.0383498e-03   9.9858390e-01
   7.2410000e+03   9.9784659e-01   3.9315031e-04   1.7602570e-03
   7.2060000e+03   9.9666207e-01   1.3293530e-03   2.0085775e-03
   7.2600000e+03   4.8565439e-04   6.2287815e-04   9.9889147e-01
   7.1440000e+03   9.0725258e-04   5.9253810e-04   9.9850021e-01
   7.8370000e+03   8.5333635e-04   7.2966268e-04   9.9841700e-01
   7.8350000e+03   1.1616695e-03   5.6681012e-04   9.9827152e-01
   7.8390000e+03   3.4554495e-04   9.9874003e-01   9.1442613e-04
   7.8400000e+03   1.0462742e-04   9.9838099e-01   1.5143868e-03
   7.8440000e+03   1.3521352e-03   9.9826230e-01   3.8556325e-04
   7.3280000e+03   5.9377500e-04   1.2425639e-03   9.9816366e-01
   7.1660000e+03   1.1573422e-05   1.0006562e-03   9.9898777e-01
   7.7110000e+03   2.2020896e-04   9.9908330e-01   6.9648863e-04
   7.7250000e+03   7.3636432e-04   9.9909214e-01   1.7149411e-04
   7.1620000e+03   0.0000000e+00   1.0000000e+00  -0.0000000e+00
   7.7210000e+03   9.9906241e-01   4.2655881e-04   5.1103002e-04
   7.7100000e+03   2.7988770e-04   9.9867989e-01   1.0402223e-03
   7.7330000e+03   2.3406351e-04   2.6202998e-16   9.9976594e-01
   7.7270000e+03   9.9857187e-01   1.1138386e-03   3.1429139e-04
   7.7170000e+03   9.9894265e-01   1.0532023e-03   4.1500458e-06
   7.7300000e+03   2.1854441e-04   9.9872770e-01   1.0537575e-03
   7.1470000e+03   2.2247143e-04   8.7700828e-04   9.9890052e-01
   7.5200000e+03   1.0373954e-03   9.0917253e-04   9.9805343e-01
   7.8320000e+03   1.1771320e-03   9.9823113e-01   5.9173863e-04
   7.5220000e+03   5.1920917e-04   8.2717149e-04   9.9865362e-01
   7.5240000e+03   3.0815138e-04   2.1806597e-03   9.9751119e-01
   7.5380000e+03   0.0000000e+00   1.1583687e-03   9.9884163e-01
   7.4800000e+03   2.3224660e-04   6.7614156e-04   9.9909161e-01
   7.6010000e+03   2.3097499e-04   9.9976903e-01   0.0000000e+00
   7.6400000e+03   3.6902089e-04   3.9282144e-04   9.9923816e-01
   7.6060000e+03  -6.4076348e-17   9.9906024e-01   9.3976058e-04
   7.4790000e+03   1.6172660e-04   0.0000000e+00   9.9983827e-01
   7.6680000e+03  -3.9627589e-17   9.9964039e-01   3.5960843e-04
   7.5260000e+03   9.1517505e-16   9.9951557e-01   4.8442662e-04
   7.5250000e+03   1.7052942e-04   9.9941729e-01   4.1218141e-04
   7.6670000e+03   1.1693766e-04   9.9936231e-01   5.2075377e-04
   7.5940000e+03   5.5175591e-15   9.9977535e-01   2.2465199e-04
   7.4870000e+03   0.0000000e+00   1.0000000e+00  -0.0000000e+00
   7.6320000e+03   0.0000000e+00   1.0654535e-03   9.9893455e-01
   7.5340000e+03   2.1461885e-04   1.1975625e-03   9.9858782e-01
   7.6650000e+03   1.0775426e-04   3.4042710e-04   9.9955182e-01
   7.5910000e+03   4.1256233e-04   9.9934029e-01   2.4714409e-04
   7.5280000e+03   9.9973330e-01   3.1645832e-06   2.6353103e-04
   7.5890000e+03   3.0347045e-04   2.1491443e-04   9.9948162e-01
   7.5310000e+03   9.9963930e-01   3.3948634e-04   2.1213763e-05
   7.6300000e+03   1.1102230e-16   1.1868961e-03   9.9881310e-01
   7.6230000e+03   9.0724813e-04   0.0000000e+00   9.9909275e-01
   7.5360000e+03   9.9913030e-01   6.6653764e-04   2.0316578e-04
   7.6550000e+03   5.6506830e-04   9.9943493e-01   7.7770476e-16
   7.6570000e+03   4.1912491e-04   9.9958088e-01   0.0000000e+00
   7.6600000e+03   5.7958019e-04   7.9488877e-15   9.9942042e-01
   7.6610000e+03   2.3795044e-04   7.6276896e-04   9.9899928e-01
   7.5390000e+03   4.9296168e-04   6.9918015e-04   9.9880786e-01
   7.6140000e+03   9.9928223e-01   2.6190235e-04   4.5587126e-04
   7.6140000e+03   1.2476240e-14   9.9947854e-01   5.2146412e-04
   7.6290000e+03   1.2940477e-03   5.6359494e-04   9.9814236e-01
   7.5440000e+03  -6.9388939e-18   9.9840362e-01   1.5963821e-03
   7.6260000e+03   5.3518088e-04   9.9893304e-01   5.3178248e-04
   7.5970000e+03   6.0176774e-04   9.9932078e-01   7.7448781e-05
   7.5750000e+03   3.4516654e-04   9.9877736e-01   8.7747781e-04
   7.6800000e+03   8.5890943e-04   9.9845482e-01   6.8627345e-04
   7.5540000e+03   1.1924941e-03   4.1991451e-04   9.9838759e-01
   7.5770000e+03   1.5063086e-04   9.9863614e-01   1.2132284e-03
   7.6750000e+03   9.9919072e-01   7.6500026e-05   7.3278306e-04
   7.6470000e+03   4.4957669e-04   4.0937574e-04   9.9914105e-01
   7.6740000e+03   3.8741015e-04   9.9861312e-01   9.9946620e-04
   7.5510000e+03   1.0338437e-03   9.9818293e-01   7.8322423e-04
   7.5790000e+03   1.0272702e-03   9.9780522e-01   1.1675063e-03
   7.5530000e+03   2.1964699e-04   8.2305814e-04   9.9895729e-01
   7.5780000e+03   9.9900810e-01   2.2238112e-04   7.6952315e-04
   7.5730000e+03   2.1280627e-04   9.9894190e-01   8.4529801e-04
   7.5710000e+03   2.3554858e-04   9.9901880e-01   7.4565382e-04
   7.5690000e+03   1.4764706e-04   9.9923782e-01   6.1453112e-04
   7.7860000e+03   5.8739776e-04   9.9918623e-01   2.2637527e-04
   7.4960000e+03   6.2203559e-04   9.9913944e-01   2.3852229e-04
   7.7890000e+03   9.9943011e-01   3.8350812e-04   1.8638484e-04
   7.5660000e+03   2.2935969e-04   9.9948048e-01   2.9016333e-04
   7.8190000e+03   5.5238022e-04   9.9909713e-01   3.5048559e-04
   7.8170000e+03   3.6325062e-04   9.9912421e-01   5.1253882e-04
   7.5670000e+03   1.2624413e-04   9.9930403e-01   5.6972390e-04
   7.7900000e+03   3.5489546e-04   9.9901588e-01   6.2922162e-04
   7.7930000e+03   8.6932408e-04   3.6620276e-04   9.9876447e-01
   7.7450000e+03   1.0246238e-03   2.0229629e-04   9.9877308e-01
   7.7470000e+03   1.1734504e-03   0.0000000e+00   9.9882655e-01
   7.5800000e+03   9.9848330e-01   5.3903303e-16   1.5166972e-03
   7.6730000e+03   1.8781633e-03   9.9792169e-01   2.0015115e-04
   7.8290000e+03   4.0989200e-04   1.5110473e-04   9.9943900e-01
   7.6720000e+03   2.6970846e-04   4.2471258e-04   9.9930558e-01
   7.6220000e+03   1.3659243e-04   2.7211325e-04   9.9959129e-01
   7.5930000e+03   2.9278880e-15   9.9943205e-01   5.6794699e-04
   7.5940000e+03   9.9941836e-01   3.3868469e-04   2.4295227e-04
   7.6250000e+03   9.9935796e-01   3.0237058e-16   6.4203512e-04
   7.6240000e+03  -2.1467203e-17   9.9901529e-01   9.8470673e-04
   7.5950000e+03   3.1815728e-04   9.9961525e-01   6.6594444e-05
   7.4990000e+03   5.7425426e-04   9.9897187e-01   4.5387509e-04
   7.5990000e+03   4.1565356e-04   2.4464820e-05   9.9955988e-01
   7.7840000e+03   4.4259092e-04   9.9955246e-01   4.9536020e-06
   8.9180000e+03   9.9950067e-01   4.9932799e-04   0.0000000e+00
   7.4840000e+03   0.0000000e+00   1.0000000e+00  -0.0000000e+00
   7.6090000e+03   2.1725619e-03   0.0000000e+00   9.9782744e-01
   7.6360000e+03   1.9259014e-03   2.7336554e-04   9.9780073e-01
   7.6100000e+03   3.2997630e-04   0.0000000e+00   9.9967002e-01
   7.6100000e+03   8.0425273e-04   9.9919575e-01   4.0228006e-16
   7.6170000e+03   8.0439017e-04   1.8223908e-04   9.9901337e-01
   7.6570000e+03   2.6666937e-04   1.7338150e-14   9.9973333e-01
   7.6530000e+03   4.4355801e-04   9.9955644e-01   0.0000000e+00
   7.6310000e+03   1.1562441e-03   1.6964348e-04   9.9867411e-01
   7.6920000e+03   6.7713274e-04   5.4289786e-04   9.9877997e-01
   7.6910000e+03   9.9652533e-01   0.0000000e+00   3.4746695e-03
   7.6880000e+03   5.0974524e-04   3.5206321e-04   9.9913819e-01
   7.6870000e+03   1.1102230e-16   4.2213823e-04   9.9957786e-01
   7.8090000e+03   2.8501274e-04   0.0000000e+00   9.9971499e-01
   7.6870000e+03   1.0000000e+00  -0.0000000e+00  -0.0000000e+00
   7.6900000e+03   3.2620933e-05   2.6860056e-04   9.9969878e-01
   7.7580000e+03   1.1102230e-16   7.5809857e-04   9.9924190e-01
   7.8020000e+03   9.9894612e-01   7.7209573e-04   2.8178305e-04
   7.8250000e+03   3.9993753e-04   3.0891475e-16   9.9960006e-01
   7.7030000e+03   9.9907202e-01   6.5265964e-04   2.7532156e-04
   7.6940000e+03   9.9874057e-01   9.8618136e-04   2.7324643e-04
   7.4950000e+03   8.2285360e-04   9.9864648e-01   5.3066249e-04
   7.7080000e+03   6.9352395e-04   1.0914146e-03   9.9821506e-01
   7.4980000e+03   1.9642392e-04   9.9846207e-01   1.3415079e-03
   7.6980000e+03   9.9861336e-01   1.2081684e-03   1.7847433e-04
   7.7000000e+03   9.9925222e-01   4.2422982e-04   3.2355077e-04
   7.7050000e+03   3.0811378e-04   8.7742566e-06   9.9968311e-01
   7.7020000e+03   1.9218737e-04   9.9972721e-01   8.0600453e-05
   7.7790000e+03   9.9956231e-01   4.0030959e-04   3.7376777e-05
   7.8150000e+03   8.7648025e-04   1.6613442e-04   9.9895739e-01
   7.7310000e+03   1.1355506e-03   9.9837501e-01   4.8944297e-04
   7.7640000e+03   9.9916591e-01   8.3408838e-04   0.0000000e+00
   7.7180000e+03   9.9715669e-06   8.9708752e-04   9.9909294e-01
   7.7710000e+03   4.6488413e-04   1.1224733e-03   9.9841264e-01
   7.7360000e+03   9.9868787e-01   4.8454991e-04   8.2757890e-04
   7.7390000e+03   9.9395402e-01   0.0000000e+00   6.0459817e-03
   7.7430000e+03   9.9542256e-01   2.8494163e-03   1.7280272e-03
   7.7740000e+03   6.4615368e-04   9.9935385e-01   6.0939424e-16
   7.7370000e+03   8.8638643e-04   9.9865101e-01   4.6260532e-04
   7.7590000e+03   2.7245717e-05   3.7755045e-04   9.9959520e-01
   7.7400000e+03   0.0000000e+00   0.0000000e+00   1.0000000e+00
   7.7560000e+03   9.9902100e-01   6.1141347e-04   3.6758957e-04
   7.7550000e+03   2.8015552e-04   9.9851628e-01   1.2035607e-03
   7.7530000e+03   6.9872382e-05   9.9829164e-01   1.6384908e-03
   7.6810000e+03   1.9810716e-03   9.9800544e-01   1.3485166e-05
   7.6840000e+03   2.9259029e-04   9.9850974e-01   1.1976691e-03
   7.6970000e+03   5.1287153e-04   9.9908259e-01   4.0454108e-04
   7.7690000e+03   5.5453934e-04   7.4586761e-04   9.9869959e-01
   7.4940000e+03   9.9884978e-01   7.8961966e-04   3.6060423e-04
   7.8110000e+03   9.0041484e-04   2.7675202e-04   9.9882283e-01
   7.8040000e+03   8.2399365e-17   9.9930444e-01   6.9556485e-04
   7.7630000e+03   0.0000000e+00   6.5046838e-04   9.9934953e-01
   7.7650000e+03   1.3416888e-04   8.7971889e-04   9.9898611e-01
   7.7660000e+03   9.6672635e-04   9.9877188e-01   2.6139310e-04
   7.7950000e+03   3.5884785e-04   1.1866676e-03   9.9845448e-01
   7.8270000e+03   6.3199426e-04   1.2055745e-04   9.9924745e-01
   7.7720000e+03   2.5306224e-04   9.9909436e-01   6.5258162e-04
   7.7760000e+03   3.2105268e-04   9.9944319e-01   2.3575399e-04
   7.8240000e+03   9.9814640e-01   0.0000000e+00   1.8536001e-03
   7.7780000e+03   9.9819996e-01   6.7557620e-04   1.1244646e-03
   7.7830000e+03   1.9864636e-04   9.9953077e-01   2.7058343e-04
   7.7990000e+03   6.1168817e-05   5.7025894e-04   9.9936857e-01
   7.7960000e+03   1.0824286e-04   5.6524083e-04   9.9932652e-01
   7.8210000e+03   6.9492927e-04   9.9897958e-01   3.2548597e-04
   7.8050000e+03   9.9922014e-01   4.3657648e-04   3.4328572e-04
   7.8120000e+03   0.0000000e+00   8.9906882e-04   9.9910093e-01
   7.8100000e+03   0.0000000e+00   7.1204981e-04   9.9928795e-01
   7.3250000e+03   9.9892195e-01   4.1945037e-04   6.5860279e-04
   7.1460000e+03   9.9789672e-01   9.3797791e-04   1.1653037e-03
   8.1570000e+03   9.9888449e-01   1.1155115e-03   2.8398900e-15
   8.1550000e+03   9.9877254e-01   9.1615799e-04   3.1129756e-04
   8.1580000e+03   1.5477180e-03   9.9796199e-01   4.9028770e-04
   8.1600000e+03   3.6819884e-04   1.1207681e-03   9.9851103e-01
   8.1650000e+03   1.4924815e-04   9.9857635e-01   1.2743987e-03
   7.2170000e+03   9.9784857e-01   1.5981446e-03   5.5328336e-04
   8.0310000e+03   2.9448167e-04   2.1253584e-03   9.9758016e-01
   7.7130000e+03   1.5596572e-04   9.4263561e-04   9.9890140e-01
   8.0320000e+03   1.1539037e-04   9.9186455e-04   9.9889275e-01
   8.0470000e+03   2.2555504e-05   9.5998377e-04   9.9901746e-01
   8.0450000e+03   6.6778330e-05   1.5277300e-03   9.9840549e-01
   8.0430000e+03   2.1132271e-04   2.6663668e-03   9.9712231e-01
   8.0290000e+03   3.4969992e-03   9.9621509e-01   2.8791138e-04
   8.0540000e+03   3.6019599e-03   9.9611592e-01   2.8212343e-04
   8.0490000e+03   3.5129058e-04   2.9837162e-03   9.9666499e-01
   7.2440000e+03   2.2828017e-04   9.9807695e-01   1.6947730e-03
   8.0500000e+03   2.1317475e-03   9.9776538e-01   1.0287654e-04
   7.1970000e+03   9.4660530e-04   9.9732956e-01   1.7238309e-03
   7.8460000e+03   9.9903505e-01   5.0879887e-04   4.5615444e-04
   8.1530000e+03   4.1241355e-04   9.9875466e-01   8.3292191e-04
   7.8480000e+03   9.9911476e-01   6.9596200e-04   1.8927676e-04
   8.0010000e+03   1.9450412e-03   9.9805496e-01   0.0000000e+00
   7.8670000e+03   9.9840822e-01   0.0000000e+00   1.5917815e-03
   7.9690000e+03   9.9810623e-01   1.7533341e-04   1.7184370e-03
   7.8620000e+03   3.6169795e-05   9.9074820e-04   9.9897308e-01
   7.9660000e+03   9.9874620e-01   3.5065340e-04   9.0314293e-04
   7.8940000e+03   1.0864726e-03   9.5516413e-04   9.9795836e-01
   7.5010000e+03   9.9847142e-01   0.0000000e+00   1.5285766e-03
   7.5050000e+03   9.9860690e-01   9.0062052e-15   1.3931031e-03
   7.9250000e+03   3.5129185e-04   5.4091255e-04   9.9910780e-01
   8.1000000e+03   6.3343517e-04   6.4548719e-04   9.9872108e-01
   7.8530000e+03   6.3189065e-04   1.0844682e-03   9.9828364e-01
   7.9910000e+03   4.9960036e-15   1.6630221e-03   9.9833698e-01
   7.8540000e+03   3.5724015e-03   9.9425018e-01   2.1774144e-03
   7.5090000e+03   9.4125072e-04   0.0000000e+00   9.9905875e-01
   7.9590000e+03   9.9139445e-04   9.9799653e-01   1.0120754e-03
   7.8630000e+03   1.2277311e-03   9.9743549e-01   1.3367752e-03
   7.9740000e+03   7.6092878e-04   9.9862856e-01   6.1050665e-04
   7.9210000e+03   4.5349610e-04   2.9425492e-04   9.9925225e-01
   7.8580000e+03   3.7872111e-04   9.1877744e-04   9.9870250e-01
   7.9190000e+03   9.3054212e-04   9.9811506e-01   9.5439520e-04
   7.8600000e+03   5.2028036e-04   1.0008565e-03   9.9847886e-01
   7.9570000e+03   6.0935021e-04   9.9813087e-01   1.2597779e-03
   7.8660000e+03   9.9915082e-01   5.7887811e-04   2.7029942e-04
   7.9440000e+03   4.6953291e-04   9.9861806e-01   9.1240745e-04
   7.9780000e+03   2.2469325e-04   5.6371361e-04   9.9921159e-01
   7.9810000e+03   4.2120137e-04   9.9957880e-01   2.5405986e-15
   7.9850000e+03   5.1733368e-04   6.9911203e-15   9.9948267e-01
   7.6450000e+03   2.5153490e-17   9.9669534e-01   3.3046609e-03
   7.6430000e+03   9.1072982e-18   9.9712152e-01   2.8784755e-03
   7.8700000e+03   6.4565449e-04   9.9926539e-01   8.8952213e-05
   7.9840000e+03   5.2127005e-04   2.9093065e-15   9.9947873e-01
   7.5410000e+03   1.1393150e-03   8.1070514e-05   9.9877961e-01
   7.8720000e+03   7.2220111e-04   9.9814962e-01   1.1281824e-03
   7.8740000e+03   5.0018269e-04   9.9869921e-01   8.0060336e-04
   7.5450000e+03   8.4320250e-05   4.9985987e-04   9.9941582e-01
   7.8750000e+03   3.9884857e-04   2.9914056e-04   9.9930201e-01
   7.9050000e+03   7.4708616e-04   2.9276760e-04   9.9896015e-01
   7.8780000e+03   9.9833070e-01   0.0000000e+00   1.6693024e-03
   7.8840000e+03   9.9878665e-01   1.0601414e-03   1.5321026e-04
   7.9070000e+03   5.7750485e-04   5.8443796e-04   9.9883806e-01
   7.9970000e+03   1.1995177e-03   2.1748810e-04   9.9858299e-01
   7.9700000e+03   4.1324868e-05   9.9901733e-01   9.4134942e-04
   7.9940000e+03   1.0348229e-03   9.9812359e-01   8.4158525e-04
   7.9100000e+03   9.6270081e-04   9.9899074e-01   4.6555626e-05
   7.9650000e+03   9.9887583e-01   6.0807757e-04   5.1609466e-04
   7.5040000e+03   9.9855724e-01   3.8179900e-04   1.0609648e-03
   7.9030000e+03   7.0835783e-04   4.8109718e-04   9.9881054e-01
   7.9010000e+03   9.2724758e-04   2.8096871e-04   9.9879178e-01
   7.8990000e+03   8.8656352e-04   1.4512163e-04   9.9896831e-01
   8.1100000e+03   4.5997678e-04   9.9867621e-01   8.6381107e-04
   7.5160000e+03   4.7960458e-04   9.9809285e-01   1.4275477e-03
   8.1120000e+03   1.5189882e-03   6.3938495e-04   9.9784163e-01
   7.8950000e+03   7.9370475e-04   9.9788747e-01   1.3188206e-03
   8.1410000e+03   7.1758141e-04   9.9877905e-01   5.0337224e-04
   8.1390000e+03   8.4518004e-04   9.9896737e-01   1.8744730e-04
   7.8970000e+03   7.7792925e-04   2.0130447e-04   9.9902077e-01
   8.1140000e+03   1.0783067e-03   9.9892169e-01   0.0000000e+00
   8.1160000e+03   9.9876102e-01   9.9758872e-04   2.4138930e-04
   8.0650000e+03   9.9863131e-01   6.2390984e-04   7.4477544e-04
   8.0670000e+03   9.9866537e-01   3.2512284e-04   1.0095101e-03
   8.0690000e+03   9.9858430e-01   4.2511024e-04   9.9058931e-04
   8.0710000e+03   1.2391876e-04   1.8030477e-03   9.9807303e-01
   8.1500000e+03   1.1955138e-03   9.9805331e-01   7.5117177e-04
   7.9930000e+03   9.9862205e-01   7.0357087e-04   6.7438210e-04
   7.9230000e+03   0.0000000e+00   2.1302433e-03   9.9786976e-01
   7.9520000e+03   5.0776087e-04   4.6058021e-04   9.9903166e-01
   7.9540000e+03   1.1962692e-03   6.5714918e-04   9.9814658e-01
   7.9240000e+03   0.0000000e+00   2.0278910e-16   1.0000000e+00
   8.1060000e+03   1.9551170e-04   9.9896915e-01   8.3533771e-04
   8.1080000e+03   1.3558044e-04   9.9894293e-01   9.2148995e-04
   7.9370000e+03   5.1135992e-04   9.9948864e-01   0.0000000e+00
   7.9790000e+03   7.2219677e-04   6.0985573e-16   9.9927780e-01
   7.9620000e+03   4.6047895e-04   9.9861989e-01   9.1963198e-04
   7.9630000e+03   9.9494860e-01   1.4326841e-03   3.6187172e-03
   7.9830000e+03   1.4730066e-04   5.6396472e-15   9.9985270e-01
   7.9380000e+03   1.2212453e-15   3.9051508e-04   9.9960948e-01
   7.9420000e+03   9.9901786e-01   3.8372758e-04   5.9841194e-04
   7.9830000e+03   5.5216084e-04   9.9944784e-01   1.0116035e-15
   7.9760000e+03   1.5987141e-04   5.2761430e-04   9.9931251e-01
   7.9550000e+03   7.8926189e-04   9.9788994e-01   1.3207984e-03
   7.6460000e+03   9.9944253e-01   5.5747227e-04   0.0000000e+00
   7.8490000e+03   3.0694627e-04   8.8677434e-04   9.9880628e-01
   8.1520000e+03   1.2348105e-03   9.9876519e-01   0.0000000e+00
   7.9710000e+03   9.9921757e-01   3.0362365e-04   4.7880761e-04
   8.0130000e+03   3.5188597e-06   6.2934119e-04   9.9936714e-01
   8.0120000e+03  -1.1102230e-16   1.5428526e-04   9.9984571e-01
   8.0080000e+03   9.9785696e-01   5.0382327e-04   1.6392142e-03
   8.1280000e+03   1.0609123e-03   2.1019589e-03   9.9683713e-01
   8.0100000e+03   1.6939578e-04   9.9878041e-01   1.0501906e-03
   8.0090000e+03   1.2461111e-03   9.9864118e-01   1.1270562e-04
   8.0110000e+03   8.5659279e-04   9.9914341e-01   1.4675782e-15
   8.0780000e+03   7.3666125e-04   9.9864243e-01   6.2090851e-04
   7.5150000e+03   1.0000000e+00   0.0000000e+00   0.0000000e+00
   8.0150000e+03   9.9769555e-01   2.3044507e-03   2.4753839e-15
   8.1460000e+03   2.0290411e-03   9.9768098e-01   2.8997428e-04
   8.0260000e+03   1.9983185e-04   2.8088432e-03   9.9699132e-01
   8.0160000e+03   1.2473359e-04   2.6636086e-03   9.9721166e-01
   7.5140000e+03   7.9092841e-04   9.9784467e-01   1.3643982e-03
   8.0270000e+03   9.9830059e-01   7.7686232e-04   9.2254476e-04
   8.0190000e+03   9.9744524e-01   2.4742555e-03   8.0503387e-05
   8.0510000e+03   3.1597788e-05   9.9762687e-01   2.3415346e-03
   8.1360000e+03   4.3296093e-03   9.9359061e-01   2.0797768e-03
   8.0410000e+03   1.8276832e-03   0.0000000e+00   9.9817232e-01
   8.0230000e+03   1.7752998e-03   9.9800383e-01   2.2087331e-04
   8.0240000e+03   5.6138097e-04   9.9800242e-01   1.4361959e-03
   8.0530000e+03   6.6419729e-04   9.9823777e-01   1.0980296e-03
   8.0340000e+03   9.9819635e-01   1.1747001e-03   6.2894559e-04
   8.0370000e+03   5.0550497e-04   9.9850378e-01   9.9071745e-04
   8.0380000e+03   9.9850660e-01   1.2208002e-03   2.7259844e-04
   8.0900000e+03   9.9827371e-01   1.0141622e-03   7.1212741e-04
   8.0570000e+03   2.5190048e-03   7.8442107e-04   9.9669657e-01
   8.0940000e+03   9.9799162e-01   0.0000000e+00   2.0083772e-03
   8.1030000e+03   2.7658818e-04   2.5120081e-04   9.9947221e-01
   7.7800000e+03   2.7410707e-04   4.1354952e-04   9.9931234e-01
   8.0930000e+03   1.1685436e-03   9.9836344e-01   4.6801584e-04
   8.0600000e+03   9.9556029e-01   4.4397111e-03   0.0000000e+00
   8.0770000e+03   8.6636718e-04   1.4935432e-03   9.9764009e-01
   8.0740000e+03   2.0688374e-03   9.9740409e-01   5.2706819e-04
   8.0720000e+03   1.9931377e-03   9.9771880e-01   2.8806699e-04
   8.0050000e+03   2.2966702e-03   9.9755095e-01   1.5237683e-04
   8.0030000e+03   1.9606521e-03   9.9758944e-01   4.4991126e-04
   8.0170000e+03   1.5237606e-03   9.9765209e-01   8.2414911e-04
   8.0880000e+03   9.9848630e-01   7.4698582e-04   7.6671754e-04
   7.5130000e+03   8.6731469e-04   1.2362386e-03   9.9789645e-01
   7.5170000e+03   9.9854204e-01   7.0426131e-04   7.5369805e-04
   8.1300000e+03   9.7287273e-04   1.2574241e-03   9.9776970e-01
   8.0820000e+03   9.9882652e-01   9.2542740e-04   2.4805538e-04
   8.0840000e+03   9.9870999e-01   8.5961823e-04   4.3039069e-04
   8.0870000e+03   5.3336541e-04   9.9842095e-01   1.0456880e-03
   8.1170000e+03   9.9785357e-01   1.5698419e-03   5.7659130e-04
   8.1480000e+03   1.7034480e-03   9.9763130e-01   6.6525288e-04
   8.0950000e+03   5.5898555e-05   1.3187114e-03   9.9862539e-01
   8.0980000e+03   7.5572992e-04   6.7224756e-04   9.9857202e-01
   8.1450000e+03   9.8915473e-04   1.0278599e-03   9.9798299e-01
   8.1010000e+03   1.4614451e-03   2.3856875e-03   9.9615287e-01
   8.1050000e+03   9.3806345e-04   9.9904232e-01   1.9616938e-05
   8.1210000e+03   9.9887109e-01   8.7322098e-04   2.5569377e-04
   8.1190000e+03   2.2216774e-04   9.9851685e-01   1.2609789e-03
   8.1430000e+03   5.5422949e-04   9.9865693e-01   7.8884278e-04
   8.1340000e+03   1.5483155e-03   9.9746250e-01   9.8918934e-04
   8.1320000e+03   9.1118889e-04   9.9816020e-01   9.2861570e-04
   7.2810000e+03   7.7700551e-04   1.1046591e-03   9.9811834e-01
   7.1350000e+03   4.1265057e-04   9.9856568e-01   1.0216716e-03
   7.2620000e+03   6.4463551e-04   2.1479171e-04   9.9914057e-01
   7.3230000e+03   2.3424715e-03   9.9704535e-01   6.1217594e-04
   7.3610000e+03   1.5661655e-03   9.9823507e-01   1.9876068e-04
   7.3750000e+03   9.3834291e-04   9.9766442e-01   1.3972367e-03
   7.1420000e+03   1.5986361e-03   9.9782709e-01   5.7427375e-04
   7.4420000e+03   9.9814882e-01   1.4400964e-03   4.1107927e-04
   7.4390000e+03   4.5748660e-04   9.9776498e-01   1.7775371e-03
   7.3240000e+03  -7.6110993e-17   9.9843085e-01   1.5691499e-03
   7.4780000e+03   2.3767369e-04   9.9629091e-06   9.9975236e-01
   7.5330000e+03   1.1102230e-16   1.6496713e-04   9.9983503e-01
   7.6200000e+03   3.1492065e-04   9.9950085e-01   1.8423415e-04
   9.0600000e+03   9.9957718e-01   1.0370715e-04   3.1911511e-04
   9.0010000e+03   2.5795088e-04   6.7213347e-04   9.9906992e-01
   7.5580000e+03   6.8028759e-04   3.2675808e-04   9.9899295e-01
   7.6370000e+03   5.5182602e-04   1.7048056e-04   9.9927769e-01
   7.5480000e+03   5.3285408e-04   9.9889810e-01   5.6904466e-04
   7.6490000e+03   2.6369084e-04   5.5504643e-04   9.9918126e-01
   7.5490000e+03   2.0127930e-04   7.4057038e-04   9.9905815e-01
   7.5560000e+03   5.2101330e-04   2.2143596e-03   9.9726463e-01
   7.4860000e+03   3.1904055e-04   2.2657772e-03   9.9741518e-01
   7.5600000e+03   6.7785985e-04   1.3125746e-04   9.9919088e-01
   7.5610000e+03   1.9384255e-04   9.9907290e-01   7.3325592e-04
   7.5620000e+03   9.9933411e-01   0.0000000e+00   6.6588960e-04
   7.5840000e+03   5.9564180e-04   6.0786966e-06   9.9939828e-01
   7.5860000e+03   4.1260241e-04   5.8500975e-15   9.9958740e-01
   7.6070000e+03   1.8445421e-04   9.9948469e-01   3.3085276e-04
   7.5870000e+03   7.5858349e-05   9.9991638e-01   7.7568421e-06
   7.6050000e+03   1.7530672e-04   9.9960112e-01   2.2356876e-04
   8.9180000e+03   7.7715612e-16   3.1231838e-04   9.9968768e-01
   8.9800000e+03   6.7871056e-16   9.9876115e-01   1.2388458e-03
   7.6510000e+03   1.0522295e-04   3.3442331e-04   9.9956035e-01
   8.9390000e+03   9.9972122e-01   9.3551482e-05   1.8522844e-04
   8.9790000e+03   1.1603604e-03   2.1115551e-04   9.9862848e-01
   9.0280000e+03   9.9966458e-01   5.0608274e-16   3.3542472e-04
   7.6780000e+03   3.1685390e-04   1.4401788e-03   9.9824297e-01
   8.8370000e+03   1.2418796e-04   1.0017481e-03   9.9887406e-01
   8.7280000e+03   2.6755420e-04   1.5857314e-03   9.9814671e-01
   8.4850000e+03   9.9842828e-01   3.5701178e-04   1.2147039e-03
   8.6090000e+03   2.0797245e-03   9.9792028e-01   0.0000000e+00
   8.7300000e+03   8.7142981e-04   3.6940580e-04   9.9875916e-01
   8.5860000e+03   9.9835747e-01   1.0475099e-03   5.9502422e-04
   8.7620000e+03   9.9911675e-01   4.3654227e-04   4.4670276e-04
   8.7540000e+03   9.9794978e-01   2.0502244e-03   0.0000000e+00
   8.2120000e+03   9.9828033e-01   2.4996368e-04   1.4697096e-03
   8.1890000e+03   0.0000000e+00   1.0000000e+00  -0.0000000e+00
   8.3440000e+03   6.7332295e-04   9.9932668e-01   0.0000000e+00
   8.4750000e+03   7.5787707e-04   9.9915805e-01   8.4076470e-05
   8.5870000e+03   3.5078439e-04   3.3420060e-04   9.9931502e-01
   8.4800000e+03   4.0432593e-04   1.1053795e-03   9.9849029e-01
   8.1660000e+03   1.2408962e-03   9.9795298e-01   8.0612398e-04
   8.4580000e+03   9.9815394e-01   7.5767031e-04   1.0883927e-03
   8.4790000e+03   9.9811345e-01   2.1791137e-04   1.6686366e-03
   8.1760000e+03   2.4388836e-04   9.9616899e-01   3.5871170e-03
   8.5610000e+03   1.6073783e-04   2.7781985e-03   9.9706106e-01
   8.4890000e+03   1.6653345e-15   1.2645971e-03   9.9873540e-01
   8.3450000e+03   7.8871766e-05   2.4831985e-03   9.9743793e-01
   8.4770000e+03   9.9681283e-01   1.0184329e-03   2.1687327e-03
   8.4860000e+03   2.7706146e-03   9.9669840e-01   5.3098082e-04
   8.1810000e+03   9.5406127e-04   9.9854831e-01   4.9762897e-04
   8.4450000e+03   3.7941046e-03   9.9379104e-01   2.4148532e-03
   8.4460000e+03   1.9650080e-15   9.9613050e-01   3.8694985e-03
   8.7010000e+03   1.8616470e-03   9.9786399e-01   2.7436274e-04
   8.3470000e+03   3.0274175e-03   9.9697258e-01   0.0000000e+00
   8.6990000e+03   1.8618771e-03   9.9796258e-01   1.7554272e-04
   8.7040000e+03   9.9811806e-01   5.9715279e-04   1.2847912e-03
   8.4240000e+03   2.9840386e-04   9.9863545e-01   1.0661507e-03
   8.9090000e+03   2.2986803e-03   9.9690713e-01   7.9418818e-04
   8.7330000e+03   7.5508452e-04   9.9876907e-01   4.7584570e-04
   8.1880000e+03   9.9748041e-01   1.1100779e-03   1.4095157e-03
   8.3830000e+03   2.1487660e-03   6.3469656e-04   9.9721654e-01
   8.1930000e+03   4.4669130e-17   9.9790598e-01   2.0940205e-03
   8.3900000e+03   1.0296497e-03   9.9100301e-01   7.9673379e-03
   8.5340000e+03   5.1404061e-04   9.9860838e-01   8.7757471e-04
   8.1690000e+03   1.2845639e-04   9.9799464e-01   1.8769010e-03
   8.3710000e+03   1.5408813e-03   9.9674079e-01   1.7183327e-03
   8.5950000e+03   1.4698616e-03   9.9827469e-01   2.5545003e-04
   8.3640000e+03   9.9674700e-01   1.1107147e-03   2.1422900e-03
   8.4030000e+03   9.9783193e-01   3.8337966e-04   1.7846928e-03
   8.3520000e+03   1.7459170e-03   7.9144477e-03   9.9033964e-01
   8.3530000e+03   9.8622802e-01   1.0020266e-02   3.7517142e-03
   8.4520000e+03   2.8194309e-03   9.9718057e-01   0.0000000e+00
   8.4490000e+03   1.5765948e-03   9.9740796e-01   1.0154494e-03
   8.3550000e+03   2.9848199e-03   9.9636714e-01   6.4804322e-04
   8.3580000e+03   9.7878812e-04   2.4067770e-03   9.9661443e-01
   8.4470000e+03   1.8986361e-03   9.9504169e-01   3.0596733e-03
   8.3600000e+03   9.8783375e-01   1.2166254e-02   0.0000000e+00
   8.1750000e+03   1.8142546e-03   9.9568220e-01   2.5035452e-03
   8.3860000e+03   9.9655323e-01   3.4467743e-03   0.0000000e+00
   8.3630000e+03   9.9533627e-01   4.6637287e-03   0.0000000e+00
   8.4590000e+03   3.7615460e-03   9.9424033e-01   1.9981251e-03
   8.1700000e+03   9.9709647e-01   2.7756378e-03   1.2789186e-04
   8.3670000e+03   9.9370585e-01   2.5071658e-03   3.7869808e-03
   8.3650000e+03   2.7562977e-03   9.9580922e-01   1.4344861e-03
   8.3660000e+03   9.9608765e-01   0.0000000e+00   3.9123477e-03
   8.3750000e+03   9.9631458e-01   6.3381397e-04   3.0516012e-03
   8.3680000e+03   1.5772061e-03   6.5714688e-04   9.9776565e-01
   8.3700000e+03   3.6447959e-03   7.7831290e-04   9.9557689e-01
   8.5330000e+03   3.2030529e-03   9.9635570e-01   4.4124650e-04
   8.5270000e+03   1.0877006e-04   9.9869713e-01   1.1940976e-03
   8.5380000e+03   1.1679634e-03   3.7260876e-04   9.9845943e-01
   8.5310000e+03   2.6836939e-04   9.9860800e-01   1.1236348e-03
   8.1730000e+03   9.9579650e-01   3.1638668e-04   3.8871124e-03
   8.4060000e+03   1.0156229e-03   2.2612134e-03   9.9672316e-01
   8.5630000e+03   2.1223649e-04   2.6783692e-03   9.9710939e-01
   8.5640000e+03   2.3220573e-03   3.3521084e-04   9.9734273e-01
   8.4080000e+03   1.3644870e-03   9.9823846e-01   3.9704990e-04
   8.3940000e+03   3.6238505e-03   5.2955045e-04   9.9584660e-01
   8.3780000e+03   9.9708422e-01   6.8960051e-04   2.2261754e-03
   8.5650000e+03   1.5221617e-03   1.4187599e-03   9.9705908e-01
   8.4090000e+03   9.9463967e-01   0.0000000e+00   5.3603328e-03
   8.3790000e+03   1.6734630e-03   9.9810068e-01   2.2586039e-04
   8.3880000e+03   1.3332358e-03   9.9577929e-01   2.8874726e-03
   8.5590000e+03   9.9359829e-04   0.0000000e+00   9.9900640e-01
   8.4610000e+03   0.0000000e+00   1.0000000e+00   0.0000000e+00
   8.5990000e+03   9.9834067e-01   1.4185419e-03   2.4078855e-04
   8.4630000e+03   0.0000000e+00   1.9589203e-03   9.9804108e-01
   8.4220000e+03   3.6284284e-03   9.9164991e-01   4.7216610e-03
   8.7340000e+03   1.8642789e-03   1.0490732e-04   9.9803081e-01
   8.7550000e+03   9.9716724e-01   2.8327611e-03   0.0000000e+00
   8.3990000e+03   9.9660423e-01   2.7648361e-03   6.3093346e-04
   8.6000000e+03   2.2670951e-03   2.2379264e-03   9.9549498e-01
   1.2707000e+04   9.9557777e-01   4.4222286e-03   0.0000000e+00
   1.2371000e+04   0.0000000e+00   0.0000000e+00   1.0000000e+00
   8.6040000e+03   9.9855167e-01   5.9264655e-04   8.5568192e-04
   8.4010000e+03   2.4404958e-03   9.9658324e-01   9.7626561e-04
   8.6070000e+03   2.6817152e-03   9.9689931e-01   4.1897074e-04
   8.4150000e+03   9.9636208e-01   0.0000000e+00   3.6379184e-03
   8.7440000e+03   2.9874775e-04   9.9733418e-01   2.3670738e-03
   8.1740000e+03   1.1102230e-16  -0.0000000e+00   1.0000000e+00
   8.7510000e+03  -5.4969050e-17   9.9947825e-01   5.2174851e-04
   8.7470000e+03   1.2671675e-03   2.4004990e-03   9.9633233e-01
   8.9110000e+03   1.2712579e-03   0.0000000e+00   9.9872874e-01
   8.7570000e+03   9.9799459e-01   1.7000045e-03   3.0540594e-04
   8.7480000e+03   9.9761906e-01   5.9690891e-04   1.7840294e-03
   8.8200000e+03   9.9819818e-01   0.0000000e+00   1.8018188e-03
   8.7510000e+03   9.9863765e-01   6.7889874e-04   6.8344631e-04
   8.8810000e+03   9.9892937e-01   9.1055885e-04   1.6006751e-04
   8.8230000e+03   9.2468305e-04   9.9903354e-01   4.1772170e-05
   8.8130000e+03   9.9808673e-01   8.3021820e-04   1.0830519e-03
   8.7530000e+03   2.1930686e-03   9.3117741e-04   9.9687575e-01
   8.2030000e+03   9.9680874e-01   1.1347535e-03   2.0565041e-03
   8.2150000e+03   5.9259741e-04   9.9865093e-01   7.5647678e-04
   8.7630000e+03   1.2176074e-03   9.9754636e-01   1.2360327e-03
   8.2020000e+03   9.9749431e-01   8.6562914e-04   1.6400639e-03
   8.9060000e+03   1.5851884e-03   2.2492404e-03   9.9616557e-01
   8.8300000e+03   9.9883768e-01   2.8383632e-15   1.1623216e-03
   8.5540000e+03   3.8942349e-04   9.4973581e-04   9.9866084e-01
   8.1870000e+03   8.3538914e-04   9.9869249e-01   4.7211850e-04
   8.5040000e+03   9.5585495e-04   4.1831494e-04   9.9862583e-01
   8.5050000e+03   1.6561188e-15   9.9936372e-01   6.3627705e-04
   8.5110000e+03   9.9836191e-01   1.6145066e-03   2.3582957e-05
   8.4280000e+03   5.6078419e-04   4.1211446e-03   9.9531807e-01
   8.4270000e+03   9.9724507e-01   4.7623685e-04   2.2786967e-03
   8.4290000e+03   6.0206394e-03   1.1367417e-03   9.9284262e-01
   8.5160000e+03   4.3009249e-04   2.5342823e-03   9.9703563e-01
   8.5450000e+03   6.5163174e-04   9.9739810e-01   1.9502643e-03
   8.5510000e+03   9.9893691e-01   7.6994114e-04   2.9314439e-04
   8.4330000e+03   4.9234970e-04   8.3009312e-04   9.9867756e-01
   8.4360000e+03   1.0593663e-03   9.9739315e-01   1.5474881e-03
   8.4720000e+03   9.3456553e-04   9.9864604e-01   4.1939090e-04
   8.4380000e+03   4.2489678e-04   1.1150411e-03   9.9846006e-01
   8.4400000e+03   5.6322966e-04   7.8004623e-04   9.9865672e-01
   8.5560000e+03   9.9911296e-01   2.6635409e-04   6.2068626e-04
   8.5570000e+03   1.0031994e-03   9.9864784e-01   3.4895653e-04
   8.5430000e+03   8.4406831e-04   9.9890946e-01   2.4647122e-04
   8.5410000e+03   7.7101041e-04   9.9896208e-01   2.6690988e-04
   8.6960000e+03   9.9653204e-01   7.0751151e-04   2.7604451e-03
   8.4420000e+03   1.0782470e-04   9.9667992e-01   3.2122583e-03
   8.4430000e+03   3.8062172e-03   9.9600474e-01   1.8903996e-04
   8.6630000e+03   5.5786711e-04   1.0503290e-03   9.9839180e-01
   8.4930000e+03   9.9835335e-01   2.8261422e-04   1.3640365e-03
   8.4560000e+03   9.9913056e-01   1.5261502e-04   7.1682431e-04
   8.7590000e+03   1.1322285e-03   9.9886777e-01   3.4256147e-16
   8.5780000e+03   9.9877414e-01   4.9136131e-04   7.3449803e-04
   8.5000000e+03   9.9874331e-01   2.9575085e-04   9.6094204e-04
   8.4990000e+03   4.5016074e-16   9.9875584e-01   1.2441648e-03
   8.6380000e+03   2.4065613e-04   9.2676556e-04   9.9883258e-01
   8.5830000e+03   8.2948103e-04   9.9881017e-01   3.6034419e-04
   8.6940000e+03   9.9907153e-01   4.2823206e-04   5.0023970e-04
   8.8880000e+03   1.0000000e+00   0.0000000e+00   0.0000000e+00
   8.7640000e+03   9.9966736e-01   3.4600863e-05   2.9804162e-04
   8.2050000e+03   2.0586946e-04   1.0243760e-03   9.9876975e-01
   8.7750000e+03   9.9939692e-01   3.5425682e-04   2.4882730e-04
   8.7660000e+03   5.1390419e-04   9.9889207e-01   5.9402902e-04
   8.7860000e+03   5.7499673e-04   9.9904755e-01   3.7745353e-04
   8.8740000e+03   9.9934268e-01   6.2538433e-05   5.9478140e-04
   8.8760000e+03   9.9937482e-01   1.2570459e-04   4.9947856e-04
   9.0090000e+03  -1.1102230e-16   3.3917869e-04   9.9966082e-01
   8.7800000e+03   1.9901568e-04   9.9935804e-01   4.4294828e-04
   8.7840000e+03   3.1117152e-05   9.9949064e-01   4.7824521e-04
   8.7720000e+03   5.9291114e-04   9.9938815e-01   1.8939124e-05
   8.7710000e+03   9.9952900e-01   4.8871281e-05   4.2213170e-04
   8.8010000e+03   9.9943403e-01   2.5977196e-04   3.0619384e-04
   8.2080000e+03   4.3471572e-04   9.9954118e-01   2.4100853e-05
   8.2090000e+03   5.1476008e-04   9.9919914e-01   2.8609590e-04
   8.7790000e+03   9.9960385e-01   2.1325290e-04   1.8290075e-04
   8.7760000e+03   9.8659638e-01   1.3403623e-02   0.0000000e+00
   8.8490000e+03   1.5820625e-04   9.9967971e-01   1.6208161e-04
   8.8450000e+03   9.9951776e-01   3.1178627e-04   1.7045248e-04
   8.8460000e+03   9.9962104e-01   9.2960071e-05   2.8599708e-04
   8.7820000e+03   1.7065332e-04   9.9940733e-01   4.2201390e-04
   8.2060000e+03   9.9906381e-01   3.9265313e-04   5.4353703e-04
   8.7880000e+03   9.9933915e-01   3.4682480e-04   3.1402345e-04
   8.7920000e+03   9.9946016e-01   3.5811070e-04   1.8173189e-04
