   4.4090000e+03   5.7351218e-04   9.9939661e-01   2.9882601e-05
   4.4120000e+03   7.5410962e-05   2.6322219e-04   9.9966137e-01
   4.2200000e+03   4.0549411e-04   9.9945562e-01   1.3888782e-04
   4.4080000e+03   9.9945758e-01   7.1220618e-05   4.7119943e-04
   4.5200000e+03   4.7269746e-04   9.9865730e-01   8.6999964e-04
   4.5040000e+03   4.4719958e-04   9.9908304e-01   4.6975994e-04
   3.8060000e+03   1.9289445e-04   2.0433282e-04   9.9960277e-01
   3.8770000e+03   1.8549445e-04   1.1832668e-06   9.9981332e-01
   4.2230000e+03   5.7491003e-04   1.3418768e-03   9.9808321e-01
   4.3160000e+03   3.9595593e-04   5.0473851e-04   9.9909931e-01
   4.1850000e+03   2.7288452e-04   1.0164147e-03   9.9871070e-01
   4.2930000e+03   2.2134359e-04   1.4221748e-03   9.9835648e-01
   4.1750000e+03   3.6855521e-05   1.1869837e-03   9.9877616e-01
   4.2250000e+03   2.5134524e-05   9.9864004e-01   1.3348281e-03
   4.2920000e+03   9.9863396e-01   1.3532076e-03   1.2833478e-05
   4.3030000e+03   9.9888979e-01   1.9249289e-04   9.1771639e-04
   4.2130000e+03   3.2206038e-04   1.1733921e-03   9.9850455e-01
   4.3850000e+03   1.7824471e-04   1.7986368e-03   9.9802312e-01
   4.2260000e+03   1.4687246e-03   9.9850562e-01   2.5653144e-05
   4.1740000e+03   9.9873566e-01   1.1896921e-03   7.4646975e-05
   4.1360000e+03   9.9870791e-01   1.0408705e-03   2.5121904e-04
   4.4980000e+03   3.1896763e-04   9.9905119e-01   6.2984487e-04
   4.5360000e+03   3.9763205e-04   9.9893603e-01   6.6634026e-04
   4.2300000e+03   3.6916018e-04   9.9883510e-01   7.9573795e-04
   4.2870000e+03   3.1299661e-04   9.9917348e-01   5.1352073e-04
   4.3900000e+03   4.1073947e-04   9.9892795e-01   6.6131031e-04
   4.2330000e+03   3.7289982e-04   9.9929146e-01   3.3563589e-04
   4.2980000e+03   9.9925704e-01   3.8252687e-04   3.6043038e-04
   4.4900000e+03   3.8702542e-04   9.9893695e-01   6.7602725e-04
   4.1730000e+03   2.3258188e-04   1.6549558e-04   9.9960192e-01
   4.3110000e+03   2.6335871e-04   1.7115798e-04   9.9956548e-01
   4.4810000e+03   2.6698001e-04   9.9883553e-01   8.9748991e-04
   4.0740000e+03   2.6733185e-05   2.4810250e-04   9.9972516e-01
   4.1210000e+03   9.9973683e-01   5.2252026e-05   2.1091413e-04
   4.2370000e+03   4.2424846e-04   3.6607962e-16   9.9957575e-01
   4.3480000e+03   5.7941672e-05   9.9974398e-01   1.9807853e-04
   4.2390000e+03   3.2429672e-04   7.0685144e-04   9.9896885e-01
   4.1660000e+03   9.9916611e-01   7.9220930e-04   4.1683990e-05
   4.3210000e+03   8.6730709e-04   2.6088593e-15   9.9913269e-01
   4.2900000e+03   7.8129823e-04   9.9901711e-01   2.0158796e-04
   4.4720000e+03   2.3192754e-04   9.9890563e-01   8.6244185e-04
   4.3240000e+03   9.9896009e-01   8.7518836e-04   1.6471746e-04
   4.2410000e+03   5.9694404e-04   7.7564053e-04   9.9862742e-01
   4.3510000e+03   1.7713307e-04   5.7053240e-04   9.9925233e-01
   4.2420000e+03   9.9909142e-01   9.0857905e-04   0.0000000e+00
   4.3690000e+03   1.7084829e-05   9.9967802e-01   3.0489469e-04
   4.3640000e+03   2.9053957e-04   9.9969250e-01   1.6965043e-05
   4.3730000e+03   1.4264290e-04   9.9967834e-01   1.7901557e-04
   4.0760000e+03   9.9971782e-01   2.3111475e-04   5.1061211e-05
   4.3600000e+03   7.6313189e-06   9.9976478e-01   2.2759164e-04
   4.2450000e+03   9.9968081e-01   2.7459975e-04   4.4585863e-05
   4.3740000e+03   1.6148225e-04   9.9928402e-01   5.5449754e-04
   4.5070000e+03   1.0751623e-04   9.9942582e-01   4.6666486e-04
   4.0910000e+03   4.6818700e-04   9.9953181e-01   0.0000000e+00
   4.5180000e+03   9.9938792e-01   3.3673011e-04   2.7534731e-04
   4.5010000e+03   6.4751497e-04   2.2654525e-04   9.9912594e-01
   4.5490000e+03   1.8239972e-04   9.9963021e-01   1.8739343e-04
   4.5260000e+03   4.2713260e-04   9.9957287e-01   0.0000000e+00
   4.4960000e+03   4.0109417e-04   9.9959891e-01   1.5088912e-15
   4.5230000e+03   5.9216342e-04   2.2144171e-05   9.9938569e-01
   4.4040000e+03   4.9766053e-04   9.9943211e-01   7.0226516e-05
   4.5120000e+03   5.0107765e-04   9.9942954e-01   6.9381955e-05
   4.5220000e+03   5.5511151e-16   4.6135387e-04   9.9953865e-01
   4.5150000e+03   2.3355599e-04   4.3391065e-04   9.9933253e-01
   4.5420000e+03   1.8180299e-04   2.8364411e-04   9.9953455e-01
   4.4950000e+03   9.1973376e-05   5.5280153e-04   9.9935523e-01
   4.5300000e+03   6.2916938e-04   9.9913799e-01   2.3284397e-04
   4.4890000e+03   2.4857822e-04   4.9287909e-04   9.9925854e-01
   4.5450000e+03   3.5952484e-04   4.3285866e-04   9.9920762e-01
   4.5160000e+03   3.8112845e-04   9.9910048e-01   5.1839193e-04
   4.5410000e+03   9.9952319e-01   3.8154203e-04   9.5267469e-05
   4.2480000e+03   9.1195116e-04   3.4054699e-04   9.9874750e-01
   4.4740000e+03   1.5193256e-04   9.9885017e-01   9.9789338e-04
   4.1870000e+03   9.3860186e-04   4.0727882e-04   9.9865412e-01
   4.2890000e+03   8.5483500e-04   3.7415124e-04   9.9877101e-01
   4.4760000e+03   2.0852729e-04   9.9905411e-01   7.3735879e-04
   4.3040000e+03   8.8363342e-04   9.9891001e-01   2.0635754e-04
   4.2490000e+03   8.5851752e-04   9.9898669e-01   1.5479074e-04
   4.0850000e+03   1.2054072e-03   9.9872175e-01   7.2841087e-05
   4.2090000e+03   1.2749520e-04   9.9914973e-01   7.2277560e-04
   4.4640000e+03   4.1685970e-04   9.9900890e-01   5.7423965e-04
   4.2520000e+03   5.7747644e-05   9.9865280e-01   1.2894522e-03
   4.2510000e+03   1.1874191e-03   9.9881258e-01   1.2233027e-15
   4.2850000e+03   7.3617130e-04   2.7769221e-04   9.9898614e-01
   4.2540000e+03   1.4106334e-04   9.9929388e-01   5.6505695e-04
   4.3010000e+03   2.3035636e-04   9.9912419e-01   6.4545308e-04
   4.1910000e+03   3.5966455e-04   9.9920579e-01   4.3454274e-04
   4.4920000e+03   3.8364143e-04   9.9919847e-01   4.1789024e-04
   4.3960000e+03   3.7117051e-04   9.9919895e-01   4.2987849e-04
   4.2550000e+03   4.5198763e-04   9.9893507e-01   6.1294183e-04
   4.5350000e+03   4.0505264e-04   9.9946153e-01   1.3341801e-04
   4.0870000e+03   5.0760655e-04   9.9922533e-01   2.6706398e-04
   4.4000000e+03   3.7887359e-04   9.9926427e-01   3.5685455e-04
   4.2570000e+03   3.8731488e-04   9.9921252e-01   4.0016791e-04
   4.5320000e+03   3.3862358e-04   1.8016174e-04   9.9948121e-01
   4.1290000e+03   1.3574357e-04   4.4643991e-04   9.9941782e-01
   4.4070000e+03   1.5979656e-04   3.5257543e-04   9.9948763e-01
   4.4540000e+03   3.4218749e-04   9.9938330e-01   2.7451411e-04
   4.0900000e+03   5.4317663e-04   9.9928372e-01   1.7310233e-04
   4.5470000e+03   9.9950626e-01   9.5341852e-05   3.9840023e-04
   4.3770000e+03   3.8095303e-04   1.9251578e-04   9.9942653e-01
   4.4520000e+03   5.1593958e-04   9.9948406e-01   0.0000000e+00
   4.3780000e+03   9.9925395e-01   6.8606429e-04   5.9987044e-05
   4.1380000e+03   9.9951293e-01   3.3891881e-04   1.4814646e-04
   4.3710000e+03   3.6318279e-04   9.5352092e-05   9.9954147e-01
   4.4150000e+03   3.3202422e-04   9.9965119e-01   1.6783896e-05
   4.4500000e+03   3.6925277e-04   9.9957513e-01   5.5620866e-05
   4.4100000e+03   8.3715550e-05   9.9941346e-01   5.0282522e-04
   4.1410000e+03   1.1363794e-04   9.9954304e-01   3.4332007e-04
   4.3670000e+03   2.9916889e-04   6.4079548e-06   9.9969442e-01
   4.2600000e+03   2.3492893e-05   9.9968760e-01   2.8891140e-04
   4.4160000e+03   2.4068895e-05   9.9966176e-01   3.1417383e-04
   4.1430000e+03   2.0091331e-05   9.9962810e-01   3.5180643e-04
   4.4200000e+03   9.1847608e-06   9.9971964e-01   2.7117778e-04
   4.1180000e+03   6.5759879e-06   2.5110240e-04   9.9974232e-01
   4.2620000e+03   2.4010567e-04   1.1556427e-03   9.9860425e-01
   4.2630000e+03   4.1545542e-05   7.0458048e-16   9.9995845e-01
   4.3530000e+03   3.0307560e-04   6.2999597e-04   9.9906693e-01
   4.3290000e+03   1.3189504e-04   9.9945627e-01   4.1183778e-04
   4.1590000e+03   8.9377606e-04   0.0000000e+00   9.9910622e-01
   4.3400000e+03   8.3531538e-04   4.4173963e-17   9.9916468e-01
   4.3230000e+03   4.3427805e-04   7.1759708e-04   9.9884812e-01
   4.2670000e+03   9.9932674e-01   4.4377583e-04   2.2948006e-04
   4.2690000e+03   6.2050130e-04   6.5181174e-04   9.9872769e-01
   4.0860000e+03   1.0294436e-04   9.9898761e-01   9.0944167e-04
   4.3380000e+03   4.4157937e-04   6.7657862e-04   9.9888184e-01
   4.2710000e+03   2.9690371e-04   1.6272577e-04   9.9954037e-01
   4.4870000e+03   1.2714386e-04   9.9964632e-01   2.2653387e-04
   4.1500000e+03   9.9978342e-01   5.6832097e-05   1.5975125e-04
   4.3580000e+03   1.8418274e-04   9.9960467e-01   2.1114610e-04
   4.3560000e+03   1.4263612e-04   9.9958856e-01   2.6880813e-04
   4.4850000e+03   1.5619651e-04   9.9946292e-01   3.8088788e-04
   4.4830000e+03   2.0549877e-04   9.9922644e-01   5.6806274e-04
   4.1880000e+03   9.9973333e-01   9.4295782e-05   1.7237605e-04
   3.8800000e+03   1.4332152e-04   9.9984473e-01   1.1948820e-05
   3.8290000e+03   9.9982789e-01   1.0189682e-06   1.7109258e-04
   4.1710000e+03   1.3638207e-04   9.9981912e-01   4.4496146e-05
   4.3130000e+03   2.0034644e-04   2.2896262e-04   9.9957069e-01
   3.8820000e+03   8.7795796e-05   9.9988272e-01   2.9486201e-05
   3.8310000e+03   9.9986306e-01   1.1017436e-05   1.2592273e-04
   3.8340000e+03   6.0862630e-05   9.9990285e-01   3.6285694e-05
   3.8690000e+03   9.9993155e-01   2.9611693e-05   3.8834296e-05
   3.7670000e+03   1.0000000e+00  -0.0000000e+00  -0.0000000e+00
   3.7670000e+03   8.4012932e-05   9.9991599e-01   0.0000000e+00
   4.3320000e+03   5.7955717e-04   9.9908486e-01   3.3558131e-04
   4.1780000e+03   9.9927717e-01   7.3326927e-05   6.4950804e-04
   4.2820000e+03   9.8859666e-05   2.5429106e-03   9.9735823e-01
   4.1960000e+03   2.0897484e-03   9.9786160e-01   4.8647764e-05
   4.3350000e+03   5.4770229e-04   1.9340238e-04   9.9925890e-01
   4.1690000e+03   5.7184080e-04   8.0824338e-04   9.9861992e-01
   4.3190000e+03   9.3193766e-04   9.9022429e-04   9.9807784e-01
   4.2780000e+03   3.0788311e-05   1.8456066e-03   9.9812361e-01
   4.0790000e+03   3.9222548e-04   1.6186812e-03   9.9798909e-01
   4.1520000e+03   9.9974552e-01   2.4326034e-04   1.1215572e-05
   4.3270000e+03   3.0991129e-05   2.0500894e-04   9.9976400e-01
   4.2800000e+03   3.3680693e-05   1.8597889e-03   9.9810653e-01
   4.1980000e+03   1.8553992e-03   9.9812317e-01   2.1431419e-05
   4.1650000e+03   2.3756822e-05   5.9100474e-04   9.9938524e-01
   4.1630000e+03   5.9632640e-04   6.4590811e-04   9.9875777e-01
   4.3310000e+03   9.9932652e-01   3.5364171e-04   3.1984235e-04
   4.2950000e+03   5.4675861e-04   9.9918998e-01   2.6326536e-04
   4.1800000e+03   9.9919148e-01   4.8888655e-04   3.1963669e-04
   4.1600000e+03   5.4334033e-04   1.7128606e-04   9.9928537e-01
   4.3330000e+03   9.9931780e-01   0.0000000e+00   6.8220264e-04
   4.4680000e+03   4.1286840e-04   9.9854469e-01   1.0424387e-03
   4.4700000e+03   3.0225798e-04   9.9860585e-01   1.0918871e-03
   4.1760000e+03   9.9877606e-01   9.6105586e-04   2.6288236e-04
   4.3860000e+03   5.7793650e-04   9.9845259e-01   9.6947816e-04
   4.2110000e+03   7.0126197e-04   5.1358611e-05   9.9924738e-01
   4.3840000e+03   9.9838848e-01   1.0921496e-03   5.1936991e-04
   4.0820000e+03   9.9814669e-01   1.5106306e-03   3.4268292e-04
   4.4580000e+03   3.1886234e-04   9.9836191e-01   1.3192250e-03
   4.4610000e+03   3.3614869e-04   9.9863874e-01   1.0251111e-03
   4.4630000e+03   1.6205426e-04   9.9870210e-01   1.1358499e-03
   4.2080000e+03   1.0870300e-03   9.9878286e-01   1.3010580e-04
   4.4650000e+03   2.2591006e-04   1.1420990e-03   9.9863199e-01
   4.3150000e+03   1.3940097e-04   9.9950790e-01   3.5269906e-04
   4.2750000e+03   4.6371605e-04   2.3265154e-04   9.9930363e-01
   4.2160000e+03   9.9888686e-01   1.0077628e-03   1.0538135e-04
   4.3080000e+03   9.9939017e-01   3.7018951e-04   2.3963655e-04
   4.2180000e+03   9.9879386e-01   7.9098940e-04   4.1515056e-04
   4.2970000e+03   2.1719292e-04   9.9937405e-01   4.0876053e-04
   4.2340000e+03   2.2358521e-04   9.9916374e-01   6.1267335e-04
   4.2730000e+03   1.6213329e-04   9.9940539e-01   4.3247587e-04
   4.5280000e+03   5.9939863e-04   9.9931136e-01   8.9239629e-05
   4.0730000e+03   1.3260353e-03   9.9858783e-01   8.6139119e-05
   4.4360000e+03   9.9669271e-01   3.3061629e-03   1.1251312e-06
   4.4340000e+03   9.9730713e-01   2.6247357e-03   6.8139209e-05
   4.4460000e+03   9.9618796e-01   3.8113565e-03   6.8766942e-07
   4.4440000e+03   9.9988547e-01   1.1452816e-04   0.0000000e+00
   4.0940000e+03   4.7574766e-04   2.7599608e-04   9.9924826e-01
   4.4220000e+03   4.3749376e-04   1.3173652e-03   9.9824514e-01
   4.4250000e+03   3.9756824e-04   1.1270665e-03   9.9847537e-01
   4.4310000e+03   2.1434792e-04   1.6036038e-03   9.9818205e-01
   4.4320000e+03   9.9693797e-01   3.0491444e-03   1.2889411e-05
   4.0840000e+03   9.9671440e-01   3.0189571e-03   2.6664749e-04
   4.8850000e+03   1.5659096e-04   9.9954738e-01   2.9603104e-04
   4.6540000e+03   1.3718091e-04   9.9964520e-01   2.1761993e-04
   4.8390000e+03   2.0094523e-04   1.5626505e-04   9.9964279e-01
   4.5630000e+03   2.3746815e-04   1.6598645e-04   9.9959655e-01
   4.9340000e+03   2.2147665e-04   9.9952907e-01   2.4945097e-04
   4.9790000e+03   9.9971728e-01   1.1819670e-05   2.7089536e-04
   4.6070000e+03   1.1161747e-04   4.6234856e-04   9.9942603e-01
   4.0970000e+03   9.9861238e-01   1.3874962e-03   1.2768640e-07
   4.7530000e+03   3.9960800e-04   9.9881279e-01   7.8760395e-04
   4.6570000e+03   1.8872202e-04   9.9860711e-01   1.2041728e-03
   4.6310000e+03   3.7747583e-15   1.6865698e-03   9.9831343e-01
   4.7400000e+03   1.3411743e-03   9.9865883e-01   2.0090899e-16
   4.7150000e+03   1.4795594e-03   1.2065818e-04   9.9839978e-01
   4.6300000e+03   9.9856418e-01   1.3322890e-03   1.0353347e-04
   4.7270000e+03   1.4306368e-05   9.9864263e-01   1.3430631e-03
   4.6600000e+03   9.9833021e-01   1.2921304e-03   3.7766005e-04
   4.7130000e+03   1.6869663e-03   3.0617129e-04   9.9800686e-01
   4.6320000e+03   9.9841930e-01   1.4493550e-03   1.3134645e-04
   4.7410000e+03   1.2700701e-04   9.9861396e-01   1.2590358e-03
   4.6620000e+03   4.4359420e-04   1.1182883e-03   9.9843812e-01
   4.6650000e+03   9.9908432e-01   2.3225906e-04   6.8342269e-04
   4.7320000e+03   8.5546769e-04   9.9893301e-01   2.1152552e-04
   4.6250000e+03   2.1834794e-04   9.0089382e-04   9.9888076e-01
   4.7220000e+03   2.5211034e-04   7.6872683e-04   9.9897916e-01
   4.8240000e+03   6.5564625e-04   9.9912762e-01   2.1673599e-04
   4.6270000e+03   1.6812131e-04   7.5177618e-04   9.9908010e-01
   4.7180000e+03   2.2289268e-04   5.8338887e-04   9.9919372e-01
   4.6670000e+03   2.2943328e-04   7.3637828e-04   9.9903419e-01
   4.7420000e+03   2.5577101e-04   1.0375995e-04   9.9964047e-01
   4.6680000e+03   4.1355430e-04   9.9945793e-01   1.2852016e-04
   4.9500000e+03   2.0267645e-04   9.9945412e-01   3.4320312e-04
   4.5550000e+03   5.2035809e-04   7.6335271e-05   9.9940331e-01
   4.7600000e+03   4.8390942e-04   9.9921286e-01   3.0323530e-04
   4.5870000e+03   3.7619268e-05   9.9969702e-01   2.6536369e-04
   4.6030000e+03   3.0148555e-04   9.9907325e-01   6.2526389e-04
   4.7570000e+03   2.2330900e-04   9.9915674e-01   6.1994624e-04
   4.6730000e+03   2.0088366e-04   9.9907835e-01   7.2076704e-04
   4.7510000e+03   1.0397352e-03   2.5478401e-04   9.9870548e-01
   4.6290000e+03   5.7146896e-06   1.1161908e-03   9.9887809e-01
   4.7540000e+03   1.3508857e-04   8.9549067e-04   9.9896942e-01
   4.6120000e+03   3.0002243e-04   9.9881080e-01   8.8918221e-04
   4.7290000e+03   7.9273939e-04   3.9922980e-04   9.9880803e-01
   4.7860000e+03   9.9916143e-01   0.0000000e+00   8.3856918e-04
   4.8000000e+03   3.2413961e-04   9.9932506e-01   3.5079712e-04
   4.8040000e+03   1.4492687e-04   9.9941306e-01   4.4201572e-04
   4.0960000e+03   6.8272904e-04   1.3569708e-04   9.9918157e-01
   4.7930000e+03   1.4903199e-04   9.9949758e-01   3.5339178e-04
   4.6790000e+03   3.9187503e-04   2.0040484e-04   9.9940772e-01
   4.9360000e+03   9.9979433e-01   4.1847216e-16   2.0567089e-04
   4.1110000e+03   9.9979070e-01   1.8581505e-04   2.3480393e-05
   4.9560000e+03   2.0709938e-05   9.9980962e-01   1.6967270e-04
   4.1080000e+03   9.9979971e-01   1.4474792e-04   5.5541036e-05
   4.9490000e+03   1.8742998e-04   9.9974770e-01   6.4868888e-05
   4.9390000e+03   9.9971280e-01   0.0000000e+00   2.8720480e-04
   4.9540000e+03   2.3585207e-04   9.9973044e-01   3.3706771e-05
   4.9410000e+03   1.6551979e-04   2.5006191e-04   9.9958442e-01
   4.9520000e+03   9.9979324e-01   1.8982928e-04   1.6933002e-05
   4.9420000e+03   2.5910892e-05   9.9978104e-01   1.9305281e-04
   4.0930000e+03   9.9984320e-01   7.9757586e-05   7.7042671e-05
   4.9590000e+03   9.9983702e-01   3.3447247e-05   1.2953101e-04
   4.9230000e+03   9.9964652e-01   1.4863165e-04   2.0485201e-04
   4.9740000e+03   1.7087789e-04   1.6083932e-04   9.9966828e-01
   4.9440000e+03   5.4605650e-05   1.7813938e-04   9.9976725e-01
   4.9630000e+03   3.9886810e-05   2.0026333e-04   9.9975985e-01
   4.9470000e+03   9.9954000e-01   1.9441715e-04   2.6558188e-04
   4.9650000e+03   1.7242218e-04   4.9027128e-04   9.9933731e-01
   4.9210000e+03   9.9933285e-01   2.1048089e-04   4.5667027e-04
   4.9670000e+03   9.9924672e-01   1.9323034e-04   5.6005211e-04
   4.6100000e+03   1.5582193e-03   9.9828295e-01   1.5882893e-04
   4.6280000e+03   9.9848964e-01   1.4076456e-03   1.0271253e-04
   4.6800000e+03   2.4396615e-04   8.2233939e-04   9.9893369e-01
   4.7350000e+03   1.9010890e-04   1.0923198e-03   9.9871757e-01
   4.6820000e+03   9.9905780e-01   6.4734207e-04   2.9485740e-04
   4.7360000e+03   1.0299177e-04   9.9870168e-01   1.1953295e-03
   4.6190000e+03   2.2955343e-04   9.9890379e-01   8.6666074e-04
   4.7240000e+03   9.9898636e-01   8.2470556e-04   1.8893003e-04
   4.7380000e+03   9.9876565e-01   1.1277092e-03   1.0664156e-04
   4.9080000e+03   0.0000000e+00   1.1571889e-03   9.9884281e-01
   4.8120000e+03   1.0953781e-04   9.9847508e-01   1.4153787e-03
   4.6090000e+03   2.2267776e-05   9.9871051e-01   1.2672230e-03
   4.8210000e+03   4.8675601e-05   7.3258957e-04   9.9921873e-01
   4.6450000e+03   4.8317372e-04   7.9567054e-04   9.9872116e-01
   4.8190000e+03   9.9870830e-01   2.1031258e-04   1.0813867e-03
   4.6870000e+03   1.0563255e-04   8.9077854e-04   9.9900359e-01
   4.6890000e+03   9.9952896e-01   1.8853420e-04   2.8250379e-04
   4.8260000e+03   3.8397385e-04   9.9944641e-01   1.6961926e-04
   4.5680000e+03   5.3957455e-04   9.9926580e-01   1.9462234e-04
   4.8230000e+03   9.9936803e-01   2.1746886e-04   4.1449992e-04
   4.6910000e+03   9.9977386e-01   2.5903952e-05   2.0023499e-04
   4.8300000e+03   2.0487336e-04   9.9976530e-01   2.9823725e-05
   4.5660000e+03   9.4222174e-05   1.8350133e-04   9.9972228e-01
   4.8290000e+03   9.9967409e-01   1.1443724e-04   2.1147735e-04
   4.9770000e+03   1.8220891e-05   9.9983361e-01   1.4816893e-04
   4.8870000e+03   9.5629978e-05   9.9970619e-01   1.9818459e-04
   4.8320000e+03   3.8999332e-05   9.9977628e-01   1.8471831e-04
   4.9600000e+03   1.9568494e-15   9.9985190e-01   1.4809792e-04
   4.9250000e+03   1.4422022e-04   1.2449721e-05   9.9984333e-01
   4.1000000e+03   9.9964963e-01   3.3061961e-05   3.1730437e-04
   4.8360000e+03   1.3820732e-04   9.9961147e-01   2.5031827e-04
   4.0980000e+03   9.9974990e-01   7.0845978e-05   1.7925250e-04
   4.8100000e+03   1.0713796e-04   1.6819714e-04   9.9972466e-01
   4.8020000e+03   9.9964996e-01   1.1760109e-04   2.3244079e-04
   4.8830000e+03   3.8721820e-05   9.9981161e-01   1.4966521e-04
   4.8430000e+03   2.2414957e-04   1.7173694e-04   9.9960411e-01
   4.8410000e+03   9.9964883e-01   0.0000000e+00   3.5117316e-04
   4.7990000e+03   9.9968278e-01   3.1722054e-04   5.0365097e-16
   4.6920000e+03   2.5673358e-04   9.9947590e-01   2.6736866e-04
   4.8450000e+03   5.6674895e-04   9.9915316e-01   2.8009459e-04
   4.5760000e+03   3.3929750e-04   9.9938475e-01   2.7595595e-04
   4.8490000e+03   2.4997696e-04   9.9947264e-01   2.7738430e-04
   4.5780000e+03   2.5899053e-04   9.9936897e-01   3.7203682e-04
   4.8140000e+03   2.4365424e-05   1.2667197e-03   9.9870891e-01
   4.5980000e+03   7.2567338e-04   9.9884154e-01   4.3279162e-04
   4.7640000e+03   2.9005741e-04   9.9873169e-01   9.7825326e-04
   4.5990000e+03   3.8529078e-04   9.9910848e-01   5.0622888e-04
   4.7710000e+03   1.0145798e-04   9.9922793e-01   6.7061581e-04
   4.7000000e+03   1.8717608e-04   9.9903310e-01   7.7972609e-04
   4.7690000e+03   8.5151427e-04   2.5210363e-04   9.9889638e-01
   4.5950000e+03   7.6451868e-04   2.2092863e-04   9.9901455e-01
   4.6140000e+03   2.7955443e-04   9.9897756e-01   7.4288479e-04
   4.7030000e+03   6.5444608e-05   9.9925793e-01   6.7662152e-04
   4.7660000e+03   2.1147747e-04   9.9902306e-01   7.6546299e-04
   4.7040000e+03   9.9962572e-01   3.2743268e-04   4.6849473e-05
   4.5720000e+03   0.0000000e+00   3.1370167e-04   9.9968630e-01
   4.1020000e+03   9.9960372e-01   1.2748803e-04   2.6878714e-04
   4.7910000e+03   5.7852034e-05   9.9957873e-01   3.6341997e-04
   4.7890000e+03   5.1231960e-06   9.9962707e-01   3.6780985e-04
   4.8060000e+03   3.0753214e-04   9.9955448e-01   1.3798782e-04
   4.9310000e+03   2.4724203e-04   3.2134859e-04   9.9943141e-01
   4.7310000e+03   9.9953392e-01   7.8405147e-05   3.8767240e-04
   4.6050000e+03   9.9953896e-01   1.2590553e-04   3.3513866e-04
   4.7470000e+03   1.1315126e-04   4.3575557e-04   9.9945109e-01
   4.7490000e+03   9.9935621e-01   5.3190947e-04   1.1187915e-04
   4.7090000e+03   3.4165666e-04   4.5302046e-04   9.9920532e-01
   4.5910000e+03   9.9954990e-01   1.2455417e-04   3.2554850e-04
   4.7750000e+03   1.4397511e-04   4.7899212e-04   9.9937703e-01
   4.7760000e+03   4.1336543e-04   9.9943827e-01   1.4836750e-04
   4.6160000e+03   4.0224444e-04   9.9946883e-01   1.2892700e-04
   4.7810000e+03   1.1770963e-04   3.3424589e-04   9.9954804e-01
   4.7790000e+03   1.3658779e-04   7.4236638e-04   9.9912105e-01
   4.8660000e+03   1.4967291e-04   9.9819568e-01   1.6546440e-03
   4.4260000e+03   8.1709281e-04   1.6460055e-03   9.9753690e-01
   4.8810000e+03   4.0834128e-05   9.9718383e-01   2.7753371e-03
   4.8560000e+03   3.3372311e-04   9.9903669e-01   6.2959141e-04
   4.8900000e+03   4.6219123e-04   9.9901895e-01   5.1885480e-04
   4.8800000e+03   2.1298807e-03   9.9747370e-01   3.9641626e-04
   4.8710000e+03   3.7772939e-05   9.9765628e-01   2.3059508e-03
   4.8790000e+03   2.0852230e-03   9.9776649e-01   1.4828549e-04
   4.8730000e+03   7.3866675e-05   9.9735779e-01   2.5683419e-03
   4.8690000e+03   8.5398895e-05   9.9749621e-01   2.4183885e-03
   4.8630000e+03   6.3537994e-04   9.9927517e-01   8.9445089e-05
   4.8640000e+03  -1.4148838e-16   9.9903055e-01   9.6944780e-04
   4.8590000e+03   2.1605847e-04   9.9828354e-01   1.5004058e-03
   4.8580000e+03   2.1674139e-04   9.9844867e-01   1.3345857e-03
   4.8520000e+03   1.6461566e-04   9.9887501e-01   9.6037093e-04
   4.8540000e+03   8.7569851e-05   9.9864783e-01   1.2646005e-03
   4.4410000e+03   9.9755642e-01   2.1930199e-03   2.5055924e-04
   4.4570000e+03   7.9534009e-04   7.2213802e-04   9.9848252e-01
   4.4490000e+03   5.5334217e-04   1.7220477e-03   9.9772461e-01
   4.8930000e+03   9.9845460e-01   1.5453985e-03   0.0000000e+00
   4.6400000e+03   5.5719588e-05   1.7048324e-03   9.9823945e-01
   4.6420000e+03   2.4502969e-17   9.9913651e-01   8.6349059e-04
   4.6410000e+03   3.9507083e-04   8.7795796e-04   9.9872697e-01
   4.8980000e+03   7.8502609e-04   5.3752477e-04   9.9867745e-01
   4.6350000e+03   9.9810478e-01   8.3301875e-04   1.0622015e-03
   4.9040000e+03   2.9150796e-04   1.2797860e-03   9.9842871e-01
   4.9060000e+03   1.1750281e-04   1.4234905e-03   9.9845901e-01
   4.6430000e+03   9.9872996e-01   1.4462739e-04   1.1254078e-03
   4.5700000e+03   1.4220274e-03   9.9852950e-01   4.8471117e-05
   4.8160000e+03   1.7927099e-03   9.9724600e-01   9.6128956e-04
   4.6490000e+03   7.5766579e-04   9.9718070e-01   2.0616383e-03
   4.6510000e+03   6.0764308e-04   9.9842422e-01   9.6813465e-04
   4.9690000e+03   6.7519989e-04   5.3937565e-05   9.9927086e-01
   4.6530000e+03   3.3210715e-04   9.9931802e-01   3.4986804e-04
   4.9330000e+03   2.1874601e-04   9.9947068e-01   3.1057828e-04
   4.9130000e+03   9.9960539e-01   1.9804254e-04   1.9657236e-04
   4.9100000e+03   9.9957478e-01   1.2302099e-04   3.0219983e-04
   4.9150000e+03   9.9965139e-01   2.0998498e-05   3.2761563e-04
   4.5510000e+03   2.2795362e-04   9.9950916e-01   2.6288509e-04
   4.9730000e+03   1.2986562e-04   2.1526560e-04   9.9965487e-01
   5.0700000e+03   9.9950206e-01   3.8420666e-04   1.1373296e-04
   5.1380000e+03   3.2832004e-04   9.3020328e-05   9.9957866e-01
   5.0890000e+03   3.2561995e-04   1.6728852e-05   9.9965765e-01
   5.1230000e+03   3.8509511e-04   4.4306266e-04   9.9917184e-01
   5.1270000e+03   1.9663623e-04   9.9943825e-01   3.6511015e-04
   5.1240000e+03   2.3358913e-04   9.0103887e-06   9.9975740e-01
   5.1430000e+03   3.3476495e-04   3.4353534e-04   9.9932170e-01
   5.0600000e+03   5.2036420e-04   6.9594399e-04   9.9878369e-01
   5.1410000e+03   9.9942501e-01   5.1442716e-04   6.0564549e-05
   5.0920000e+03   2.8805940e-04   3.6907723e-04   9.9934286e-01
   4.9890000e+03   9.9935558e-01   2.5006249e-05   6.1940890e-04
   5.0930000e+03   1.6093104e-04   9.9907301e-01   7.6606253e-04
   5.1370000e+03   7.8234797e-04   3.5060781e-04   9.9886704e-01
   5.0710000e+03   7.3215014e-04   9.9855732e-01   7.1053175e-04
   4.6710000e+03   2.7699998e-04   9.9972300e-01   3.1083638e-15
   4.6970000e+03   3.2878225e-04   5.7442547e-04   9.9909679e-01
   4.9020000e+03   2.4553895e-04   1.2219313e-03   9.9853253e-01
   4.8990000e+03   5.8196811e-04   8.5412539e-04   9.9856391e-01
   4.9810000e+03   1.2825144e-03   1.3135595e-15   9.9871749e-01
   5.0100000e+03   8.2476240e-04   9.9873160e-01   4.4364237e-04
   5.0130000e+03   2.6402555e-05   1.1558463e-03   9.9881775e-01
   4.7210000e+03   2.9419726e-04   9.6396535e-04   9.9874184e-01
   5.0960000e+03   4.7437886e-04   9.9874582e-01   7.7980103e-04
   5.1500000e+03   6.8195069e-05   9.9846462e-01   1.4671872e-03
   4.5880000e+03   9.9933176e-01   3.5654051e-04   3.1169614e-04
   5.0140000e+03   6.1418634e-04   9.9923663e-01   1.4918405e-04
   5.1610000e+03   5.1390130e-04   3.0398531e-04   9.9918211e-01
   5.1950000e+03   9.8651556e-15   9.9910591e-01   8.9409131e-04
   5.0650000e+03   3.5292151e-04   9.9738234e-01   2.2647399e-03
   5.1630000e+03   3.1767428e-04   9.9844384e-01   1.2384871e-03
   5.0980000e+03   3.3786850e-04   9.9891427e-01   7.4785794e-04
   5.1320000e+03   7.0137115e-04   9.9677090e-01   2.5277242e-03
   5.1580000e+03   9.9938116e-01   1.3783133e-04   4.8101253e-04
   5.1000000e+03   1.1385933e-03   7.9686610e-04   9.9806454e-01
   4.9980000e+03   9.9901163e-01   6.8415005e-04   3.0422358e-04
   5.0460000e+03   1.2440489e-03   9.9830436e-01   4.5159223e-04
   4.7870000e+03   5.0883445e-05   9.9900268e-01   9.4643306e-04
   4.9960000e+03   9.9940569e-01   1.7550667e-04   4.1880091e-04
   5.1030000e+03   5.3929726e-04   9.9939538e-01   6.5321273e-05
   4.9950000e+03   9.9936256e-01   6.0262664e-04   3.4816202e-05
   5.0470000e+03   9.9953413e-01   4.3633421e-16   4.6587236e-04
   4.9960000e+03   0.0000000e+00   0.0000000e+00   1.0000000e+00
   4.7860000e+03   1.1971497e-03   9.9822965e-01   5.7320300e-04
   5.0670000e+03   2.6371729e-04   9.9950726e-01   2.2902303e-04
   5.1290000e+03   9.9973352e-01   7.2575869e-05   1.9390161e-04
   5.0580000e+03   9.9969232e-01   1.8526269e-04   1.2241792e-04
   5.1450000e+03   9.9972122e-01   1.6180464e-04   1.1697733e-04
   5.1070000e+03   9.9935359e-01   1.7564228e-04   4.7076792e-04
   4.9290000e+03   9.9920413e-01   2.8376912e-04   5.1210384e-04
   5.1700000e+03   9.9914019e-01   1.5815726e-04   7.0164906e-04
   5.1530000e+03   9.9881859e-01   7.9387587e-04   3.8753866e-04
   5.1740000e+03   9.9968599e-01   2.8462844e-04   2.9384788e-05
   5.1300000e+03   9.9937853e-01   4.5022162e-04   1.7125204e-04
   5.1920000e+03   9.1385109e-05   9.9953079e-01   3.7782058e-04
   5.1340000e+03   9.9904273e-01   4.3874978e-04   5.1852352e-04
   5.0520000e+03   3.8791496e-04   2.0298871e-04   9.9940910e-01
   5.1800000e+03   2.1619028e-04   9.9901823e-01   7.6557846e-04
   5.1100000e+03   4.4680329e-04   9.9914035e-01   4.1284799e-04
   5.2060000e+03   2.1713068e-04   4.9620858e-04   9.9928666e-01
   5.2170000e+03   6.4118703e-04   9.9886749e-01   4.9132672e-04
   5.1810000e+03   5.3910311e-05   6.3789111e-04   9.9930820e-01
   5.1130000e+03   4.6504686e-04   9.9907548e-01   4.5947296e-04
   4.7630000e+03   2.1937052e-04   7.6977534e-04   9.9901085e-01
   4.7620000e+03   9.9901089e-01   9.8910652e-04   0.0000000e+00
   4.7840000e+03   3.9808127e-05   9.9929928e-01   6.6091062e-04
   4.5920000e+03   5.3358542e-04   6.4234057e-04   9.9882407e-01
   5.0420000e+03   9.7679823e-04   9.9866128e-01   3.6192069e-04
   5.0340000e+03   1.4884191e-03   9.9816679e-01   3.4479327e-04
   5.0040000e+03   3.1492556e-04   1.0977745e-03   9.9858730e-01
   5.0320000e+03   6.8140626e-05   1.3572983e-03   9.9857456e-01
   5.0270000e+03   1.3602318e-04   1.5119758e-03   9.9835200e-01
   4.7720000e+03   3.7575162e-04   8.3424551e-04   9.9879000e-01
   5.0180000e+03   1.3604136e-03   9.9823300e-01   4.0658918e-04
   4.7580000e+03   1.3677414e-03   9.9837241e-01   2.5984974e-04
   4.6000000e+03   1.0275003e-03   9.9873955e-01   2.3295404e-04
   5.0360000e+03   4.1109146e-04   7.7202568e-05   9.9951171e-01
   5.0200000e+03   5.3017886e-04   1.0048707e-04   9.9936933e-01
   5.0240000e+03   2.7502860e-04   2.2235358e-04   9.9950262e-01
   5.0220000e+03   4.8168015e-04   9.9913568e-01   3.8263524e-04
   4.9880000e+03   9.9888195e-01   9.8051685e-04   1.3752873e-04
   5.1640000e+03   1.3879467e-04   9.9916379e-01   6.9741092e-04
   5.0630000e+03   1.4118769e-04   9.9926222e-01   5.9659266e-04
   5.0280000e+03   5.4412214e-04   9.9895112e-01   5.0475351e-04
   5.0400000e+03   5.4863918e-04   4.3356725e-05   9.9940800e-01
   5.1620000e+03   1.7447346e-03   9.9790892e-01   3.4634663e-04
   5.1760000e+03   1.4170403e-03   2.4306617e-16   9.9858296e-01
   5.1490000e+03   3.7025530e-04   4.7738683e-04   9.9915236e-01
   5.0550000e+03   6.4802404e-04   3.4812463e-04   9.9900385e-01
   5.1470000e+03   9.9919066e-01   6.4463627e-04   1.6470829e-04
   5.1180000e+03   3.5113448e-04   4.1242914e-04   9.9923644e-01
   5.2090000e+03   1.7738552e-03   9.9731496e-01   9.1118398e-04
   5.2110000e+03   1.5960842e-03   9.9758239e-01   8.2152683e-04
   5.2160000e+03   1.7997756e-17   9.9811429e-01   1.8857058e-03
   5.2150000e+03   1.1244116e-03   9.9824908e-01   6.2650778e-04
   5.0390000e+03   5.9174983e-04   0.0000000e+00   9.9940825e-01
   5.1940000e+03   9.9889772e-01   5.6943498e-04   5.3284776e-04
   5.1550000e+03   8.7275847e-04   3.2492199e-03   9.9587802e-01
   5.0780000e+03   6.5097120e-04   2.2578617e-03   9.9709117e-01
   4.9900000e+03   8.6173027e-04   1.7496341e-03   9.9738864e-01
   5.2040000e+03   1.1439661e-03   5.4116692e-03   9.9344436e-01
   5.1190000e+03   8.2679304e-04   2.2958844e-03   9.9687732e-01
   5.0800000e+03   6.6966106e-04   2.0334012e-03   9.9729694e-01
   5.0820000e+03   5.6213237e-04   1.2869083e-03   9.9815096e-01
   5.1210000e+03   5.8822910e-04   1.5829940e-03   9.9782878e-01
   5.0840000e+03   5.2208283e-04   1.1547508e-03   9.9832317e-01
   5.1570000e+03   5.1802473e-04   1.2328015e-03   9.9824917e-01
   5.0860000e+03   4.7649810e-04   1.1935250e-03   9.9832998e-01
   5.1120000e+03   9.9927865e-01   4.1565136e-04   3.0569838e-04
   5.0880000e+03   4.9706697e-04   1.1986787e-03   9.9830425e-01
   5.1670000e+03   4.6274735e-04   3.3662807e-04   9.9920062e-01
   5.0620000e+03   4.1206757e-04   8.2895280e-04   9.9875898e-01
   4.8920000e+03   9.9853308e-01   3.1407855e-04   1.1528389e-03
   4.8940000e+03   3.5091841e-04   1.4784223e-03   9.9817066e-01
   5.0010000e+03   1.1246998e-04   1.4957486e-03   9.9839178e-01
   5.0140000e+03   0.0000000e+00   7.0433839e-03   9.9295662e-01
   5.0230000e+03   8.3296925e-03   1.1975722e-03   9.9047274e-01
   5.0050000e+03   9.9487970e-01   4.3685319e-03   7.5176760e-04
   5.2010000e+03   9.9836968e-01   1.3211434e-03   3.0917333e-04
   5.0060000e+03   9.9550948e-01   3.8114144e-03   6.7911051e-04
   5.0740000e+03   3.9947291e-04   9.9883277e-01   7.6776129e-04
   5.0090000e+03   7.3414253e-04   9.9608413e-01   3.1817246e-03
   5.1780000e+03   8.7172888e-04   1.6922900e-04   9.9895904e-01
   4.9680000e+03   2.1109549e-05   9.1330519e-04   9.9906559e-01
   4.9700000e+03   4.3637005e-04   9.9921473e-01   3.4890423e-04
   5.1890000e+03   5.2338358e-04   9.9763958e-01   1.8370388e-03
   4.9920000e+03   9.9935613e-01   3.6024234e-04   2.8362478e-04
   4.9180000e+03   2.4832171e-04   8.2680489e-05   9.9966900e-01
   4.9910000e+03   6.5866961e-04   1.4733452e-03   9.9786799e-01
   5.4310000e+03   9.9847377e-01   4.9973119e-04   1.0264991e-03
   5.3000000e+03   5.4903771e-04   1.2809814e-03   9.9816998e-01
   5.4290000e+03   4.1032553e-04   7.5248242e-04   9.9883719e-01
   5.2580000e+03   3.8304968e-04   9.7732470e-04   9.9863963e-01
   5.4270000e+03   9.9918845e-01   4.2495317e-04   3.8659806e-04
   5.3020000e+03   4.3983006e-04   6.3787476e-04   9.9892230e-01
   5.3030000e+03   9.9857378e-01   1.1271336e-03   2.9908292e-04
   5.4180000e+03   3.4055547e-04   9.9883031e-01   8.2913886e-04
   5.2630000e+03   9.9880786e-01   9.4404652e-04   2.4809384e-04
   5.4140000e+03   9.9817490e-01   1.5860701e-03   2.3903186e-04
   5.3050000e+03   9.9759825e-01   2.0238097e-03   3.7793902e-04
   5.4120000e+03   3.3702049e-04   9.9791069e-01   1.7522873e-03
   5.2490000e+03   3.1629271e-04   2.6292363e-04   9.9942078e-01
   5.4710000e+03   3.6161374e-04   0.0000000e+00   9.9963839e-01
   5.3090000e+03   4.0577535e-04   3.7774168e-04   9.9921648e-01
   5.4440000e+03   3.6638648e-04   1.0254845e-03   9.9860813e-01
   5.4640000e+03   4.5253007e-05   9.9972757e-01   2.2717832e-04
   5.3110000e+03   2.5500833e-04   9.9943471e-01   3.1028317e-04
   5.4480000e+03   2.4116006e-04   3.2327379e-04   9.9943557e-01
   5.2470000e+03   1.3138618e-04   9.9966697e-01   2.0164079e-04
   5.3130000e+03   9.9962243e-01   1.0326698e-04   2.7430181e-04
   5.3130000e+03   1.1146683e-15   9.9972877e-01   2.7122511e-04
   5.4520000e+03   1.8329454e-04   7.4717778e-05   9.9974199e-01
   5.4510000e+03  -1.1102230e-16   1.9659323e-04   9.9980341e-01
   5.3150000e+03   9.9923321e-01   4.4566382e-04   3.2112649e-04
   5.4570000e+03   3.1394952e-04   9.9907403e-01   6.1202277e-04
   5.2210000e+03   9.9908585e-01   6.7535859e-04   2.3879172e-04
   5.4530000e+03   9.9913218e-01   6.4330969e-04   2.2451199e-04
   5.3170000e+03   9.9886366e-01   7.6819101e-04   3.6814501e-04
   5.3170000e+03   6.5545442e-16   9.9969286e-01   3.0714262e-04
   5.5270000e+03   8.9957369e-05   9.9961142e-01   2.9861943e-04
   5.4500000e+03   1.7572355e-04   9.9966586e-01   1.5841421e-04
   5.3190000e+03   4.1056642e-04   2.2713698e-15   9.9958943e-01
   5.4450000e+03   4.7985339e-04   2.2859843e-04   9.9929155e-01
   5.3210000e+03   4.4216762e-04   7.7223061e-04   9.9878560e-01
   5.3330000e+03   9.9936264e-01   4.5958649e-04   1.7776928e-04
   5.4060000e+03   9.9921521e-01   5.9372852e-04   1.9105911e-04
   5.3360000e+03   9.9932750e-01   6.7249913e-04   2.0268596e-15
   5.4890000e+03   6.0273110e-04   9.9879307e-01   6.0420018e-04
   5.4970000e+03   2.6423024e-03   9.9564076e-01   1.7169385e-03
   5.3960000e+03   9.9642860e-01   0.0000000e+00   3.5714032e-03
   5.3370000e+03   6.3936560e-04   9.9829711e-01   1.0635202e-03
   5.5310000e+03   4.5247771e-04   9.9774990e-01   1.7976220e-03
   5.4980000e+03   1.4769594e-04   9.9772972e-01   2.1225791e-03
   5.3380000e+03   2.5697974e-04   9.9818341e-01   1.5596128e-03
   5.3970000e+03   2.5799355e-04   9.9820956e-01   1.5324484e-03
   5.2760000e+03   2.2424112e-04   9.9790353e-01   1.8722300e-03
   5.4950000e+03   9.9746050e-01   2.2389342e-03   3.0056196e-04
   5.3400000e+03   2.8757036e-04   9.9828900e-01   1.4234266e-03
   5.5030000e+03   2.5174939e-04   9.9821643e-01   1.5318238e-03
   5.2190000e+03   2.6522391e-04   9.9743614e-01   2.2986361e-03
   5.4930000e+03   9.9906293e-01   5.0465936e-04   4.3241201e-04
   5.3420000e+03   4.1398276e-04   9.9896391e-01   6.2210450e-04
   5.5090000e+03   3.5100372e-04   9.9867392e-01   9.7507646e-04
   5.2200000e+03   9.9779446e-01   1.8589819e-03   3.4655615e-04
   5.4920000e+03   9.9952153e-01   4.7846865e-04   9.0498018e-16
   5.3440000e+03   5.0047733e-04   9.9935032e-01   1.4920256e-04
   5.5150000e+03   4.7276480e-04   9.9917155e-01   3.5568678e-04
   5.2340000e+03   4.1579778e-04   9.9946589e-01   1.1831437e-04
   5.4040000e+03   9.9949414e-01   4.6879932e-04   3.7065449e-05
   5.3460000e+03   1.2094561e-04   9.9940335e-01   4.7570916e-04
   5.4850000e+03   9.0113356e-05   9.9944701e-01   4.6287697e-04
   5.2690000e+03   4.6586351e-04   9.9909268e-01   4.4145931e-04
   5.1510000e+03   9.9838989e-01   1.5333249e-04   1.4567811e-03
   5.2740000e+03   3.5487993e-04   9.9872889e-01   9.1622771e-04
   5.5020000e+03   2.9047431e-04   9.9863141e-01   1.0781136e-03
   5.3490000e+03   2.7206063e-04   9.9868453e-01   1.0434116e-03
   5.4000000e+03   1.4154388e-03   1.4401092e-04   9.9844055e-01
   5.3750000e+03   4.4108983e-04   6.2266683e-04   9.9893624e-01
   5.2900000e+03   3.8926770e-04   5.5465948e-04   9.9905607e-01
   5.4250000e+03   4.8359965e-04   5.8427958e-04   9.9893212e-01
   5.2600000e+03   4.6706430e-04   6.7343770e-04   9.9885950e-01
   5.4230000e+03   9.9935891e-01   5.3422896e-04   1.0686009e-04
   5.3510000e+03   5.6078071e-04   5.8213290e-04   9.9885709e-01
   5.2450000e+03   9.9942776e-01   1.5276853e-04   4.1946757e-04
   5.4590000e+03   9.9935269e-01   2.0675155e-04   4.4055999e-04
   5.3530000e+03   4.9088602e-04   9.9931278e-01   1.9633399e-04
   5.4560000e+03   5.8547490e-04   4.4316015e-04   9.9897136e-01
   5.2840000e+03   3.0332033e-04   9.9948142e-01   2.1525999e-04
   5.3820000e+03   9.9931673e-01   2.3328882e-04   4.4998422e-04
   5.4730000e+03   2.4681812e-04   9.9935210e-01   4.0107809e-04
   5.2430000e+03   8.5814602e-17   9.9959736e-01   4.0264311e-04
   5.3540000e+03   1.2212453e-15   4.1699752e-04   9.9958300e-01
   5.3550000e+03   4.7534039e-04   2.2593007e-04   9.9929873e-01
   5.3880000e+03   5.7144221e-04   9.9889895e-01   5.2960889e-04
   5.2860000e+03   5.0770693e-04   2.5145927e-04   9.9924083e-01
   5.2440000e+03   9.9963221e-01   1.0642232e-04   2.6136357e-04
   5.4660000e+03   9.9961105e-01   3.4693372e-04   4.2017529e-05
   5.3560000e+03   3.9143225e-04   6.0001109e-06   9.9960257e-01
   5.4620000e+03   1.4687532e-04   3.4376236e-04   9.9950936e-01
   5.2850000e+03   2.6603656e-05   1.7598592e-04   9.9979741e-01
   5.3850000e+03   2.2065206e-04   9.9977935e-01   0.0000000e+00
   5.4700000e+03   4.5406888e-04   7.8512973e-04   9.9876080e-01
   5.2410000e+03   5.2013899e-04   9.9906343e-01   4.1643011e-04
   5.4670000e+03   9.9947654e-01   8.5820212e-05   4.3763931e-04
   5.3590000e+03   5.4813213e-04   7.9932235e-04   9.9865255e-01
   5.3700000e+03   1.7737422e-04   9.9953935e-01   2.8327707e-04
   5.2950000e+03   4.5870925e-04   9.9921081e-01   3.3047812e-04
   5.3870000e+03   3.6408635e-04   6.4386704e-04   9.9899205e-01
   5.2810000e+03   7.4928618e-04   9.9881044e-01   4.4026922e-04
   5.2880000e+03   3.4511515e-04   9.9945143e-01   2.0345432e-04
   5.3800000e+03   9.9956580e-01   2.8906866e-04   1.4512895e-04
   5.0500000e+03  -1.1102230e-16   7.8677321e-04   9.9921323e-01
   5.3780000e+03   9.9887791e-01   1.1151252e-03   6.9676116e-06
   5.2610000e+03   9.9940152e-01   1.7755333e-04   4.2093137e-04
   5.4200000e+03   9.9908582e-01   5.9028103e-04   3.2390064e-04
   5.2230000e+03   2.9033491e-04   9.9862730e-01   1.0823700e-03
   5.5250000e+03   9.9925749e-01   5.5486331e-04   1.8764487e-04
   5.4170000e+03   5.8031927e-04   4.2906590e-04   9.9899061e-01
   5.2310000e+03   9.9868131e-01   1.0434804e-03   2.7520727e-04
   5.5080000e+03   3.1485844e-04   9.9883239e-01   8.5275618e-04
