   2.8000000e+02   2.2980055e-02   1.8055943e-01   7.9646052e-01
   2.8400000e+02   9.9915143e-01   1.6358388e-04   6.8498113e-04
   1.5200000e+02   9.9878150e-01   8.5480722e-06   1.2099546e-03
   1.1920000e+03   5.1873628e-02   4.7669594e-01   4.7143043e-01
   1.3210000e+03   2.7220156e-02   3.3621519e-03   9.6941769e-01
   1.9390000e+03   1.9853523e-01   4.5245304e-02   7.5621947e-01
   9.0800000e+02   9.3183212e-01   7.3942566e-04   6.7428451e-02
   2.8500000e+02   4.5729318e-01   8.0342801e-04   5.4190339e-01
   1.3280000e+03   4.8198531e-02   9.0703526e-04   9.5089443e-01
   1.9550000e+03   8.5966384e-01   1.3559975e-01   4.7364034e-03
   3.3200000e+02   3.5073733e-01   4.1607217e-01   2.3319050e-01
   1.3690000e+03   9.4343868e-01   2.2281700e-02   3.4279624e-02
   1.4280000e+03   1.5994304e-01   7.5153347e-01   8.8523489e-02
   1.4290000e+03   3.8341697e-01   5.6567307e-01   5.0909952e-02
   4.8300000e+02   4.0687237e-03   7.2103687e-01   2.7489440e-01
   1.8190000e+03   2.2431954e-01   1.2689753e-02   7.6299070e-01
   8.9700000e+02   9.9602676e-01   1.0125618e-03   2.9606820e-03
   1.9330000e+03   4.8229057e-01   1.9965952e-02   4.9774348e-01
   8.9700000e+02   5.9875574e-02   9.1986717e-01   2.0257253e-02
   9.0600000e+02   9.9786215e-01   7.2979589e-04   1.4080495e-03
   1.0970000e+03   3.3773856e-01   6.3846826e-01   2.3793183e-02
   1.1420000e+03   3.8527469e-02   1.6150539e-01   7.9996715e-01
   1.3640000e+03   3.8970591e-01   6.1288281e-02   5.4900581e-01
   1.1400000e+03   7.2451810e-01   5.6388343e-02   2.1909356e-01
   1.1400000e+03   2.1715279e-02   8.4154448e-01   1.3674024e-01
   1.1390000e+03   2.9113146e-01   5.6178936e-01   1.4707918e-01
   1.1410000e+03   3.1210117e-01   1.0219686e-02   6.7767914e-01
   1.3780000e+03   7.4393743e-01   2.3598310e-01   2.0079473e-02
   1.3770000e+03   9.5728599e-01   1.3777237e-02   2.8936777e-02
   1.1440000e+03   2.7779050e-02   4.4858103e-03   9.6773514e-01
   1.5480000e+03   1.8224124e-03   9.9481549e-01   3.3621009e-03
   1.1430000e+03   1.9036112e-02   9.4738755e-01   3.3576336e-02
   1.1450000e+03   2.5139019e-03   9.9502862e-01   2.4574767e-03
   7.3000000e+01   3.8176494e-03   9.8917684e-01   7.0055077e-03
   5.1000000e+01   1.1194995e-01   7.5592772e-01   1.3212234e-01
   1.1560000e+03   6.2563227e-03   3.7922328e-01   6.1452040e-01
   1.3890000e+03   9.3865283e-02   4.0132371e-03   9.0212148e-01
   1.1520000e+03   4.3944022e-01   5.2863714e-04   5.6003114e-01
   1.3910000e+03   1.7632847e-02   5.6230242e-03   9.7674413e-01
   1.3430000e+03   4.0626581e-03   8.7623473e-01   1.1970262e-01
   1.1540000e+03   4.5613217e-03   2.9830131e-01   6.9713737e-01
   1.4020000e+03   5.0519714e-03   6.7044262e-01   3.2450541e-01
   1.1600000e+03   3.0324825e-01   3.2721152e-02   6.6403059e-01
   1.1640000e+03   3.6503598e-01   1.0970859e-03   6.3386693e-01
   1.1630000e+03   6.2113661e-03   4.9038457e-01   5.0340407e-01
   1.6030000e+03   1.1959279e-03   9.9558212e-01   3.2219502e-03
   1.6050000e+03   2.8554999e-03   9.5901804e-01   3.8126462e-02
   1.6320000e+03   9.9298772e-01   3.1290869e-04   6.6993749e-03
   5.3000000e+01   9.5757431e-01   9.0359098e-04   4.1522099e-02
   1.6200000e+03   1.1242227e-02   1.1249070e-01   8.7626707e-01
   1.6060000e+03   3.3211475e-03   9.9947993e-04   9.9567937e-01
   1.1700000e+03   1.2603877e-03   6.4271969e-01   3.5601992e-01
   1.1680000e+03   2.9804505e-01   3.6229823e-01   3.3965672e-01
   1.5930000e+03   8.7008736e-03   2.7986376e-01   7.1143536e-01
   1.6150000e+03   1.1808882e-02   2.8713352e-01   7.0105760e-01
   1.3380000e+03   2.5654662e-03   1.9796180e-01   7.9947274e-01
   1.5950000e+03   5.3635695e-03   2.8940600e-04   9.9434702e-01
   9.4000000e+01   9.4295497e-01   7.1272990e-04   5.6332295e-02
   1.1780000e+03   9.1554378e-01   1.7455953e-02   6.7000264e-02
   5.4000000e+01   8.8134482e-01   1.1540706e-01   3.2481151e-03
   2.0180000e+03   1.7849434e-01   6.1465113e-02   7.6004054e-01
   1.6190000e+03   8.4915700e-01   1.0450599e-01   4.6337007e-02
   1.2000000e+03   1.6797344e-02   9.5597589e-01   2.7226768e-02
   1.1800000e+03   2.7215671e-03   9.7720203e-01   2.0076406e-02
   1.1850000e+03   6.0231295e-01   3.7165163e-03   3.9397053e-01
   1.1840000e+03   4.5014453e-03   9.5445170e-02   9.0005338e-01
   1.1870000e+03   8.1841062e-01   2.4904675e-02   1.5668471e-01
   1.3190000e+03   5.3029181e-01   3.4650222e-02   4.3505797e-01
   1.9870000e+03   6.9087112e-03   8.0394598e-01   1.8914531e-01
   1.1880000e+03   1.5097244e-01   6.7488204e-01   1.7414552e-01
   1.3260000e+03   6.5707746e-01   3.2555891e-01   1.7363631e-02
   1.1900000e+03   7.8003388e-04   9.9472019e-01   4.4997742e-03
   2.0710000e+03   2.1349711e-01   6.0949439e-01   1.7700851e-01
   1.1960000e+03   1.0838429e-03   9.9732856e-01   1.5875941e-03
   1.2040000e+03   5.6614396e-03   2.4086801e-04   9.9409769e-01
   1.2260000e+03   1.5711429e-02   6.7536480e-01   3.0892377e-01
   1.9220000e+03   3.8457680e-03   1.4879788e-03   9.9466625e-01
   1.2310000e+03   2.3458928e-01   4.7008454e-02   7.1840227e-01
   1.2100000e+03   4.7578775e-03   1.1676231e-03   9.9407450e-01
   1.9260000e+03   3.9497284e-03   1.7423039e-03   9.9430797e-01
   1.2070000e+03   4.7374103e-02   6.3693334e-01   3.1569256e-01
   1.9020000e+03   4.0862419e-03   1.9409069e-03   9.9397285e-01
   1.2120000e+03   3.4639022e-01   4.1117829e-02   6.1249195e-01
   2.0250000e+03   5.2077013e-03   9.9187354e-01   2.9187570e-03
   1.2160000e+03   4.3870650e-01   1.4933827e-02   5.4635967e-01
   2.0260000e+03   9.0782087e-01   1.1716647e-02   8.0462481e-02
   1.2290000e+03   2.8534733e-01   3.5587207e-02   6.7906546e-01
   1.2740000e+03   4.3951828e-04   4.7285796e-03   9.9483190e-01
   1.2220000e+03   4.4459355e-03   1.6014670e-04   9.9539392e-01
   1.4190000e+03   3.5869373e-03   1.0286931e-03   9.9538437e-01
   1.2790000e+03   9.0423496e-02   6.4527134e-01   2.6430517e-01
   1.4230000e+03   3.7467839e-03   1.2118769e-03   9.9504134e-01
   2.0280000e+03   9.5041499e-03   7.1892470e-01   2.7157115e-01
   2.0270000e+03   8.9913934e-01   3.2593732e-02   6.8266930e-02
   1.2510000e+03   1.3813167e-02   8.7604517e-02   8.9858232e-01
   1.3320000e+03   1.9527837e-01   7.8702987e-01   1.7691756e-02
   1.9520000e+03   1.2823959e-03   2.8798584e-03   9.9583775e-01
   1.2470000e+03   4.1743969e-01   4.8300621e-02   5.3425969e-01
   1.2330000e+03   1.3001935e-03   1.6057074e-03   9.9709410e-01
   1.8850000e+03   8.8840459e-04   2.1884017e-03   9.9692319e-01
   1.2350000e+03   1.2100575e-03   1.5602563e-03   9.9722969e-01
   1.2850000e+03   7.6288300e-01   2.3333612e-01   3.7808850e-03
   1.8890000e+03   2.1796967e-04   2.9909840e-03   9.9679105e-01
   1.2890000e+03   3.5961488e-02   8.0818265e-01   1.5585586e-01
   1.2400000e+03   9.9651767e-01   9.1123354e-04   2.5710967e-03
   1.2420000e+03   9.9680491e-01   1.7636218e-03   1.4314674e-03
   1.2440000e+03   9.9682765e-01   1.2136997e-03   1.9586463e-03
   1.2460000e+03   9.9682056e-01   1.6904335e-03   1.4890056e-03
   1.2480000e+03   9.9788564e-01   8.8876373e-04   1.2255987e-03
   1.2450000e+03   9.5873453e-03   9.5916326e-01   3.1249398e-02
   1.2530000e+03   2.0194485e-02   1.6223782e-02   9.6358173e-01
   1.9490000e+03   1.3799097e-03   9.9660673e-01   2.0133652e-03
   1.3110000e+03   2.9536942e-02   2.9853308e-02   9.4060975e-01
   1.2570000e+03   9.5143663e-01   5.4505125e-03   4.3112860e-02
   1.2590000e+03   2.6834750e-01   5.5278120e-02   6.7637438e-01
   1.2560000e+03   1.4202649e-02   9.1586828e-01   6.9929068e-02
   1.2690000e+03   4.8469700e-03   1.6342535e-03   9.9351878e-01
   1.9060000e+03   4.1851199e-03   2.1585790e-03   9.9365630e-01
   1.3100000e+03   4.9657374e-03   1.8318344e-03   9.9320243e-01
   1.8820000e+03   4.1836956e-03   1.9401624e-03   9.9387614e-01
   1.2730000e+03   3.8765061e-03   9.4995792e-16   9.9612349e-01
   1.2720000e+03   4.4083695e-01   4.9732092e-01   6.1842134e-02
   1.2700000e+03   3.6116887e-04   3.9609686e-03   9.9567786e-01
   1.2720000e+03   4.4408921e-16   4.2792377e-03   9.9572076e-01
   1.2780000e+03   6.8104068e-02   7.2276161e-01   2.0913433e-01
   2.0870000e+03   1.4545045e-02   4.7115509e-01   5.1429987e-01
   1.2930000e+03   9.9513646e-01   8.2184192e-04   4.0416991e-03
   1.2950000e+03   9.9511114e-01   6.6460006e-04   4.2242611e-03
   1.8980000e+03   3.0170769e-03   4.7404058e-04   9.9650888e-01
   1.2970000e+03   9.9584456e-01   8.1699380e-04   3.3384462e-03
   1.2990000e+03   9.9575790e-01   9.0090629e-04   3.3411942e-03
   1.3130000e+03   1.8490761e-02   9.5085333e-01   3.0655909e-02
   1.8820000e+03   4.2772976e-03   9.9010277e-01   5.6199335e-03
   1.3000000e+03   2.5424771e-02   9.4630523e-01   2.8270002e-02
   1.3560000e+03   3.3195489e-01   6.0824629e-01   5.9798819e-02
   1.3620000e+03   3.0155011e-03   1.9965357e-02   9.7701914e-01
   1.3060000e+03   4.6731202e-01   2.2061620e-02   5.1062637e-01
   1.3140000e+03   5.4120154e-01   9.8613844e-02   3.6018462e-01
   1.3130000e+03   4.7293533e-03   7.1858160e-04   9.9455207e-01
   2.0160000e+03   9.7998597e-01   1.1623219e-02   8.3908097e-03
   1.9880000e+03   9.5452367e-01   3.5030521e-02   1.0445807e-02
   1.9500000e+03   1.7156434e-03   9.5057308e-01   4.7711277e-02
   1.3240000e+03   5.3603475e-01   4.2582287e-01   3.8142383e-02
   1.9430000e+03   9.6730891e-01   2.4229653e-02   8.4614418e-03
   1.9530000e+03   1.3098917e-03   2.6218751e-03   9.9606823e-01
   1.3350000e+03   9.6279541e-01   9.3282972e-03   2.7876288e-02
   1.3370000e+03   9.9680224e-01   6.8364445e-04   2.5141177e-03
   1.3390000e+03   9.0926246e-01   1.0513529e-02   8.0224010e-02
   1.3480000e+03   2.5816068e-03   1.7937588e-03   9.9562463e-01
   1.4060000e+03   5.2955409e-02   3.4305752e-04   9.4670153e-01
   1.3450000e+03   2.7269770e-01   7.8969531e-03   7.1940535e-01
   1.3470000e+03   2.6749781e-03   9.9656028e-01   7.6473948e-04
   1.5730000e+03   7.2432901e-02   9.0845632e-01   1.9110777e-02
   1.3510000e+03   5.0228407e-01   3.1402508e-01   1.8369085e-01
   1.9420000e+03   1.0266155e-02   8.8522905e-01   1.0450479e-01
   1.3580000e+03   5.7777218e-01   3.9231097e-01   2.9916847e-02
   1.8400000e+03   9.1696864e-03   9.9015489e-01   6.7542594e-04
   1.3630000e+03   4.9789113e-01   6.1316300e-03   4.9597724e-01
   1.3710000e+03   6.7652619e-01   8.4409853e-02   2.3906396e-01
   1.3650000e+03   2.8314451e-02   4.2280580e-01   5.4887975e-01
   1.3660000e+03   2.2211011e-01   5.1771091e-01   2.6017899e-01
   1.3680000e+03   7.0434971e-02   8.5275041e-01   7.6814617e-02
   1.3700000e+03   4.5031823e-01   2.1201710e-01   3.3766467e-01
   2.1430000e+03   9.9542438e-01   1.0089060e-03   3.5667097e-03
   1.3720000e+03   1.0801534e-02   1.4640089e-01   8.4279757e-01
   1.3720000e+03   0.0000000e+00   1.0000000e+00  -0.0000000e+00
   5.7000000e+01   1.9493491e-01   6.5191649e-01   1.5314860e-01
   2.1050000e+03   1.4272361e-03   9.9515848e-01   3.4142808e-03
   1.3760000e+03   1.2852336e-01   8.2631896e-01   4.5157675e-02
   1.3810000e+03   1.1347117e-01   5.1674902e-03   8.8136134e-01
   1.3830000e+03   3.5280021e-03   4.1795638e-04   9.9605404e-01
   2.1090000e+03   9.9734251e-01   1.2538356e-03   1.4036559e-03
   1.3870000e+03   4.8947180e-03   4.1024046e-04   9.9469504e-01
   2.1470000e+03   9.9672158e-01   3.2784179e-03   1.9317992e-15
   6.2000000e+01   5.2025346e-01   4.6484163e-01   1.4904911e-02
   1.3970000e+03   6.2500626e-01   2.2909404e-02   3.5208434e-01
   1.4790000e+03   8.6796696e-04   9.9602704e-01   3.1049910e-03
   1.4810000e+03   1.0552960e-03   9.9647653e-01   2.4681713e-03
   1.4080000e+03   1.0647835e-03   3.2628816e-03   9.9567233e-01
   6.3000000e+01   6.5210657e-02   7.6313739e-01   1.7165196e-01
   1.4720000e+03   7.2651067e-04   9.9570613e-01   3.5673572e-03
   7.8000000e+01   9.9380366e-01   2.6972072e-04   5.9266157e-03
   1.5840000e+03   9.9514883e-01   1.0138730e-04   4.7497779e-03
   1.9000000e+03   3.2241837e-02   7.4816375e-01   2.1959441e-01
   1.4170000e+03   3.1921632e-03   1.5428274e-03   9.9526501e-01
   1.4210000e+03   3.2782765e-03   1.7985699e-03   9.9492315e-01
   1.4250000e+03   3.3668365e-03   1.9864729e-03   9.9464669e-01
   1.9240000e+03   3.4579441e-03   2.1336716e-03   9.9440838e-01
   1.4670000e+03   2.9085899e-02   8.0920149e-01   1.6171261e-01
   1.4330000e+03   9.9426749e-01   4.7777074e-03   9.5480191e-04
   1.4310000e+03   1.4228825e-02   7.5952456e-01   2.2624662e-01
   6.1000000e+01   5.0457112e-01   4.6990408e-01   2.5524799e-02
   1.4910000e+03   2.0811101e-03   3.2861143e-03   9.9463278e-01
   1.4440000e+03   4.8166415e-03   2.4958095e-03   9.9268755e-01
   1.4420000e+03   4.4841944e-03   3.0795143e-03   9.9243629e-01
   1.6950000e+03   3.6868958e-03   9.9625997e-01   5.3133281e-05
   1.4460000e+03   3.9955406e-03   3.4732269e-03   9.9253123e-01
   1.6960000e+03   3.3486201e-03   7.3623254e-04   9.9591515e-01
   1.4930000e+03   2.9808736e-03   3.8395682e-03   9.9317956e-01
   1.5240000e+03   2.9145410e-03   4.0399322e-03   9.9304553e-01
   1.5030000e+03   3.0431842e-02   5.7895352e-01   3.9061464e-01
   6.7000000e+01   7.8400935e-03   9.3124148e-04   9.9122867e-01
   1.4950000e+03   5.6521528e-01   6.5239794e-03   4.2826074e-01
   1.4470000e+03   1.0091652e-02   9.6589711e-01   2.4011241e-02
   1.4490000e+03   1.2617862e-02   9.6348782e-01   2.3894314e-02
   1.4510000e+03   5.6613092e-03   9.9141403e-01   2.9246630e-03
   2.1210000e+03   9.9463400e-01   3.8270272e-03   1.5389726e-03
   1.4570000e+03   6.7633230e-04   9.9549637e-01   3.8272960e-03
   2.1170000e+03   9.9553438e-01   4.0391877e-03   4.2643364e-04
   5.9000000e+01   1.2271618e-03   9.9433452e-01   4.4383184e-03
   1.4590000e+03   3.8229557e-03   2.5897497e-03   9.9358729e-01
   1.4630000e+03   4.8532163e-03   3.1505646e-03   9.9199622e-01
   1.4610000e+03   4.4534682e-03   2.5040627e-03   9.9304247e-01
   1.6760000e+03   9.9573992e-01   1.4895516e-03   2.7705257e-03
   1.4650000e+03   4.5216373e-03   2.7897926e-03   9.9268857e-01
   1.6740000e+03   9.9595720e-01   9.3760356e-04   3.1051970e-03
   1.4750000e+03   8.0721822e-04   9.9602168e-01   3.1711016e-03
   1.4660000e+03   7.2042389e-04   9.9511635e-01   4.1632212e-03
   1.4680000e+03   1.1208995e-03   9.9492743e-01   3.9516705e-03
   1.4700000e+03   3.9966476e-04   9.9506559e-01   4.5347407e-03
   1.4770000e+03   9.2843083e-04   9.9621295e-01   2.8586201e-03
   2.1130000e+03   9.9651909e-01   2.8884097e-03   5.9250225e-04
   1.8840000e+03   8.6259407e-03   9.9037580e-01   9.9825924e-04
   1.4890000e+03   7.0550166e-02   1.6947320e-01   7.5997663e-01
   1.8420000e+03   2.0125478e-01   1.2328934e-02   7.8641629e-01
   1.5280000e+03   2.7060551e-03   3.8660806e-03   9.9342786e-01
   1.5070000e+03   2.7313840e-03   3.5948011e-03   9.9367381e-01
   1.5060000e+03   1.2571481e-02   3.9590448e-01   5.9152404e-01
   1.5200000e+03   6.7994999e-02   5.7400214e-01   3.5800286e-01
   1.5050000e+03   2.7969663e-02   4.5465852e-01   5.1737182e-01
   2.1370000e+03   6.7685289e-01   1.0311006e-02   3.1283611e-01
   2.1340000e+03   9.8334418e-01   1.1963763e-02   4.6920569e-03
   1.5090000e+03   2.3030413e-03   3.4677848e-03   9.9422917e-01
   1.7960000e+03   1.9709357e-03   3.4286328e-03   9.9460043e-01
   1.8000000e+03   3.1473454e-03   3.7068242e-03   9.9314583e-01
   1.8040000e+03   6.7702079e-03   4.7568052e-03   9.8847299e-01
   1.5130000e+03   3.7696690e-01   4.5224805e-01   1.7078505e-01
   1.5180000e+03   1.1773054e-02   7.5402401e-01   2.3420294e-01
   1.5260000e+03   2.5662329e-03   4.1881981e-03   9.9324557e-01
   1.7150000e+03   2.2172201e-03   4.2939734e-03   9.9348881e-01
   1.5300000e+03   2.3844591e-03   3.8106410e-03   9.9380490e-01
   1.7190000e+03   2.0739807e-03   3.7954497e-03   9.9413057e-01
   1.5320000e+03   8.6286651e-02   1.9088300e-02   8.9462505e-01
   1.5560000e+03   3.1093742e-02   3.1439444e-02   9.3746681e-01
   1.5350000e+03   5.9222828e-01   7.8794981e-03   3.9989223e-01
   1.5600000e+03   4.2457018e-03   3.9968571e-03   9.9175744e-01
   1.5430000e+03   7.0723318e-04   3.8026617e-01   6.1902660e-01
   1.7070000e+03   3.7831462e-03   3.6206808e-03   9.9259617e-01
   1.7110000e+03   3.4930234e-03   3.5453956e-03   9.9296158e-01
   1.6830000e+03   3.2664109e-03   3.6346601e-03   9.9309893e-01
   1.5420000e+03   6.1465360e-01   3.6983635e-01   1.5510057e-02
   1.6800000e+03   9.9629106e-01   4.9568859e-04   3.2132499e-03
   1.5470000e+03   3.3511790e-01   4.9036858e-03   6.5997842e-01
   1.5520000e+03   2.0990407e-03   9.9685083e-01   1.0501341e-03
   1.5490000e+03   7.0496638e-01   7.7006325e-04   2.9426356e-01
   1.5540000e+03   1.3228187e-02   8.3229226e-01   1.5447955e-01
   1.5580000e+03   3.5482405e-03   5.5003137e-03   9.9095145e-01
   1.6450000e+03   2.6646051e-03   8.7728835e-04   9.9645811e-01
   1.5620000e+03   3.5840183e-03   4.3233099e-03   9.9209267e-01
   1.6470000e+03   4.0450071e-03   9.9502489e-01   9.3010416e-04
   1.7090000e+03   2.2298907e-03   4.0986428e-03   9.9367147e-01
   1.7090000e+03   6.6465935e-01   2.4557792e-02   3.1078286e-01
   1.5630000e+03   9.9623570e-01   1.7859196e-03   1.9783763e-03
   6.9000000e+01   9.5602838e-01   1.0477189e-02   3.3494427e-02
   1.5670000e+03   9.9463107e-01   4.2268897e-03   1.1420406e-03
   1.6260000e+03   1.5121006e-03   6.6110821e-02   9.3237708e-01
   7.6000000e+01   9.9462921e-01   5.2666832e-03   1.0410660e-04
   7.7000000e+01   9.9455858e-01   5.2885518e-04   4.9125612e-03
   1.5820000e+03   9.9494453e-01   3.8732110e-04   4.6681452e-03
   1.5860000e+03   9.5050789e-01   9.8746880e-03   3.9617420e-02
   1.5880000e+03   9.3908073e-01   6.4714715e-03   5.4447798e-02
   1.5970000e+03   5.2820612e-03   1.3038244e-03   9.9341411e-01
   1.6180000e+03   2.1515358e-03   9.9552311e-01   2.3253552e-03
   1.5990000e+03   1.4682154e-03   9.9522134e-01   3.3104434e-03
   1.8500000e+03   2.2815113e-03   9.9591917e-01   1.7993155e-03
   1.8520000e+03   2.5783022e-03   9.9595285e-01   1.4688500e-03
   1.8650000e+03   2.7334084e-03   9.9430322e-01   2.9633757e-03
   1.6010000e+03   1.8012085e-03   9.9519057e-01   3.0082166e-03
   1.9150000e+03   9.9625761e-01   1.4902627e-03   2.2521251e-03
   1.6100000e+03   4.1040583e-01   1.5487785e-01   4.3471632e-01
   1.6120000e+03   2.7376696e-03   9.9656858e-01   6.9374713e-04
   1.8540000e+03   4.0661055e-01   1.8944110e-02   5.7444534e-01
   1.8580000e+03   2.7169146e-01   1.8167318e-02   7.1014122e-01
   1.8570000e+03   3.4899074e-04   2.6329664e-01   7.3635436e-01
   1.6140000e+03   2.7378810e-03   9.9675432e-01   5.0779913e-04
   1.8460000e+03   2.9420545e-03   9.9675039e-01   3.0755154e-04
   1.6240000e+03   9.9169774e-01   1.7095919e-03   6.5926730e-03
   1.6350000e+03   3.3079967e-03   7.2141188e-04   9.9597059e-01
   2.1600000e+03   2.7864821e-02   2.9780513e-01   6.7433005e-01
   1.6310000e+03   4.0566812e-04   1.2571089e-02   9.8702324e-01
   1.6340000e+03   9.8214518e-01   6.6996558e-03   1.1155162e-02
   1.6380000e+03   3.1319136e-03   2.9618461e-03   9.9390624e-01
   1.9140000e+03   5.6117434e-03   8.5968819e-01   1.3470007e-01
   1.6420000e+03   2.1916258e-01   7.6120323e-03   7.7322539e-01
   1.6410000e+03   6.7239353e-03   4.2235629e-02   9.5104044e-01
   1.6500000e+03   6.5120245e-02   1.4611848e-02   9.2026791e-01
   1.6650000e+03   4.6585356e-03   9.8994215e-01   5.3993114e-03
   1.6470000e+03   8.0305820e-02   3.1537792e-02   8.8815639e-01
   1.9190000e+03   2.1165389e-02   6.5831964e-01   3.2051497e-01
   7.9000000e+01   5.6006294e-03   9.9197567e-01   2.4236997e-03
   1.6630000e+03   5.1879000e-03   9.9200323e-01   2.8088723e-03
   1.6710000e+03   2.5635551e-03   4.8955253e-03   9.9254092e-01
   1.6520000e+03   3.7550330e-03   2.9326573e-01   7.0297923e-01
   1.6520000e+03   2.0604584e-02   7.4984395e-01   2.2955147e-01
   1.6560000e+03   2.3711806e-03   2.7605263e-03   9.9486829e-01
   9.8000000e+01   9.3352818e-01   2.4781873e-02   4.1689952e-02
   1.8730000e+03   6.5098483e-02   2.0843940e-01   7.2646212e-01
   1.6550000e+03   1.1998137e-02   6.8445872e-01   3.0354315e-01
   1.6690000e+03   2.8712091e-01   1.7506564e-02   6.9537253e-01
   1.7470000e+03   2.1760621e-03   6.0272804e-03   9.9179666e-01
   1.7630000e+03   5.4536156e-03   9.9192322e-01   2.6231620e-03
   1.7650000e+03   3.3754265e-02   6.4362100e-01   3.2262474e-01
   8.2000000e+01   4.5524236e-03   9.9260464e-01   2.8429329e-03
   1.6590000e+03   5.5626200e-03   9.9172276e-01   2.7146175e-03
   1.6610000e+03   8.9619144e-03   6.5524187e-01   3.3579622e-01
   1.6730000e+03   2.8694388e-03   4.9688969e-03   9.9216166e-01
   8.1000000e+01   4.1143230e-03   9.9370417e-01   2.1815111e-03
   1.6900000e+03   3.1603714e-03   9.9313410e-04   9.9584649e-01
   1.6790000e+03   9.9642554e-01   3.4636503e-03   1.1081047e-04
   1.6990000e+03   2.6953722e-03   4.5698859e-03   9.9273474e-01
   1.6870000e+03   3.0106764e-03   3.9897952e-03   9.9299953e-01
   1.6850000e+03   2.9856867e-03   4.0808472e-03   9.9293347e-01
   1.7700000e+03   9.9548914e-01   2.8211030e-03   1.6897586e-03
   1.6890000e+03   2.7548443e-03   4.3903150e-03   9.9285484e-01
   1.7680000e+03   9.9530722e-01   2.6387533e-03   2.0540314e-03
   1.7010000e+03   2.4669408e-03   4.8528958e-03   9.9268016e-01
   1.7230000e+03   2.4500192e-03   5.0107879e-03   9.9253919e-01
   1.7030000e+03   2.4072623e-03   4.7284265e-03   9.9286431e-01
   1.6920000e+03   2.8336057e-03   1.5916509e-03   9.9557474e-01
   1.7050000e+03   2.2182065e-03   4.8327040e-03   9.9294909e-01
   1.7270000e+03   2.2197313e-03   4.8441129e-03   9.9293616e-01
   1.7170000e+03   2.0587249e-03   4.3057367e-03   9.9363554e-01
   1.7340000e+03   2.0334635e-03   2.1939975e-03   9.9577254e-01
   1.7130000e+03   3.1747905e-03   3.9940054e-03   9.9283120e-01
   1.9170000e+03   4.3829223e-03   9.9356704e-01   2.0500418e-03
   1.7210000e+03   1.9286589e-03   3.7983870e-03   9.9427295e-01
   1.7360000e+03   1.8924948e-03   1.8660910e-03   9.9624141e-01
   1.7980000e+03   1.8194583e-03   3.4402646e-03   9.9474028e-01
   1.8100000e+03   1.7816246e-03   3.4625629e-03   9.9475581e-01
   1.7250000e+03   2.4809645e-03   5.0230202e-03   9.9249602e-01
   1.7440000e+03   4.9370624e-03   9.9259249e-01   2.4704427e-03
   1.7290000e+03   2.2465354e-03   4.7655489e-03   9.9298792e-01
   1.7400000e+03   4.5696645e-03   9.9318048e-01   2.2498581e-03
   1.7300000e+03   2.0363701e-03   2.1671445e-03   9.9579649e-01
   1.7780000e+03   2.0192010e-03   2.1137013e-03   9.9586710e-01
   1.7800000e+03   1.8343848e-03   2.0664774e-03   9.9609914e-01
   1.7880000e+03   3.6915834e-03   9.9460449e-01   1.7039221e-03
   1.7320000e+03   1.8777480e-03   1.9752938e-03   9.9614696e-01
   1.8120000e+03   1.7601698e-03   3.5809182e-03   9.9465891e-01
   1.7910000e+03   1.3220119e-03   4.1483482e-03   9.9452964e-01
   1.7740000e+03   1.8145823e-03   2.2503494e-03   9.9593507e-01
   1.7580000e+03   1.5883041e-03   4.2727964e-03   9.9413890e-01
   1.7380000e+03   4.3990912e-03   9.9355463e-01   2.0462830e-03
   1.7550000e+03   1.8773226e-03   4.6226201e-03   9.9350006e-01
   1.7420000e+03   4.7993221e-03   9.9297236e-01   2.2283192e-03
   1.7490000e+03   1.1851317e-03   5.8214862e-03   9.9299338e-01
   1.7510000e+03   2.0308921e-03   5.1023905e-03   9.9286672e-01
   1.7530000e+03   1.0663010e-03   4.8598081e-03   9.9407389e-01
   1.7560000e+03   7.2475516e-04   4.3722542e-03   9.9490299e-01
   1.7540000e+03   2.7933515e-03   9.3111629e-01   6.6090363e-02
   1.7910000e+03   8.7368486e-01   1.1266292e-02   1.1504885e-01
   1.7590000e+03   5.1634190e-03   9.9244203e-01   2.3945537e-03
   1.7610000e+03   5.1070890e-03   9.9223292e-01   2.6599872e-03
   1.7720000e+03   9.9509561e-01   2.6392004e-03   2.2651882e-03
   1.7690000e+03   3.1933027e-01   6.4489053e-01   3.5779200e-02
   1.7930000e+03   1.1063968e-03   4.1016290e-03   9.9479197e-01
   1.8240000e+03   1.1759155e-03   4.1129133e-03   9.9471117e-01
   1.7760000e+03   1.6179894e-03   2.3575549e-03   9.9602446e-01
   1.7860000e+03   3.8600660e-03   9.9466235e-01   1.4775794e-03
   1.9300000e+03   6.8609129e-03   8.9701828e-03   9.8416890e-01
   1.7850000e+03   2.8529083e-02   2.6042963e-01   7.1104129e-01
   1.9310000e+03   1.4293051e-03   3.8527334e-03   9.9471796e-01
   1.8280000e+03   1.0307231e-03   3.1806245e-03   9.9578865e-01
   1.7820000e+03   2.9446218e-03   9.9581013e-01   1.2452473e-03
   1.7840000e+03   3.8363201e-03   9.9458747e-01   1.5762090e-03
   1.7930000e+03   8.2421214e-01   2.0692119e-02   1.5509574e-01
   1.8260000e+03   6.9287813e-04   4.2317705e-03   9.9507535e-01
   1.8020000e+03   1.7461540e-03   3.5016218e-03   9.9475222e-01
   1.8140000e+03   1.6898719e-03   3.5890575e-03   9.9472107e-01
   1.8060000e+03   1.6252868e-03   3.5895506e-03   9.9478516e-01
   1.8200000e+03   1.6591296e-03   2.1341815e-03   9.9620669e-01
   1.8030000e+03   1.1672452e-01   8.6487113e-01   1.8404347e-02
   1.8220000e+03   1.6738114e-03   2.3130198e-03   9.9601317e-01
   1.8160000e+03   1.6459663e-03   3.7017117e-03   9.9465232e-01
   1.8170000e+03   3.4027532e-02   2.9415488e-01   6.7181758e-01
   1.8300000e+03   5.7056996e-04   3.1816412e-03   9.9624779e-01
   1.9360000e+03   9.7389233e-01   3.1240970e-03   2.2983576e-02
   1.8340000e+03   4.8486838e-01   1.9377708e-01   3.2135454e-01
   1.8380000e+03   5.4473018e-01   2.7050742e-02   4.2821908e-01
   1.8420000e+03   3.0056470e-01   6.4922244e-01   5.0212861e-02
   1.8710000e+03   2.7184347e-03   3.6766992e-03   9.9360487e-01
   1.8770000e+03   4.7216516e-04   4.2289974e-03   9.9529884e-01
   1.8470000e+03   3.1934604e-03   7.1584004e-05   9.9673496e-01
   1.8630000e+03   3.5652934e-03   9.9119168e-01   5.2430227e-03
   1.8610000e+03   8.1086137e-02   4.3402817e-01   4.8488570e-01
   1.9130000e+03   8.1722356e-01   1.3599173e-01   4.6784713e-02
   1.8720000e+03   6.1633967e-01   8.4984972e-02   2.9867536e-01
   1.8770000e+03   8.7118400e-01   5.4700118e-02   7.4115880e-02
   1.8800000e+03   3.6625690e-01   7.8533177e-02   5.5520993e-01
   1.8790000e+03   5.2446870e-02   7.7740827e-01   1.7014486e-01
   1.8840000e+03   4.3093070e-01   1.7014025e-02   5.5205527e-01
   1.9540000e+03   4.8443797e-04   2.3567106e-03   9.9715885e-01
   1.8870000e+03   5.6145762e-04   2.0181240e-03   9.9742042e-01
   1.8960000e+03   2.7741345e-03   9.3624083e-05   9.9713224e-01
   1.9040000e+03   3.7385802e-03   2.6451560e-03   9.9361626e-01
   1.9080000e+03   3.8410947e-03   2.8794424e-03   9.9327946e-01
   1.9170000e+03   1.1623984e-02   3.1686866e-01   6.7150735e-01
   1.9280000e+03   3.5842981e-03   2.3670985e-03   9.9404860e-01
   1.9400000e+03   1.1666982e-02   3.3275570e-01   6.5557732e-01
   1.9430000e+03   1.8401837e-03   9.9654856e-01   1.6112555e-03
   1.9560000e+03   5.4341656e-03   6.2174312e-03   9.8834840e-01
   1.9810000e+03   2.6684667e-02   3.3938967e-01   6.3392566e-01
   1.9590000e+03   5.9444979e-01   3.9399654e-01   1.1553662e-02
   1.9610000e+03   4.8980439e-01   5.0717181e-01   3.0238023e-03
   1.9640000e+03   2.3964401e-02   2.4611850e-01   7.2991710e-01
   1.9760000e+03   1.7934344e-03   2.0159432e-01   7.9661225e-01
   1.7420000e+04   4.7853386e-03   8.4323386e-01   1.5198080e-01
   1.9680000e+03   5.3578857e-03   9.7401265e-01   2.0629467e-02
   1.9750000e+03   5.5511080e-03   5.9121368e-04   9.9385768e-01
   2.0790000e+03   2.7390828e-03   3.2082453e-01   6.7643638e-01
   2.0540000e+03   5.7392049e-03   5.4469533e-04   9.9371610e-01
   2.0670000e+03   5.8926173e-03   1.6611242e-04   9.9394127e-01
   1.9900000e+03   2.0563572e-01   1.7120023e-02   7.7724425e-01
   2.1670000e+03   4.2769119e-02   4.6343410e-01   4.9379678e-01
   2.1690000e+03   1.0478402e-02   4.5314573e-01   5.3637587e-01
   1.9920000e+03   9.2191579e-01   1.7223785e-02   6.0860426e-02
   1.9940000e+03   3.5213674e-02   2.7945753e-01   6.8532880e-01
   1.9990000e+03   7.8088403e-03   4.9941905e-01   4.9277211e-01
   2.0070000e+03   2.5519219e-01   6.7423578e-03   7.3806546e-01
   2.0010000e+03   5.8334494e-01   1.7101816e-01   2.4563691e-01
   9.4000000e+01   1.0365288e-01   5.7734989e-02   8.3861213e-01
   2.0070000e+03   9.7457363e-01   2.1828954e-02   3.5974166e-03
   2.1570000e+03   9.2706501e-02   1.1929563e-01   7.8799787e-01
   2.0110000e+03   2.0221396e-02   9.7846537e-01   1.3132322e-03
   2.0240000e+03   7.1754510e-01   5.9953404e-03   2.7645956e-01
   1.7639000e+04   2.1562488e-02   9.7243379e-01   6.0037258e-03
   2.0330000e+03   5.2045937e-03   2.9745143e-04   9.9449795e-01
   8.8000000e+01   1.0633808e-03   9.9456062e-01   4.3759987e-03
   2.0320000e+03   2.5777526e-03   3.6001204e-02   9.6142104e-01
   8.3000000e+01   9.9324365e-01   6.2728382e-04   6.1290619e-03
   2.0420000e+03   3.1205426e-02   1.2853032e-01   8.4026425e-01
   2.0760000e+03   2.2424598e-03   1.2816726e-03   9.9647587e-01
   8.5000000e+01   1.4904485e-03   3.0811250e-03   9.9542843e-01
   2.0440000e+03   1.7222859e-02   2.0172752e-01   7.8104962e-01
   2.0940000e+03   4.0829193e-03   1.7888929e-04   9.9573819e-01
   2.0770000e+03   2.8561930e-03   7.7165894e-03   9.8942722e-01
   1.7652000e+04   9.4233060e-03   1.6752790e-03   9.8890142e-01
   2.0490000e+03   9.9437982e-01   4.9268889e-03   6.9329318e-04
   2.0640000e+03   5.4316161e-03   5.4110045e-04   9.9402728e-01
   2.0700000e+03   3.3615743e-02   4.0198570e-01   5.6439856e-01
   2.0580000e+03   5.9009247e-03   6.6282641e-04   9.9343625e-01
   2.0620000e+03   5.8362975e-03   6.5427266e-04   9.9350943e-01
   2.0660000e+03   5.1121980e-03   4.5294092e-04   9.9443486e-01
   2.0650000e+03   1.9025695e-04   3.8097394e-03   9.9600000e-01
   9.1000000e+01   9.4184308e-01   1.1872803e-02   4.6284116e-02
   2.0690000e+03   9.8014320e-01   1.1244487e-02   8.6123140e-03
   2.0740000e+03   1.2555790e-03   1.7037400e-03   9.9704068e-01
   2.0860000e+03   4.1202757e-01   8.8575889e-02   4.9939654e-01
   2.0960000e+03   7.8785683e-01   4.4351590e-02   1.6779158e-01
   2.0990000e+03   1.9101673e-03   9.9808983e-01   7.2950395e-16
   2.1030000e+03   1.0538598e-03   9.9894614e-01   0.0000000e+00
   2.1100000e+03   2.2204460e-15   3.2229053e-03   9.9677709e-01
   2.1140000e+03   5.0562383e-04   3.4677410e-03   9.9602664e-01
   2.1150000e+03   9.9534736e-01   4.6526438e-03   0.0000000e+00
   2.1190000e+03   9.9434950e-01   5.6504999e-03   0.0000000e+00
   2.1260000e+03   4.9862417e-04   5.8497165e-03   9.9365166e-01
   2.1300000e+03   1.0540375e-03   5.6306823e-03   9.9331528e-01
   2.1310000e+03   9.9437451e-01   5.3465622e-03   2.7892888e-04
   2.1390000e+03   4.6286150e-01   7.5303301e-02   4.6183520e-01
   2.1400000e+03   9.9792696e-01   2.0730434e-03   8.7195702e-16
   2.1440000e+03   9.9728835e-01   2.7116453e-03   0.0000000e+00
   2.1520000e+03   9.9892358e-01   1.0764236e-03   2.4936679e-16
   2.2240000e+03   3.4742332e-03   2.6267899e-02   9.7025787e-01
   2.2600000e+03   1.1305196e-01   3.9809975e-02   8.4713806e-01
   2.3210000e+03   6.7812301e-01   3.0352238e-01   1.8354605e-02
   2.0990000e+03   1.0728333e-03   9.3198684e-04   9.9799518e-01
   2.2610000e+03   2.3630916e-02   7.9250554e-02   8.9711853e-01
   2.3170000e+03   3.4211520e-02   9.1883670e-01   4.6951782e-02
   2.3120000e+03   3.7690452e-01   6.0887371e-01   1.4221763e-02
   2.2690000e+03   8.3819259e-02   8.3268982e-03   9.0785384e-01
   2.3190000e+03   3.7589404e-01   6.0824452e-01   1.5861437e-02
   2.1240000e+03   1.3712291e-01   2.7370678e-02   8.3550641e-01
   2.2800000e+03   5.1982036e-03   9.9406066e-01   7.4113509e-04
   2.1200000e+03   8.0301659e-02   1.3226659e-02   9.0647168e-01
   2.2700000e+03   6.0059751e-03   9.9367375e-01   3.2027411e-04
   2.1160000e+03   4.4262763e-02   2.6927032e-03   9.5304453e-01
   2.2720000e+03   5.0511714e-03   9.9427908e-01   6.6974584e-04
   2.3080000e+03   9.7643868e-03   9.1333970e-01   7.6895914e-02
   2.3070000e+03   5.5783487e-01   4.3293471e-01   9.2304205e-03
   2.2760000e+03   1.6858687e-01   7.9473970e-01   3.6673430e-02
   2.1120000e+03   1.8789385e-03   3.4965431e-03   9.9462452e-01
   2.1270000e+03   1.4467686e-02   1.2456119e-01   8.6097113e-01
   2.2790000e+03   9.3335462e-01   2.2793537e-03   6.4366022e-02
   2.1230000e+03   6.9947906e-04   1.4783858e-01   8.5146194e-01
   2.2780000e+03   4.3431501e-03   9.9240015e-01   3.2566969e-03
   2.2860000e+03   3.7234960e-02   3.3280878e-01   6.2995626e-01
   2.2920000e+03   8.6885858e-02   2.7840420e-01   6.3470994e-01
   2.1340000e+03   1.3494578e-01   1.5251821e-02   8.4980240e-01
   2.1860000e+03   4.2650338e-03   1.5323466e-03   9.9420262e-01
   2.2880000e+03   8.5961226e-03   4.8163359e-02   9.4324052e-01
   2.2920000e+03   3.8609534e-03   9.9499440e-01   1.1446459e-03
   2.2950000e+03   7.1330544e-06   9.9577243e-01   4.2204358e-03
   2.3010000e+03   9.9566490e-01   1.6242540e-03   2.7108493e-03
   2.1880000e+03   3.4444757e-03   9.9545776e-01   1.0977608e-03
   2.3060000e+03   9.9647397e-01   7.3473406e-04   2.7912951e-03
   2.3140000e+03   1.3768092e-02   2.8231577e-01   7.0391614e-01
   2.3150000e+03   1.8729974e-01   7.7268481e-01   4.0015449e-02
   2.3250000e+03   1.5140361e-02   6.9198234e-01   2.9287730e-01
   2.2230000e+03   1.2653368e-03   1.5399279e-04   9.9858067e-01
   2.3360000e+03   5.7977170e-03   1.3244744e-02   9.8095754e-01
   2.3690000e+03   9.7042837e-01   2.4455219e-02   5.1164128e-03
   2.2900000e+03   2.9378935e-03   9.9565113e-01   1.4109773e-03
   2.2930000e+03   2.3813106e-03   9.9568623e-01   1.9324604e-03
   2.3890000e+03   3.2185095e-03   9.9509869e-01   1.6828042e-03
   2.4290000e+03   9.4369007e-01   9.7347476e-03   4.6575181e-02
   2.3930000e+03   3.5938828e-03   9.9477572e-01   1.6303945e-03
   2.4270000e+03   7.8215917e-01   1.0669270e-03   2.1677390e-01
   2.2960000e+03   9.9662504e-01   7.8188711e-04   2.5930758e-03
   2.2980000e+03   9.9690069e-01   1.6955639e-03   1.4037445e-03
   2.3970000e+03   3.4715428e-03   9.9486187e-01   1.6665914e-03
   2.3990000e+03   3.4111395e-03   9.9463331e-01   1.9555491e-03
   2.4010000e+03   3.3915184e-03   9.9505166e-01   1.5568250e-03
   2.4030000e+03   3.2226197e-03   9.9478762e-01   1.9897633e-03
   2.3030000e+03   9.9684448e-01   7.2067459e-04   2.4348406e-03
   2.4090000e+03   3.9020764e-03   3.0249751e-01   6.9360042e-01
   2.4100000e+03   2.1105708e-02   2.8536811e-01   6.9352618e-01
   2.4120000e+03   4.6813570e-02   2.9083781e-01   6.6234862e-01
   2.4050000e+03   3.3236933e-03   5.8088860e-01   4.1578770e-01
   2.4250000e+03   7.8318080e-01   1.0716668e-03   2.1574753e-01
   2.4090000e+03   2.7053452e-03   9.9665490e-01   6.3975205e-04
   2.4170000e+03   3.9566529e-01   2.1154941e-02   5.8317977e-01
   2.4180000e+03   3.5807898e-01   8.6312904e-02   5.5560812e-01
   2.4100000e+03   2.2181146e-03   9.9660405e-01   1.1778312e-03
   2.4140000e+03   9.7528891e-01   1.0344237e-02   1.4366853e-02
   2.4140000e+03   2.0061187e-05   9.9893870e-01   1.0412346e-03
   2.3250000e+03   3.1673979e-02   1.3530143e-01   8.3302460e-01
   2.4220000e+03   2.0071219e-03   2.5101768e-03   9.9548270e-01
   2.4230000e+03   3.1081838e-02   1.6894641e-02   9.5202352e-01
   1.9422000e+04   8.8561317e-03   2.1783913e-01   7.7330474e-01
   1.9421000e+04   8.9780404e-03   1.9507823e-01   7.9594373e-01
   2.4400000e+03   1.8605165e-03   1.7957875e-03   9.9634370e-01
   2.4430000e+03   9.1260887e-04   8.2437718e-04   9.9826301e-01
   2.4440000e+03   4.3645994e-02   7.4785316e-01   2.0850085e-01
   1.9370000e+03   5.8365177e-01   9.9671786e-02   3.1667644e-01
   1.9550000e+03   1.2658126e-01   8.5393086e-01   1.9487873e-02
   2.9540000e+03   3.2856537e-01   4.9453453e-01   1.7690010e-01
   2.6270000e+03   6.0574513e-03   7.9479992e-01   1.9914263e-01
   2.6450000e+03   4.6059242e-01   1.5321171e-01   3.8619587e-01
   2.6440000e+03   5.7425883e-02   4.1033782e-02   9.0154033e-01
   2.9710000e+03   5.6432276e-01   4.0758570e-01   2.8091543e-02
   3.0840000e+03   4.6694775e-02   1.7842162e-01   7.7488360e-01
   3.0890000e+03   4.1706158e-02   8.9947350e-01   5.8820342e-02
   2.8170000e+03   1.7857277e-03   9.9482038e-01   3.3938930e-03
   2.8140000e+03   2.2233780e-03   9.9374016e-01   4.0364649e-03
   2.7990000e+03   4.9295627e-04   9.9576239e-01   3.7446571e-03
   2.7960000e+03   5.3572667e-01   4.4067096e-01   2.3602368e-02
   3.0090000e+03   9.6301583e-01   1.4626667e-02   2.2357507e-02
   1.4890000e+03   9.4383278e-01   2.2887120e-02   3.3280100e-02
   2.8990000e+03   6.0954739e-02   7.0325306e-01   2.3579220e-01
   2.8810000e+03   4.9932852e-03   9.9373478e-01   1.2719302e-03
   2.8790000e+03   4.5695957e-03   9.9376871e-01   1.6616909e-03
   1.7480000e+03   9.9568877e-01   3.3841311e-03   9.2710329e-04
   1.7480000e+03   1.5147575e-02   6.2627855e-01   3.5857388e-01
   1.7560000e+03   5.4136617e-01   9.1147024e-03   4.4951913e-01
   2.9130000e+03   1.8073183e-02   5.0579571e-01   4.7613110e-01
   2.9360000e+03   3.4462210e-02   5.1516112e-01   4.5037667e-01
   2.9340000e+03   4.4894005e-02   6.0645327e-01   3.4865272e-01
   1.8260000e+03   6.7302638e-01   1.9992028e-02   3.0698159e-01
   1.8300000e+03   6.6986157e-01   1.4920294e-02   3.1521813e-01
   1.8290000e+03   1.3456415e-01   5.2822649e-01   3.3720936e-01
   3.0680000e+03   3.5308626e-03   9.9422244e-01   2.2467003e-03
   2.8430000e+03   1.3418289e-02   4.4669695e-01   5.3988476e-01
   3.0640000e+03   3.6683116e-03   9.9411383e-01   2.2178620e-03
   3.1100000e+03   2.0946387e-03   2.2902518e-03   9.9561511e-01
   2.9890000e+03   9.3353860e-02   1.0638959e-01   8.0025655e-01
   1.8880000e+03   7.8151670e-01   2.0095623e-01   1.7527068e-02
   1.8870000e+03   4.1755130e-02   7.8037594e-01   1.7786893e-01
   1.8910000e+03   2.4877253e-02   8.0621436e-01   1.6890838e-01
   3.0260000e+03   1.0875225e-03   9.9513960e-01   3.7728805e-03
   2.8290000e+03   3.1428231e-03   9.9356182e-01   3.2953550e-03
   2.8250000e+03   3.2958628e-03   9.9337417e-01   3.3299647e-03
   2.8070000e+03   3.8525609e-03   9.9290247e-01   3.2449662e-03
   3.0340000e+03   1.9480370e-01   8.2326679e-02   7.2286962e-01
   2.8360000e+03   1.3256294e-01   5.6625626e-02   8.1081143e-01
   2.8360000e+03   4.4668940e-01   1.2740572e-01   4.2590489e-01
   2.7940000e+03   8.0167318e-02   1.0732338e-02   9.0910034e-01
   2.7930000e+03   9.2442476e-01   2.5634887e-02   4.9940352e-02
   2.8020000e+03   7.7258518e-02   8.8013037e-03   9.1394018e-01
   2.7930000e+03   1.9166015e-02   7.3831941e-01   2.4251458e-01
   2.8200000e+03   4.5641632e-03   2.2486349e-03   9.9318720e-01
   2.7950000e+03   4.5737313e-01   5.2827962e-01   1.4347249e-02
   2.8150000e+03   2.1358073e-03   3.0541192e-01   6.9245228e-01
   2.8030000e+03   6.3113436e-01   3.5619635e-01   1.2669294e-02
   2.8010000e+03   1.5896729e-02   6.2241185e-01   3.6169142e-01
   2.4580000e+03   4.1898073e-01   1.0252559e-01   4.7849368e-01
   3.0040000e+03   9.9532861e-01   2.7519106e-03   1.9194773e-03
   2.8270000e+03   4.6037503e-03   9.9082763e-01   4.5686222e-03
   2.8190000e+03   1.3955845e-02   3.1317753e-01   6.7286663e-01
   2.8050000e+03   2.5485627e-01   7.3823862e-01   6.9051042e-03
   3.0310000e+03   4.3409392e-01   1.4733998e-02   5.5117208e-01
   2.8110000e+03   5.8528659e-01   2.6005305e-02   3.8870810e-01
   3.0380000e+03   4.7736810e-02   9.7691550e-03   9.4249403e-01
   3.0380000e+03   5.0381067e-01   7.4731876e-02   4.2145746e-01
   2.8120000e+03   1.6596159e-03   9.9428628e-01   4.0541081e-03
   2.8170000e+03   4.8380735e-03   1.4423950e-01   8.5092243e-01
   2.4610000e+03   8.2973937e-01   5.4733237e-03   1.6478731e-01
   3.0060000e+03   4.3240124e-03   8.3925815e-02   9.1175017e-01
   3.0060000e+03   4.5162880e-03   9.9255063e-01   2.9330823e-03
   3.0040000e+03   4.4316154e-02   1.7503577e-01   7.8064808e-01
   2.8230000e+03   4.8161719e-03   9.9062472e-01   4.5591055e-03
   2.8320000e+03   5.1361601e-01   7.4191911e-02   4.1219208e-01
   2.8350000e+03   4.5381159e-01   1.7490328e-01   3.7128513e-01
   2.4600000e+03   3.6293914e-03   9.9459456e-01   1.7760481e-03
   2.4560000e+03   1.3272820e-01   8.2167534e-01   4.5596460e-02
   2.8600000e+03   1.5609742e-01   1.8723225e-01   6.5667033e-01
