   2.2100000e+02   2.3625499e-01   6.3276340e-01   1.3098162e-01
   2.5300000e+02   3.8935563e-01   5.7871916e-01   3.1925201e-02
   2.7700000e+02   4.1325788e-02   5.8251746e-01   3.7615676e-01
   6.3600000e+02   2.8558207e-01   1.5449901e-01   5.5991892e-01
   2.4700000e+02   1.3919240e-02   4.7835795e-01   5.0772281e-01
   5.0000000e+00   5.4017379e-01   6.4948074e-03   4.5333140e-01
   9.1000000e+01   1.8151786e-01   8.0973326e-01   8.7488832e-03
   8.0000000e+00   7.9017651e-04   5.9540439e-01   4.0380543e-01
   7.0000000e+00   3.1465408e-02   6.6786505e-01   3.0066954e-01
   6.8800000e+02   3.0215576e-01   6.8790045e-01   9.9437880e-03
   1.7400000e+02   8.7837633e-03   9.3100171e-01   6.0214526e-02
   1.8000000e+01   6.3102369e-01   1.4935423e-01   2.1962208e-01
   1.1000000e+01   4.2279694e-01   3.9867271e-01   1.7853034e-01
   2.8300000e+02   6.9607188e-03   2.2807001e-01   7.6496927e-01
   1.6000000e+01   1.5039126e-02   8.9860552e-02   8.9510032e-01
   2.9700000e+02   7.9431945e-01   1.9710886e-01   8.5716938e-03
   2.2000000e+01   2.1467950e-01   6.9211746e-02   7.1610875e-01
   1.8900000e+02   3.8451777e-02   9.4057095e-01   2.0977275e-02
   3.2700000e+02   3.0246903e-01   6.9751072e-01   2.0251324e-05
   2.3000000e+01   4.8106882e-01   1.2301188e-01   3.9591930e-01
   2.8800000e+02   1.1713928e-02   9.8464290e-01   3.6431667e-03
   2.8500000e+02   2.0459377e-01   1.4960616e-01   6.4580007e-01
   3.3000000e+02   1.5005707e-02   6.3403341e-02   9.2159095e-01
   1.1960000e+03   5.6275775e-01   1.3624098e-01   3.0100126e-01
   2.7000000e+01   2.0322402e-02   8.5389497e-02   8.9428810e-01
   3.3500000e+02   9.4387511e-01   2.8542647e-02   2.7582243e-02
   1.6921000e+04   2.8099865e-03   5.0524284e-02   9.4666573e-01
   3.3200000e+02   9.0251366e-01   6.4585983e-02   3.2900358e-02
   1.6926000e+04   8.1088404e-04   4.5399293e-03   9.9464919e-01
   3.0000000e+01   1.1203641e-01   8.8796359e-01   0.0000000e+00
   3.7000000e+01   2.7294675e-01   5.6280845e-01   1.6424480e-01
   3.1000000e+01   2.2843113e-01   1.9813742e-01   5.7343145e-01
   9.0000000e+01   1.0538285e-01   6.8455211e-02   8.2616194e-01
   1.6933000e+04   1.7333802e-01   4.1910224e-02   7.8475175e-01
   6.3900000e+02   7.2522074e-02   8.9444959e-01   3.3028338e-02
   3.9000000e+01   3.4088774e-01   5.9014406e-01   6.8968195e-02
   1.2400000e+02   1.3638162e-02   9.6601188e-01   2.0349957e-02
   4.2000000e+01   9.8956949e-01   1.8810987e-03   8.5494078e-03
   4.3000000e+01   4.1083592e-02   3.0850054e-02   9.2806635e-01
   1.2300000e+02   4.9249219e-02   6.2048331e-02   8.8870245e-01
   4.3000000e+01   7.4539314e-01   1.4703772e-01   1.0756914e-01
   8.4800000e+02   3.6001303e-01   7.5165786e-02   5.6482118e-01
   5.1000000e+01   8.6630706e-01   1.2266212e-01   1.1030821e-02
   9.4000000e+01   5.4812703e-02   1.9367548e-01   7.5151182e-01
   5.0000000e+01   3.7700526e-03   1.8284702e-02   9.7794525e-01
   8.4900000e+02   9.1987950e-01   2.0377569e-02   5.9742927e-02
   3.0000000e+02   2.1466688e-01   3.0787561e-01   4.7745751e-01
   1.2400000e+02   9.0175030e-02   4.2463849e-01   4.8518648e-01
   3.0600000e+02   9.0730664e-01   5.5968462e-02   3.6724894e-02
   2.0200000e+02   6.2544550e-01   5.8046276e-02   3.1650822e-01
   2.0400000e+02   9.7168015e-01   2.4061476e-02   4.2583785e-03
   5.9000000e+01   5.8276776e-01   3.2678428e-01   9.0447960e-02
   2.2300000e+02   1.6570972e-01   3.0855287e-01   5.2573741e-01
   6.1000000e+01   4.6462377e-02   5.9188503e-01   3.6165260e-01
   5.8000000e+01   4.5867968e-01   4.9730235e-01   4.4017975e-02
   5.3000000e+01   3.4652116e-02   6.8121770e-01   2.8413019e-01
   2.5200000e+02   3.2195963e-01   9.0742785e-02   5.8729759e-01
   2.1500000e+02   9.3396693e-01   6.3365677e-02   2.6673895e-03
   5.5000000e+01   9.1158071e-02   3.0874391e-01   6.0009802e-01
   5.7000000e+01   6.7029171e-02   9.2307455e-01   9.8962835e-03
   6.1000000e+01   9.6819473e-03   1.9494987e-01   7.9536819e-01
   7.1000000e+01   1.0038628e-01   2.6437574e-01   6.3523798e-01
   6.4000000e+01   1.7956005e-01   4.4465949e-01   3.7578046e-01
   3.0600000e+02   3.3904567e-02   4.3119490e-01   5.3490054e-01
   3.0400000e+02   4.2791261e-01   4.6475948e-01   1.0732791e-01
   6.2000000e+01   4.1651769e-03   6.5557577e-03   9.8927907e-01
   2.0800000e+02   7.4482564e-01   1.6516016e-01   9.0014204e-02
   3.0200000e+02   3.5483676e-02   5.8300389e-01   3.8151244e-01
   6.8000000e+01   5.2148050e-01   2.3025204e-01   2.4826746e-01
   7.4000000e+01   7.4921360e-01   9.3587413e-03   2.4142766e-01
   1.2500000e+02   3.2207078e-01   6.7364050e-01   4.2887195e-03
   1.2800000e+02   1.4317488e-01   8.4308626e-01   1.3738858e-02
   1.3300000e+02   6.4353582e-02   1.3365675e-01   8.0198967e-01
   7.9000000e+01   0.0000000e+00   1.0000000e+00  -0.0000000e+00
   9.8000000e+01   5.2434637e-02   8.6245010e-01   8.5115260e-02
   8.3000000e+01   0.0000000e+00   4.8386439e-17   1.0000000e+00
   8.7000000e+01   9.9613311e-01   3.7032125e-03   1.6367706e-04
   1.0000000e+02   1.7103322e-04   4.1947931e-03   9.9563417e-01
   8.6000000e+01   1.3154524e-01   5.8607905e-01   2.8237571e-01
   1.9100000e+02   9.9583466e-01   8.2780882e-05   4.0825553e-03
   1.0000000e+02   2.8930037e-02   6.8462531e-01   2.8644466e-01
   9.9000000e+01   1.4675586e-01   6.3076623e-01   2.2247792e-01
   9.8000000e+01   1.1693591e-01   4.1685262e-02   8.4137883e-01
   9.3000000e+01   8.5184591e-03   1.3885054e-01   8.5263100e-01
   1.0900000e+02   1.4976532e-01   6.5138105e-01   1.9885363e-01
   9.6000000e+01   5.9718506e-01   3.5460309e-01   4.8211841e-02
   1.0300000e+02   3.2536733e-01   4.6430987e-02   6.2820169e-01
   1.0300000e+02   9.8992872e-01   8.6304959e-03   1.4407871e-03
   1.9300000e+02   5.4376360e-01   5.8969916e-02   3.9726649e-01
   1.1200000e+02   7.8426409e-02   2.0010125e-01   7.2147234e-01
   1.6259000e+04   3.7612479e-01   5.3538483e-01   8.8490373e-02
   1.1100000e+02   9.4715298e-01   3.1771154e-02   2.1075864e-02
   1.2700000e+02   1.4231242e-01   2.3500284e-02   8.3418729e-01
   1.2100000e+02   2.8113269e-01   3.3044362e-01   3.8842370e-01
   1.2500000e+02   6.9549566e-02   1.4910047e-01   7.8134997e-01
   1.3100000e+02   9.6694345e-01   1.7522912e-02   1.5533641e-02
   1.3500000e+02   3.4268835e-02   7.7579611e-02   8.8815155e-01
   1.3300000e+02   7.3463046e-01   2.9483786e-02   2.3588575e-01
   1.6070000e+04   1.3636257e-01   2.8928935e-01   5.7434808e-01
   1.7200000e+02   1.2272746e-02   2.8209876e-02   9.5951738e-01
   4.7900000e+02   2.2083953e-02   7.9038389e-01   1.8753215e-01
   4.6800000e+02   8.1730882e-02   9.9787984e-02   8.1848113e-01
   4.6100000e+02   3.5770884e-01   6.1817584e-01   2.4115319e-02
   1.6200000e+02   6.3909175e-01   3.1009659e-01   5.0811659e-02
   1.5000000e+02   2.2805605e-02   5.4292232e-01   4.3427208e-01
   1.4400000e+02   1.3198038e-02   9.5974496e-01   2.7056999e-02
   1.4900000e+02   1.6113001e-01   2.8159330e-01   5.5727669e-01
   1.5500000e+02   4.3045740e-01   4.8427858e-01   8.5264019e-02
   1.0150000e+03   4.8459885e-03   8.0748327e-01   1.8767074e-01
   1.5100000e+02   1.0192139e-01   7.9573456e-01   1.0234405e-01
   4.6200000e+02   2.0404630e-01   4.0735757e-01   3.8859612e-01
   1.6000000e+02   4.6047089e-03   4.0447380e-01   5.9092149e-01
   1.6400000e+02   4.6345912e-01   2.8614855e-01   2.5039232e-01
   7.6200000e+02   4.9405676e-01   4.3963007e-01   6.6313172e-02
   2.9400000e+02   2.3824902e-02   1.1624795e-01   8.5992714e-01
   1.7300000e+02   7.8517479e-02   8.0941818e-01   1.1206434e-01
   1.8100000e+02   7.6246575e-01   2.0289480e-01   3.4639448e-02
   2.9400000e+02   8.0766302e-01   1.4928455e-01   4.3052426e-02
   1.7500000e+02   1.4491869e-02   5.2397546e-01   4.6153267e-01
   1.8300000e+02   8.3727892e-01   1.5505103e-01   7.6700415e-03
   1.7700000e+02   4.7707143e-01   4.8575193e-01   3.7176636e-02
   1.8100000e+02   2.2531870e-02   2.7284466e-01   7.0462347e-01
   1.8600000e+02   6.5924028e-01   5.2127906e-02   2.8863181e-01
   1.8900000e+02   9.2246753e-01   7.2987689e-02   4.5447854e-03
   1.8500000e+02   7.7353437e-03   7.2359996e-01   2.6866469e-01
   1.8600000e+02   8.2479559e-02   9.6506002e-03   9.0786984e-01
   1.8500000e+02   9.0810170e-03   3.0187009e-01   6.8904889e-01
   1.9100000e+02   2.4640489e-01   1.5103927e-02   7.3849118e-01
   1.6452000e+04   1.5957768e-01   8.3111821e-01   9.3041060e-03
   1.9700000e+02   8.0486903e-01   1.8550525e-02   1.7658045e-01
   2.2000000e+02   5.2263414e-01   9.9676284e-02   3.7768958e-01
   2.1200000e+02   2.8650377e-01   4.7528118e-01   2.3821505e-01
   1.5821000e+04   2.0631756e-01   4.4527180e-01   3.4841064e-01
   2.1300000e+02   1.1829768e-01   6.8162196e-01   2.0008036e-01
   2.1700000e+02   8.5248487e-02   2.7171025e-01   6.4304126e-01
   2.4100000e+02   2.3194342e-01   1.3288776e-01   6.3516882e-01
   2.4400000e+02   3.5317428e-01   5.7063148e-02   5.8976257e-01
   2.2800000e+02   5.3134275e-02   6.8517111e-01   2.6169461e-01
   2.2500000e+02   4.1094274e-01   5.3887115e-01   5.0186112e-02
   2.4300000e+02   9.2732224e-01   4.5747238e-02   2.6930525e-02
   2.2900000e+02   6.5249945e-01   2.6630206e-03   3.4483753e-01
   2.2800000e+02   6.2517680e-02   2.0730266e-01   7.3017966e-01
   5.4800000e+02   8.8551500e-01   2.3110205e-03   1.1217397e-01
   5.4300000e+02   7.4930141e-03   4.6721461e-02   9.4578553e-01
   2.5500000e+02   9.1820773e-02   9.0363638e-01   4.5428477e-03
   5.7700000e+02   1.8541092e-03   6.3796617e-02   9.3434927e-01
   2.3400000e+02   1.0175285e-02   8.1712691e-01   1.7269781e-01
   2.3500000e+02   8.6228986e-03   9.2160422e-01   6.9772879e-02
   2.4700000e+02   9.9556941e-01   2.3188319e-03   2.1117537e-03
   2.5300000e+02   8.6563517e-01   1.1879574e-01   1.5569095e-02
   2.5400000e+02   1.8407594e-02   7.2897499e-02   9.0869491e-01
   5.4000000e+01   1.2166984e-01   3.6260373e-01   5.1572643e-01
   2.4600000e+02   1.1810221e-02   4.6056610e-01   5.2762368e-01
   2.5100000e+02   6.0418392e-01   1.1227110e-02   3.8458897e-01
   2.5400000e+02   4.4430624e-02   5.6568581e-01   3.8988357e-01
   2.5800000e+02   1.6514236e-01   2.6405065e-03   8.3221713e-01
   2.5900000e+02   3.1188166e-03   1.7278759e-02   9.7960242e-01
   2.6100000e+02   6.6841907e-01   3.2154564e-01   1.0035291e-02
   2.5900000e+02   6.0393006e-01   2.7308978e-01   1.2298016e-01
   2.6000000e+02   9.2093469e-01   7.9982427e-04   7.8265485e-02
   2.6000000e+02   1.3193651e-01   4.8482050e-02   8.1958144e-01
   6.0500000e+02   6.3598197e-03   9.7223875e-01   2.1401430e-02
   2.6700000e+02   1.6355033e-02   8.9738401e-01   8.6260953e-02
   2.7000000e+02   9.9730672e-01   1.7128630e-04   2.5219906e-03
   2.6800000e+02   1.0000000e+00   0.0000000e+00  -0.0000000e+00
   2.7200000e+02   7.5513293e-01   3.3982676e-02   2.1088439e-01
   2.7400000e+02   9.8005667e-01   1.0273689e-02   9.6696404e-03
   6.4400000e+02   8.6158454e-01   5.5152098e-02   8.3263365e-02
   2.7700000e+02   6.6544574e-01   6.0974804e-02   2.7357945e-01
   2.7900000e+02   9.7696833e-01   1.2024267e-02   1.1007401e-02
   2.8100000e+02   2.2261402e-02   1.5030697e-02   9.6270790e-01
   2.9500000e+02   1.6110599e-01   2.5233344e-01   5.8656057e-01
   2.9500000e+02   1.8360022e-02   9.5420079e-01   2.7439189e-02
   2.9500000e+02   7.6268461e-01   2.3710810e-02   2.1360458e-01
   2.8900000e+02   8.0884256e-01   1.1612509e-01   7.5032350e-02
   7.6300000e+02   4.3473795e-01   4.0389909e-01   1.6136296e-01
   5.5000000e+01   4.9261242e-01   3.1187022e-01   1.9551736e-01
   3.1000000e+02   4.5794570e-02   5.1809968e-01   4.3610575e-01
   3.8600000e+02   1.6617481e-01   8.2696592e-01   6.8592717e-03
   3.1100000e+02   3.9150894e-01   5.6130022e-01   4.7190846e-02
   3.1300000e+02   6.6391896e-01   4.4429938e-02   2.9165110e-01
   4.8600000e+02   5.4931217e-02   9.3579995e-01   9.2688365e-03
   1.3000000e+03   3.9046892e-02   6.5970048e-01   3.0125262e-01
   3.2100000e+02   1.3640255e-01   6.3533005e-01   2.2826739e-01
   3.1500000e+02   1.7777167e-01   3.9872943e-01   4.2349890e-01
   6.0700000e+02   7.6388659e-01   2.2961907e-01   6.4943464e-03
   3.2200000e+02   5.3112135e-02   3.2802109e-02   9.1408576e-01
   3.1900000e+02   8.1215316e-01   1.5808218e-01   2.9764651e-02
   3.2400000e+02   6.8465218e-02   2.0119710e-01   7.3033769e-01
   5.0200000e+02   3.2814811e-02   9.1474392e-01   5.2441265e-02
   6.1100000e+02   2.1669429e-02   9.7638230e-01   1.9482675e-03
   6.1500000e+02   9.4617113e-02   8.9710759e-01   8.2752962e-03
   3.3900000e+02   3.5102882e-01   3.2763190e-01   3.2133928e-01
   3.9800000e+02   4.8927230e-02   1.2688699e-01   8.2418578e-01
   3.7800000e+02   9.2285570e-01   3.8392924e-02   3.8751377e-02
   3.4000000e+02   1.9099710e-01   2.0255775e-01   6.0644515e-01
   5.3100000e+02   1.1923590e-01   6.9625601e-01   1.8450810e-01
   3.4600000e+02   4.7439105e-02   9.4561830e-01   6.9425971e-03
   3.4700000e+02   8.5461303e-03   1.8831780e-03   9.8957069e-01
   3.4900000e+02   7.6890696e-02   6.0748931e-01   3.1561999e-01
   3.5200000e+02   1.2070484e-01   2.9193218e-01   5.8736297e-01
   3.5100000e+02   1.0131913e-01   1.5180506e-01   7.4687582e-01
   4.3200000e+02   4.3902587e-02   6.8622927e-02   8.8747449e-01
   1.4620000e+03   2.8846461e-02   2.5888398e-01   7.1226956e-01
   4.0300000e+02   1.8824359e-01   3.8954466e-02   7.7280194e-01
   4.2700000e+02   2.4054018e-02   9.1220076e-01   6.3745224e-02
   3.5900000e+02   1.6078820e-04   1.1939005e-02   9.8790021e-01
   1.4640000e+03   7.1706663e-03   9.5366082e-01   3.9168517e-02
   5.1200000e+02   6.7631334e-02   6.5635126e-01   2.7601741e-01
   4.3100000e+02   5.0359745e-01   3.6392977e-01   1.3247278e-01
   6.3200000e+02   5.4572689e-02   9.1846346e-01   2.6963854e-02
   5.1100000e+02   9.7338398e-01   4.9759273e-03   2.1640092e-02
   6.2600000e+02   2.3288222e-01   1.5848016e-01   6.0863762e-01
   3.6700000e+02   7.9086462e-02   3.6963363e-01   5.5127991e-01
   3.6900000e+02   5.9534310e-01   4.3172335e-02   3.6148457e-01
   5.3500000e+02   5.2236238e-01   2.9554215e-01   1.8209547e-01
   3.6600000e+02   4.1300886e-02   5.0088757e-01   4.5781155e-01
   3.6100000e+02   6.9624121e-01   1.9848200e-02   2.8391059e-01
   5.6800000e+02   9.1221866e-02   3.2128380e-01   5.8749433e-01
   5.2700000e+02   6.3743051e-02   9.3292778e-01   3.3291694e-03
   3.6400000e+02   2.6506905e-01   1.4034221e-01   5.9458875e-01
   3.6300000e+02   7.4445536e-02   8.5468407e-01   7.0870392e-02
   3.6800000e+02   1.2335722e-02   2.0112816e-01   7.8653612e-01
   3.7600000e+02   6.3730506e-01   2.6886477e-01   9.3830168e-02
   3.7200000e+02   3.2896887e-01   5.0188737e-01   1.6914375e-01
   6.3200000e+02   4.3239698e-01   6.1409424e-04   5.6698892e-01
   5.1700000e+02   9.4262751e-01   9.9999794e-03   4.7372511e-02
   6.3000000e+02   4.6140462e-01   4.2967173e-01   1.0892366e-01
   5.2000000e+02   6.7221858e-02   1.5969455e-01   7.7308360e-01
   6.3000000e+02   4.5985357e-04   5.7259765e-01   4.2694250e-01
   5.3100000e+02   5.5530098e-01   3.1404201e-02   4.1329482e-01
   3.8100000e+02   9.2089260e-02   7.3155207e-01   1.7635867e-01
   4.3600000e+02   1.3671701e-02   8.4149568e-01   1.4483262e-01
   4.3300000e+02   6.3755442e-02   6.6614253e-01   2.7010203e-01
   4.4000000e+02   2.1062954e-01   4.0608347e-03   7.8530963e-01
   3.9000000e+02   9.7571889e-01   1.7329942e-02   6.9511648e-03
   4.0600000e+02   2.5596540e-02   8.7641635e-01   9.7987115e-02
   3.9100000e+02   0.0000000e+00   4.3837387e-03   9.9561626e-01
   5.0100000e+02   7.2618734e-04   9.9570085e-01   3.5729672e-03
   3.9200000e+02   9.9763232e-04   3.4192415e-03   9.9558313e-01
   4.0800000e+02   2.8614216e-01   6.8367716e-01   3.0180683e-02
   3.9700000e+02   9.9417326e-01   8.3116541e-04   4.9955791e-03
   3.9400000e+02   2.8707662e-01   5.8086775e-01   1.3205563e-01
   4.0400000e+02   5.5205721e-02   5.8109924e-03   9.3898329e-01
   4.0500000e+02   2.4934954e-01   6.4640522e-01   1.0424524e-01
   4.2500000e+02   2.0997829e-03   2.4982259e-02   9.7291796e-01
   4.1700000e+02   3.3169132e-02   9.2984415e-01   3.6986714e-02
   4.1500000e+02   1.0781391e-01   7.4504111e-01   1.4714498e-01
   4.1000000e+02   4.6398244e-02   3.2543745e-01   6.2816430e-01
   5.0400000e+02   5.6372002e-02   4.7772203e-01   4.6590597e-01
   4.1000000e+02   0.0000000e+00   1.0000000e+00  -0.0000000e+00
   4.2000000e+02   7.7667563e-01   1.0384176e-01   1.1948261e-01
   4.2100000e+02   5.1419302e-01   4.7678744e-02   4.3812824e-01
   4.3400000e+02   9.7036355e-01   1.7859088e-02   1.1777365e-02
   4.1800000e+02   2.9609609e-03   2.1409696e-02   9.7562934e-01
   4.2900000e+02   3.8372049e-01   2.7082086e-01   3.4545865e-01
   4.3300000e+02   7.8130492e-01   1.5188803e-01   6.6807053e-02
   4.3700000e+02   1.7524420e-02   9.6694254e-01   1.5533044e-02
   4.4100000e+02   8.8814382e-01   7.7568842e-02   3.4287340e-02
   4.4000000e+02   6.9581917e-01   8.2059730e-02   2.2212110e-01
   1.1955000e+04   8.8223812e-01   7.6710015e-02   4.1051863e-02
   4.5100000e+02   2.8348128e-01   6.9188609e-01   2.4632632e-02
   4.7200000e+02   4.8570993e-02   1.8149703e-01   7.6993198e-01
   5.5300000e+02   8.8753319e-01   6.7815474e-02   4.4651331e-02
   4.6000000e+02   3.5325964e-01   6.2616713e-01   2.0573238e-02
   4.5400000e+02   9.5688627e-01   1.3483767e-02   2.9629965e-02
   4.5600000e+02   2.2515146e-01   1.9463275e-01   5.8021580e-01
   4.5700000e+02   3.0982628e-01   3.3156921e-01   3.5860451e-01
   4.6400000e+02   7.7717000e-02   4.8693383e-01   4.3534917e-01
   1.6160000e+03   8.3370709e-01   3.1213023e-03   1.6317161e-01
   4.7600000e+02   7.0436630e-02   9.3633181e-02   8.3593019e-01
   4.7100000e+02   3.7220196e-01   4.9793285e-03   6.2281871e-01
   4.7600000e+02   9.5586097e-01   3.6484128e-02   7.6549025e-03
   1.3780000e+03   2.8697281e-01   1.7562008e-01   5.3740711e-01
   6.1900000e+02   8.5974140e-01   1.1539716e-01   2.4861444e-02
   4.9400000e+02   7.5840889e-02   1.8623092e-01   7.3792819e-01
   4.8500000e+02   8.1820924e-01   8.3160950e-02   9.8629808e-02
   6.1900000e+02   1.9820774e-02   1.4224078e-01   8.3793845e-01
   4.9100000e+02   3.5616387e-03   5.2163556e-01   4.7480280e-01
   4.9600000e+02   7.3948098e-03   1.5176568e-01   8.4083951e-01
   4.8900000e+02   3.6967507e-02   4.8349297e-01   4.7953952e-01
   4.9400000e+02   6.2755038e-01   3.0685255e-01   6.5597074e-02
   4.9800000e+02   5.2132870e-02   6.6036330e-01   2.8750383e-01
   5.0200000e+02   4.3895778e-03   7.2048605e-02   9.2356182e-01
   4.9700000e+02   2.6858967e-01   7.2367909e-01   7.7312388e-03
   4.9800000e+02   1.1892749e-02   1.1009959e-01   8.7800766e-01
   4.9700000e+02   6.9868532e-01   2.9240894e-01   8.9057461e-03
   5.0100000e+02   1.5753102e-02   2.4217087e-01   7.4207602e-01
   5.0900000e+02   1.8534726e-02   8.0434608e-01   1.7711920e-01
   1.2337000e+04   9.3727887e-03   8.3137403e-01   1.5925318e-01
   5.2400000e+02   3.7033960e-01   3.1586657e-01   3.1379383e-01
   5.3500000e+02   1.6846035e-01   1.2260981e-01   7.0892984e-01
   1.1703000e+04   3.6484379e-01   1.1080737e-02   6.2407548e-01
   5.2500000e+02   6.8052323e-01   1.1725435e-01   2.0222242e-01
   5.3000000e+02   6.3270322e-01   2.6804212e-01   9.9254667e-02
   5.6900000e+02   3.1924562e-02   5.7871774e-01   3.8935769e-01
   5.5800000e+02   5.6864160e-01   2.8875144e-01   1.4260696e-01
   5.6000000e+02   9.1756522e-02   3.2346414e-01   5.8477933e-01
   5.4000000e+02   2.0263291e-01   7.6428435e-01   3.3082747e-02
   5.4900000e+02   7.7324496e-01   8.9262528e-02   1.3749251e-01
   5.5000000e+02   2.7175938e-02   1.7272529e-01   8.0009877e-01
   5.5200000e+02   5.8390239e-02   7.2735957e-01   2.1425019e-01
   5.6500000e+02   2.2024562e-03   2.4171114e-03   9.9538043e-01
   5.6900000e+02   4.5187124e-04   1.2843555e-01   8.7111258e-01
   5.6500000e+02   5.1758121e-01   4.8068849e-01   1.7302971e-03
   5.7000000e+02   9.3297165e-02   1.8618621e-02   8.8808421e-01
   3.6200000e+02   5.1572724e-01   3.6260282e-01   1.2166994e-01
   5.6200000e+02   4.5448287e-01   1.1942810e-02   5.3357432e-01
   5.6700000e+02   3.8382916e-01   1.2815871e-02   6.0335497e-01
   5.7000000e+02   5.6582155e-01   4.5166145e-02   3.8901231e-01
   5.7200000e+02   4.2180853e-01   0.0000000e+00   5.7819147e-01
   5.7300000e+02   9.7586923e-01   1.7161151e-02   6.9696154e-03
   5.7500000e+02   6.4588938e-02   6.2085437e-01   3.1455669e-01
   5.9900000e+02   6.8875798e-02   1.7875982e-01   7.5236438e-01
   5.9200000e+02   9.9441157e-01   4.4176836e-03   1.1707414e-03
   6.0300000e+02   9.4534417e-01   3.0847813e-02   2.3808013e-02
   5.8400000e+02   8.9743886e-01   1.6349335e-02   8.6211803e-02
   5.9200000e+02   2.7334691e-03   1.8565615e-04   9.9708087e-01
   5.9600000e+02   9.9862135e-01   4.1165160e-04   9.6699408e-04
   6.0600000e+02   2.6126055e-01   7.9011030e-02   6.5972842e-01
   5.9600000e+02   3.8412345e-01   3.3734785e-01   2.7852871e-01
   6.3800000e+02   3.5896290e-01   1.8642404e-01   4.5461306e-01
   6.2100000e+02   5.7972925e-01   2.5144606e-01   1.6882470e-01
   6.1100000e+02   1.3886674e-01   3.9116471e-02   8.2201679e-01
   6.2100000e+02   2.0680860e-01   5.7149386e-02   7.3604202e-01
   6.1400000e+02   2.2358294e-02   9.4749618e-01   3.0145528e-02
   3.6400000e+02   8.8697835e-01   5.8629731e-02   5.4391921e-02
   6.4800000e+02   6.1803780e-01   1.6488499e-01   2.1707720e-01
   6.4100000e+02   1.3596794e-02   9.5563357e-01   3.0769640e-02
   6.3900000e+02   0.0000000e+00   6.9388805e-02   9.3061120e-01
   1.1787000e+04   2.5720326e-02   2.6604242e-01   7.0823726e-01
   7.4900000e+02   7.7798076e-01   9.1242547e-03   2.1289499e-01
   6.8900000e+02   8.1993947e-02   6.9723570e-01   2.2077036e-01
   6.7500000e+02   6.3876454e-01   3.6003150e-01   1.2039592e-03
   2.8400000e+02   8.5125700e-01   7.7124225e-02   7.1618776e-02
   7.6500000e+02   5.8987656e-03   2.6865823e-03   9.9141465e-01
   4.3000000e+01   3.3409385e-02   9.4423382e-01   2.2356796e-02
   4.9000000e+01   9.2690319e-01   5.7701411e-02   1.5395396e-02
   7.7300000e+02   2.8775354e-01   4.5897358e-02   6.6634911e-01
   1.0130000e+03   8.2364532e-02   8.5887902e-01   5.8756443e-02
   1.2030000e+03   8.4095326e-01   6.6320752e-02   9.2725990e-02
   1.3630000e+03   1.5220866e-02   7.7532777e-01   2.0945137e-01
   1.3010000e+03   6.9947715e-01   8.2035372e-02   2.1848747e-01
   1.2890000e+03   3.5784307e-01   6.3872504e-01   3.4318961e-03
   3.3100000e+02   4.6682500e-02   1.5252529e-01   8.0079221e-01
   6.0900000e+02   4.4586391e-02   7.0870367e-02   8.8454324e-01
   3.5000000e+02   9.5702939e-01   2.6078408e-02   1.6892201e-02
   3.5700000e+02   1.3840791e-02   9.3015339e-01   5.6005817e-02
   1.4610000e+03   8.2149711e-02   7.7211843e-01   1.4573185e-01
   1.3860000e+03   2.1404723e-01   7.0156865e-01   8.4384117e-02
   6.0900000e+02   8.7407285e-02   7.3031820e-01   1.8227452e-01
   6.5300000e+02   9.0443199e-01   2.4951081e-02   7.0616927e-02
   6.5500000e+02   3.1754182e-01   1.4636338e-01   5.3609480e-01
   6.5700000e+02   1.5357331e-01   1.2658919e-02   8.3376777e-01
   6.5900000e+02   6.8667502e-01   1.2970499e-01   1.8361999e-01
   7.3700000e+02   9.4041012e-02   5.8392699e-01   3.2203199e-01
   6.5600000e+02   8.4564113e-01   9.5197332e-02   5.9161542e-02
   6.6300000e+02   9.1980894e-01   4.7629279e-03   7.5428128e-02
   6.6000000e+02   1.9297727e-01   7.6371752e-01   4.3305211e-02
   6.6100000e+02   8.1474193e-01   9.7453175e-02   8.7804899e-02
   6.7000000e+02   1.5640183e-02   4.6216146e-03   9.7973820e-01
   1.2110000e+03   8.9046649e-01   2.3267175e-02   8.6266332e-02
   6.7300000e+02   8.7510408e-01   6.1404530e-02   6.3491389e-02
   6.7100000e+02   8.3216015e-01   8.6764629e-02   8.1075221e-02
   6.7500000e+02   5.8215938e-02   8.9995974e-01   4.1824319e-02
   6.7700000e+02   1.2299108e-02   1.3158759e-01   8.5611330e-01
   6.7900000e+02   5.6057019e-02   2.1063716e-01   7.3330582e-01
   6.7800000e+02   2.3136996e-02   1.0505211e-01   8.7181090e-01
   6.7800000e+02   3.1797047e-01   6.5946589e-01   2.2563637e-02
   6.8700000e+02   2.2010613e-01   2.4552406e-03   7.7743863e-01
   6.8400000e+02   3.4595732e-03   1.8848160e-01   8.0805883e-01
   7.3900000e+02   3.0136110e-03   4.6618740e-02   9.5036765e-01
   6.8600000e+02   6.9565882e-03   9.9913820e-02   8.9312959e-01
   7.3500000e+02   1.1871641e-02   2.3084756e-01   7.5728080e-01
   6.8900000e+02   2.8921061e-02   2.6496885e-01   7.0611009e-01
   7.0500000e+02   9.7143360e-01   1.2341308e-02   1.6225094e-02
   1.0050000e+03   3.3922536e-01   3.5798658e-01   3.0278806e-01
   7.1000000e+02   1.1449883e-01   5.2550889e-03   8.8024608e-01
   7.0900000e+02   8.4056552e-03   8.4350964e-01   1.4808470e-01
   7.1100000e+02   8.4617861e-01   3.0697320e-02   1.2312407e-01
   7.1300000e+02   1.7418921e-01   5.4565304e-01   2.8015776e-01
   1.3310000e+03   1.4341467e-01   2.4971578e-01   6.0686955e-01
   7.0700000e+02   3.2137277e-01   2.3769452e-01   4.4093271e-01
   1.3270000e+03   5.9068657e-01   4.0442380e-01   4.8896316e-03
   1.0320000e+03   2.4207358e-02   4.0392145e-01   5.7187119e-01
   7.1800000e+02   9.1559977e-01   1.9933153e-02   6.4467081e-02
   7.2600000e+02   8.3673056e-01   6.0510110e-02   1.0275933e-01
   7.5400000e+02   2.8985041e-01   6.1836416e-01   9.1785427e-02
   7.8800000e+02   3.1648805e-01   3.3723390e-01   3.4627805e-01
   7.5500000e+02   8.2133213e-01   3.5113490e-02   1.4355438e-01
   8.3200000e+02   8.0147539e-01   2.9024379e-02   1.6950024e-01
   7.3000000e+02   6.9071709e-01   2.8779338e-01   2.1489523e-02
   7.5800000e+02   1.7906014e-02   1.6861231e-01   8.1348168e-01
   3.1000000e+01   2.8349586e-01   6.1195111e-01   1.0455303e-01
   7.3400000e+02   2.0226460e-02   2.8755354e-02   9.5101819e-01
   7.4900000e+02   3.3654619e-01   9.1496303e-03   6.5430418e-01
   7.4200000e+02   7.0936481e-02   7.3352811e-01   1.9553541e-01
   7.5600000e+02   9.5105189e-01   3.4773782e-02   1.4174326e-02
   7.5300000e+02   8.4880585e-01   8.5042764e-02   6.6151391e-02
   9.1900000e+02   4.3178907e-02   4.6291008e-01   4.9391101e-01
   8.1000000e+02   6.1095418e-01   3.4265626e-01   4.6389552e-02
   7.6600000e+02   0.0000000e+00  -0.0000000e+00   1.0000000e+00
   7.7100000e+02   3.7617931e-01   5.3533785e-01   8.8482846e-02
   7.7800000e+02   2.3350109e-02   7.8926172e-01   1.8738817e-01
   7.7900000e+02   6.8599023e-02   1.7450953e-01   7.5689144e-01
   7.7400000e+02   2.2204460e-16  -0.0000000e+00   1.0000000e+00
   7.7600000e+02   3.0176190e-02   1.9315763e-01   7.7666618e-01
   7.8200000e+02   3.4709155e-01   3.6476959e-02   6.1643149e-01
   9.1400000e+02   2.1774416e-02   7.2388374e-03   9.7098675e-01
   8.1100000e+02   5.8447459e-02   7.0424267e-02   8.7112827e-01
   9.1200000e+02   8.2984866e-01   7.7831115e-02   9.2320227e-02
   7.8700000e+02   1.5290442e-01   4.5782822e-01   3.8926736e-01
   8.2600000e+02   2.9028511e-01   3.8550805e-01   3.2420684e-01
   8.4000000e+02   2.2740648e-02   4.5728765e-01   5.1997170e-01
   7.8900000e+02   1.2299888e-01   1.9817557e-01   6.7882555e-01
   8.0300000e+02   9.1312859e-01   8.4986445e-02   1.8849618e-03
   8.0000000e+02   1.0021722e-01   5.8333251e-02   8.4144953e-01
   8.0800000e+02   1.1909165e-01   4.8888879e-02   8.3201947e-01
   8.1300000e+02   9.7873437e-01   1.1808043e-02   9.4575829e-03
   8.0500000e+02   1.6427878e-01   1.1632266e-01   7.1939855e-01
   8.2100000e+02   1.5456315e-01   7.7800280e-02   7.6763657e-01
   8.2900000e+02   8.8469377e-03   8.8854183e-01   1.0261123e-01
   8.1400000e+02   2.5674574e-02   9.4212608e-01   3.2199349e-02
   9.2300000e+02   8.8857502e-01   7.1864954e-02   3.9560023e-02
   1.2610000e+03   9.9481268e-01   4.5534141e-03   6.3390589e-04
   8.2300000e+02   1.1464873e-01   2.7202499e-01   6.1332628e-01
   8.2200000e+02   1.6396032e-01   2.0244315e-01   6.3359653e-01
   8.3300000e+02   1.3054483e-01   2.3071983e-01   6.3873534e-01
   1.0040000e+03   1.2645846e-02   4.1019501e-01   5.7715915e-01
   9.1800000e+02   5.3543681e-02   4.4472964e-01   5.0172668e-01
   9.0600000e+02   4.3059230e-02   4.0532087e-01   5.5161990e-01
   9.0400000e+02   6.0662536e-01   3.0259437e-01   9.0780276e-02
   9.1000000e+02   3.3956826e-01   3.1996071e-01   3.4047103e-01
   9.0700000e+02   2.3382932e-01   2.3348536e-02   7.4282215e-01
   9.1300000e+02   4.5271245e-01   2.4895331e-01   2.9833424e-01
   9.2100000e+02   9.3273425e-02   1.8365645e-02   8.8836093e-01
   9.2300000e+02   2.9271982e-01   9.2001715e-02   6.1527846e-01
   9.7700000e+02   3.9843581e-01   2.4205266e-01   3.5951153e-01
   9.9000000e+02   7.0637415e-01   1.5739684e-01   1.3622901e-01
   9.9200000e+02   3.8743252e-01   4.1939597e-01   1.9317151e-01
   7.1900000e+02   2.1839521e-01   7.0090606e-01   8.0698729e-02
   1.0000000e+03   3.6224074e-01   5.6169357e-01   7.6065692e-02
   1.3210000e+03   1.2073044e-01   2.3124127e-02   8.5614543e-01
   9.8200000e+02   9.4806845e-02   4.9510408e-01   4.1008907e-01
   7.1900000e+02   5.2824034e-02   1.0254121e-02   9.3692184e-01
   9.9100000e+02   1.7516181e-01   9.5439286e-03   8.1529426e-01
   9.8900000e+02   1.2543158e-01   1.6903311e-01   7.0553531e-01
   9.9500000e+02   2.8163326e-01   4.8507990e-01   2.3328684e-01
   9.9800000e+02   7.9546777e-01   2.0097297e-01   3.5592629e-03
   1.0110000e+03   3.1695471e-01   5.9343700e-01   8.9608287e-02
   1.0210000e+03   4.3080670e-02   4.4251888e-02   9.1266744e-01
   1.0230000e+03   5.5305378e-01   1.0227180e-01   3.4467443e-01
   1.0280000e+03   1.2888402e-01   4.3507292e-01   4.3604306e-01
   1.0340000e+03   3.5050333e-03   9.8589562e-01   1.0599349e-02
   1.0920000e+03   9.0947030e-03   7.3891127e-01   2.5199403e-01
   1.1900000e+03   7.6291717e-01   1.5419998e-01   8.2882848e-02
   1.1910000e+03   8.0849630e-01   1.4129993e-01   5.0203779e-02
   1.1890000e+03   5.5511151e-17   6.1297254e-01   3.8702746e-01
   1.2280000e+03   8.2473723e-01   9.5391679e-03   1.6572360e-01
   1.2200000e+03   2.2241076e-03   6.4660419e-01   3.5117170e-01
   1.1920000e+03   2.7929864e-01   4.1645054e-01   3.0425082e-01
   1.1910000e+03   4.1722222e-02   3.5194073e-01   6.0633705e-01
   1.1910000e+03   5.1342878e-02   9.3129443e-01   1.7362692e-02
   1.7910000e+03   7.2638717e-01   2.4213299e-01   3.1479834e-02
   1.1960000e+03   3.0846613e-03   1.8230423e-01   8.1461111e-01
   1.2190000e+03   1.0602964e-01   7.6732436e-01   1.2664600e-01
   1.1980000e+03   5.6667162e-01   4.2093751e-01   1.2390867e-02
   1.2150000e+03   2.5692107e-02   6.4612648e-01   3.2818141e-01
   1.1990000e+03   8.8804558e-03   8.0117599e-01   1.8994356e-01
   1.2050000e+03   2.2386771e-02   8.6807259e-03   9.6893250e-01
   1.2050000e+03   6.5401210e-01   6.9300307e-02   2.7668759e-01
   1.2080000e+03   3.0776417e-01   4.6941152e-02   6.4529468e-01
   1.2090000e+03   4.1325728e-01   1.5616462e-01   4.3057810e-01
   1.2670000e+03   1.2292977e-01   2.5737522e-01   6.1969501e-01
   1.2680000e+03   7.2740486e-01   2.6826926e-01   4.3258790e-03
   1.2660000e+03   5.5081418e-01   3.7362855e-01   7.5557266e-02
   1.2700000e+03   2.8327214e-01   2.8613013e-01   4.3059773e-01
   1.2830000e+03   1.3945273e-01   1.4851212e-03   8.5906215e-01
   1.2870000e+03   3.9217078e-01   3.5211061e-01   2.5571862e-01
   1.3540000e+03   6.8011124e-01   1.0963432e-01   2.1025444e-01
   1.2750000e+03   5.8244592e-03   3.6125553e-03   9.9056299e-01
   1.2730000e+03   1.0045185e-01   8.2600586e-01   7.3542289e-02
   1.2720000e+03   2.8509155e-02   8.3583133e-01   1.3565952e-01
   1.2830000e+03   3.5414810e-02   8.5148023e-01   1.1310496e-01
   1.2890000e+03   6.7497037e-01   1.4860434e-01   1.7642530e-01
   1.2870000e+03   8.5531785e-01   1.3085302e-01   1.3829136e-02
   1.2910000e+03   1.8977021e-02   1.1170568e-01   8.6931729e-01
   1.2900000e+03   2.7423857e-02   6.4586816e-01   3.2670798e-01
   1.2990000e+03   2.1784434e-01   6.6939934e-03   7.7546167e-01
   1.2970000e+03   8.9133743e-01   9.9315127e-02   9.3474387e-03
   1.3530000e+03   3.3731737e-01   7.1788597e-03   6.5550378e-01
   1.2960000e+03   8.0802561e-01   1.8862744e-01   3.3469500e-03
   1.3010000e+03   2.6552797e-01   2.2770807e-02   7.1170123e-01
   1.5960000e+03   3.4679555e-01   6.2087030e-01   3.2334155e-02
   1.6180000e+03   8.8829685e-01   1.0067861e-01   1.1024543e-02
   1.5840000e+03   8.3225000e-01   1.1064025e-01   5.7109752e-02
   1.5320000e+03   1.9415634e-01   4.7553121e-02   7.5829054e-01
   1.3200000e+03   6.8860409e-01   2.7743855e-01   3.3957358e-02
   1.3220000e+03   5.9063487e-03   9.8721120e-02   8.9537253e-01
   1.3230000e+03   8.4350862e-01   8.4044900e-03   1.4808689e-01
   1.3340000e+03   8.9616162e-02   6.5931654e-01   2.5106730e-01
   1.6310000e+03   2.6503204e-01   5.7479677e-01   1.6017120e-01
   1.3310000e+03   8.5613887e-02   6.7641672e-01   2.3796939e-01
   1.3350000e+03   7.6920955e-02   8.7148228e-01   5.1596769e-02
   1.4500000e+03   1.6961071e-01   6.1425035e-01   2.1613894e-01
   1.3670000e+03   3.2912084e-01   4.5137538e-01   2.1950378e-01
   1.4480000e+03   8.0316921e-01   8.1079253e-03   1.8872286e-01
   1.3710000e+03   5.1301654e-02   7.5226397e-01   1.9643438e-01
   1.3440000e+03   2.8171643e-01   1.2674891e-01   5.9153466e-01
   1.3640000e+03   1.0708896e-01   3.6599725e-02   8.5631132e-01
   1.4620000e+03   6.5803260e-01   7.7995019e-04   3.4118745e-01
   1.3590000e+03   4.8431642e-02   3.1627380e-01   6.3529456e-01
   1.3500000e+03   7.2308854e-01   2.6580777e-01   1.1103688e-02
   1.3630000e+03   1.2405687e-02   3.3155855e-01   6.5603576e-01
   1.3680000e+03   1.0382920e-01   8.1163944e-01   8.4531352e-02
   1.3760000e+03   3.7442522e-01   3.7498537e-01   2.5058942e-01
   1.4110000e+03   4.4671932e-02   3.2815587e-01   6.2717220e-01
   1.4190000e+03   4.1767708e-02   2.3178791e-01   7.2644438e-01
   1.3870000e+03   1.4434833e-01   4.7257275e-01   3.8307892e-01
   1.3820000e+03   0.0000000e+00   1.0000000e+00  -0.0000000e+00
   1.3950000e+03   7.5869044e-01   1.8911497e-01   5.2194596e-02
   1.3990000e+03   2.6570879e-02   8.9731438e-01   7.6114745e-02
   1.3890000e+03   1.0000000e+00  -0.0000000e+00  -0.0000000e+00
   1.4260000e+03   8.6331720e-01   7.8445821e-02   5.8236982e-02
   1.3960000e+03   1.8609988e-01   5.9378727e-01   2.2011285e-01
   1.5290000e+03   6.3165099e-02   8.4396316e-01   9.2871739e-02
   1.3980000e+03   9.8729495e-02   8.3152103e-01   6.9749475e-02
   1.4100000e+03   2.1960166e-01   7.5241794e-01   2.7980400e-02
   1.4030000e+03   5.9900583e-01   2.5794852e-01   1.4304566e-01
   1.4040000e+03   2.4173712e-01   6.8638847e-02   6.8962404e-01
   1.4060000e+03   3.0625861e-02   9.3671029e-01   3.2663847e-02
   1.4180000e+03   8.4994964e-02   9.1312975e-01   1.8752864e-03
   1.4140000e+03   9.8856250e-01   1.4559570e-03   9.9815420e-03
   1.4150000e+03   8.5482146e-01   5.0345098e-02   9.4833443e-02
   1.4210000e+03   9.4354044e-01   1.6499025e-03   5.4809654e-02
   1.4410000e+03   1.0234873e-01   7.1973480e-01   1.7791648e-01
   1.4680000e+03   2.0827881e-01   1.5602886e-02   7.7611830e-01
   1.4360000e+03   2.4657385e-02   8.8078960e-01   9.4553018e-02
   1.4020000e+03   9.1308096e-02   8.0065779e-02   8.2862612e-01
   1.4290000e+03   1.1524641e-02   1.1293781e-01   8.7553755e-01
   1.4280000e+03   9.9334261e-01   6.2132483e-03   4.4414123e-04
   1.8590000e+03   9.5290221e-01   3.2225971e-02   1.4871815e-02
   1.4310000e+03   1.3664376e-01   7.1559521e-01   1.4776103e-01
   1.4380000e+03   2.9365824e-01   1.2610233e-01   5.8023943e-01
   1.4450000e+03   9.4321322e-02   4.6894205e-01   4.3673663e-01
   1.4460000e+03   2.1974785e-01   4.0915260e-02   7.3933689e-01
   1.4460000e+03   1.9381897e-01   7.8162188e-01   2.4559151e-02
   1.5250000e+03   2.9688658e-02   7.3035247e-01   2.3995887e-01
   1.5180000e+03   1.3498055e-01   6.5217521e-01   2.1284424e-01
   1.5200000e+03   9.4335477e-02   5.3276926e-01   3.7289527e-01
   1.5220000e+03   2.1886743e-02   7.7767171e-01   2.0044154e-01
   1.5350000e+03   1.0426057e-01   1.1967469e-01   7.7606474e-01
   1.5410000e+03   8.6510880e-01   3.8041010e-02   9.6850189e-02
   1.6620000e+03   8.5494342e-01   1.4310143e-01   1.9551497e-03
   1.6020000e+03   1.3281975e-01   5.0801526e-01   3.5916499e-01
   1.5790000e+03   1.7626864e-01   4.9123938e-01   3.3249198e-01
   1.5920000e+03   1.1194728e-01   5.0793739e-01   3.8011533e-01
   1.5900000e+03   4.4557888e-01   5.4787695e-01   6.5441751e-03
   1.6110000e+03   5.2504503e-02   6.5775355e-02   8.8172014e-01
   1.5820000e+03   1.0200779e-01   4.7300827e-01   4.2498394e-01
   1.5990000e+03   8.0419388e-02   5.0837816e-01   4.1120245e-01
   1.5910000e+03   2.0786923e-01   4.6038144e-01   3.3174933e-01
   1.5900000e+03   9.6652138e-01   1.6629925e-02   1.6848690e-02
   1.6250000e+03   5.7410874e-01   3.9154937e-02   3.8673632e-01
   1.6120000e+03   1.1717304e-01   5.7047643e-01   3.1235053e-01
   1.6210000e+03   8.7218145e-01   2.7390686e-02   1.0042787e-01
   1.6230000e+03   2.1906706e-01   4.1212227e-03   7.7681172e-01
   1.6280000e+03   4.7404535e-01   5.2320925e-01   2.7453961e-03
   1.6370000e+03   9.8570097e-01   2.5826924e-03   1.1716337e-02
   1.6890000e+03   2.2210177e-01   9.1358857e-02   6.8653937e-01
   1.7880000e+03   2.2528303e-01   7.0935870e-01   6.5358269e-02
   1.7850000e+03   1.5594117e-01   4.0594475e-01   4.3811408e-01
   1.7890000e+03   9.9554728e-02   2.2838918e-01   6.7205609e-01
   1.7910000e+03   2.4761233e-01   5.3336601e-02   6.9905107e-01
   1.7930000e+03   7.3700021e-02   1.1105992e-01   8.1524006e-01
   1.7980000e+03   4.6999387e-03   8.0698587e-01   1.8831419e-01
   1.8220000e+03   7.1758188e-01   4.1653951e-02   2.4076417e-01
   1.8150000e+03   2.9485109e-01   6.8366743e-01   2.1481481e-02
   1.7990000e+03   1.3887992e-02   6.4595571e-01   3.4015630e-01
   1.8030000e+03   5.2382531e-02   3.5070140e-02   9.1254733e-01
   1.8060000e+03   1.4437110e-01   1.9288818e-01   6.6274072e-01
   1.8050000e+03   4.6510198e-02   3.0833400e-01   6.4515580e-01
   1.8090000e+03   1.5087438e-01   4.3761468e-01   4.1151094e-01
   1.8110000e+03   2.2046628e-02   9.1263301e-02   8.8669007e-01
   1.1678000e+04   9.6280195e-01   1.8318505e-02   1.8879547e-02
   1.1660000e+04   9.1063833e-03   0.0000000e+00   9.9089362e-01
   1.1657000e+04   3.6915645e-02   9.3370815e-01   2.9376202e-02
   1.1663000e+04   4.4303903e-03   4.6126274e-04   9.9510835e-01
   1.1659000e+04   0.0000000e+00   1.0000000e+00  -0.0000000e+00
   1.1663000e+04   1.1102230e-16   1.0000000e+00  -0.0000000e+00
   1.2392000e+04   8.0828893e-01   9.2197573e-02   9.9513499e-02
   3.4200000e+02   3.2124180e-01   5.5589934e-01   1.2285886e-01
   1.1667000e+04   5.1834567e-01   3.8546952e-01   9.6184805e-02
   1.1666000e+04   9.9672893e-01   1.2827106e-03   1.9883598e-03
   1.1669000e+04   1.1554941e-01   2.1768010e-01   6.6677049e-01
   1.2628000e+04   3.5540589e-01   6.3980575e-01   4.7883591e-03
   1.6936000e+04   6.6138921e-01   5.8949505e-02   2.7966128e-01
   6.3900000e+02   8.2160154e-01   8.0817722e-02   9.7580733e-02
   1.6935000e+04   8.5819127e-01   0.0000000e+00   1.4180873e-01
   1.6938000e+04   2.1703088e-01   6.8990873e-01   9.3060386e-02
   1.1675000e+04   6.6641105e-03   9.8895956e-01   4.3763247e-03
   1.2114000e+04   5.0664535e-01   4.7109287e-01   2.2261776e-02
   1.2113000e+04   4.7703657e-01   5.0923872e-01   1.3724715e-02
   1.2156000e+04   1.6390251e-01   6.3832459e-01   1.9777290e-01
   3.8500000e+02   2.3882246e-02   9.2648977e-01   4.9627985e-02
   1.2126000e+04   9.3623657e-01   5.7781381e-02   5.9820505e-03
   1.2343000e+04   9.0106947e-01   7.0615711e-03   9.1868957e-02
   1.2333000e+04   3.3739154e-02   1.2376612e-01   8.4249472e-01
   1.2331000e+04   1.4759300e-01   2.0199668e-02   8.3220733e-01
   1.1677000e+04   7.3106736e-01   1.8032317e-01   8.8609469e-02
   5.0800000e+02   5.5869637e-01   3.9657779e-01   4.4725844e-02
   1.2338000e+04   6.7979958e-01   1.0934760e-02   3.0926566e-01
   1.2342000e+04   1.5533655e-01   7.4423091e-01   1.0043254e-01
   5.0700000e+02   3.7691780e-01   1.4898670e-02   6.0818353e-01
   1.2336000e+04   4.5153182e-02   1.6240418e-01   7.9244264e-01
