   4.0280000e+03   9.9928479e-01   4.6256026e-04   2.5265306e-04
   3.9570000e+03   6.2522278e-04   3.4015070e-04   9.9903463e-01
   4.0090000e+03   5.8908556e-04   4.5819737e-04   9.9895272e-01
   3.9370000e+03   5.8013762e-04   4.1549875e-04   9.9900436e-01
   4.0060000e+03   9.9920589e-01   3.9241986e-04   4.0169292e-04
   3.9590000e+03   7.6589908e-04   4.5478119e-04   9.9877932e-01
   3.9990000e+03   8.7787960e-04   4.5916203e-04   9.9866296e-01
   3.9450000e+03   9.1248324e-04   3.6598232e-04   9.9872153e-01
   3.9540000e+03   5.5536789e-04   9.9856200e-01   8.8263106e-04
   4.0480000e+03   4.0761254e-04   9.9900702e-01   5.8536933e-04
   3.9520000e+03   4.7824291e-04   9.9892435e-01   5.9740866e-04
   3.9880000e+03   9.9927566e-01   2.2425554e-04   5.0008729e-04
   3.9340000e+03   9.9933371e-01   4.7322096e-04   1.9306447e-04
   4.0120000e+03   9.9907941e-01   7.2543027e-04   1.9515983e-04
   3.9690000e+03   3.0723252e-04   9.9915510e-01   5.3766873e-04
   4.0110000e+03   6.0893834e-04   2.9294387e-04   9.9909812e-01
   4.0470000e+03   3.7949177e-04   9.9950421e-01   1.1630009e-04
   3.9900000e+03   9.9941577e-01   1.3367496e-04   4.5055764e-04
   3.9780000e+03   3.7772377e-04   9.9907637e-01   5.4590761e-04
   4.0300000e+03   9.9920239e-01   7.1100975e-04   8.6601747e-05
   3.9810000e+03   1.5454376e-04   9.9923182e-01   6.1363569e-04
   4.8410000e+03   1.8230748e-02   9.1145781e-01   7.0311440e-02
   4.7110000e+03   4.8726368e-04   3.6675160e-04   9.9914598e-01
   4.6360000e+03   9.9946864e-01   1.4616147e-04   3.8519464e-04
   4.8390000e+03   3.6375975e-04   9.9932753e-01   3.0870711e-04
   4.9480000e+03   2.3683198e-03   9.9638393e-01   1.2477537e-03
   4.1080000e+03   4.6348139e-04   1.2142702e-03   9.9832225e-01
   4.7450000e+03   8.0933851e-04   1.9472905e-04   9.9899593e-01
   4.6070000e+03   8.2258410e-04   0.0000000e+00   9.9917742e-01
   4.9670000e+03   0.0000000e+00   1.7205280e-03   9.9827947e-01
   4.9210000e+03   1.0295108e-04   1.1851593e-03   9.9871189e-01
   4.7330000e+03   9.9882228e-01   6.4702791e-04   5.3068791e-04
   4.6650000e+03   4.2662176e-04   1.7428617e-03   9.9783052e-01
   4.5690000e+03   9.9935218e-01   4.4031110e-04   2.0750522e-04
   4.8240000e+03   9.9922622e-01   5.5076882e-05   7.1870745e-04
   4.6660000e+03   6.3462797e-04   2.4295100e-04   9.9912242e-01
   4.8230000e+03   2.7248131e-04   9.1018586e-04   9.9881733e-01
   4.6690000e+03   9.9775790e-01   4.6469353e-04   1.7774090e-03
   4.7310000e+03   2.3390392e-04   1.9244336e-03   9.9784166e-01
   4.9300000e+03   1.2076898e-03   1.9753226e-03   9.9681699e-01
   4.5740000e+03   9.9938041e-01   2.8016260e-04   3.3942486e-04
   4.8050000e+03   9.9936437e-01   5.0168249e-04   1.3394843e-04
   4.8030000e+03   4.8923147e-04   5.0227525e-04   9.9900849e-01
   4.9360000e+03   9.9829477e-01   1.6939349e-03   1.1299616e-05
   4.9530000e+03   1.4189699e-03   1.3210883e-04   9.9844892e-01
   4.9260000e+03   9.9877411e-01   1.1392002e-03   8.6686978e-05
   4.9560000e+03   9.9854157e-01   1.3894073e-03   6.9024910e-05
   4.9370000e+03   7.0091328e-04   2.1642256e-03   9.9713486e-01
   4.9380000e+03   9.9843357e-01   1.5664263e-03   2.8591718e-17
   4.9270000e+03   1.1102230e-16   1.2978612e-03   9.9870214e-01
   4.9410000e+03   1.5826390e-03   1.4845267e-04   9.9826891e-01
   4.9420000e+03   9.9886609e-01   8.8117291e-04   2.5273245e-04
   4.9760000e+03   2.6058833e-04   9.9872688e-01   1.0125269e-03
   4.9250000e+03   1.4444869e-04   9.9881109e-01   1.0444591e-03
   4.9580000e+03   9.9880669e-01   1.0362457e-03   1.5706882e-04
   4.9220000e+03   9.9845948e-01   8.6287308e-04   6.7764591e-04
   4.9750000e+03   4.5566349e-04   9.9809572e-01   1.4486173e-03
   4.9450000e+03   5.3351866e-04   9.9807283e-01   1.3936541e-03
   4.9630000e+03   1.8699077e-03   4.9947988e-04   9.9763061e-01
   4.9460000e+03   9.9823351e-01   1.1657296e-03   6.0076511e-04
   4.9650000e+03   1.3329053e-03   5.6041869e-04   9.9810668e-01
   4.9200000e+03   9.9872038e-01   9.3305699e-04   3.4656786e-04
   4.9660000e+03   9.9836507e-01   1.0801248e-03   5.5480298e-04
   4.6260000e+03   8.4395943e-04   9.4503597e-06   9.9914659e-01
   4.7180000e+03   8.7478541e-04   9.9818039e-01   9.4482616e-04
   4.6880000e+03   9.9900078e-01   6.1743893e-04   3.8178224e-04
   4.8260000e+03   1.6105157e-04   9.9913288e-01   7.0606880e-04
   4.5680000e+03  -1.6588293e-17   9.9910325e-01   8.9674874e-04
   4.8220000e+03   9.9898260e-01   8.5080950e-04   1.6659006e-04
   4.6900000e+03   9.9906743e-01   4.2846030e-04   5.0411242e-04
   4.8300000e+03   2.5508005e-04   9.9917363e-01   5.7129245e-04
   4.5670000e+03   2.4520149e-04   9.9936886e-01   3.8593667e-04
   4.8280000e+03   9.9901077e-01   5.1169229e-04   4.7753874e-04
   4.8870000e+03   9.9932563e-01   3.5574910e-04   3.1862003e-04
   4.8350000e+03   5.7334639e-04   3.0720256e-04   9.9911945e-01
   4.5650000e+03   3.5779905e-04   9.9943646e-01   2.0574437e-04
   4.8320000e+03   9.9921182e-01   3.7318994e-04   4.1499340e-04
   4.9600000e+03   9.9834328e-01   1.3815269e-03   2.7519117e-04
   4.8850000e+03   9.9911102e-01   4.8262695e-04   4.0635652e-04
   4.5630000e+03   3.3954509e-04   9.9906425e-01   5.9620775e-04
   4.8360000e+03   9.9902091e-01   7.1000712e-04   2.6908577e-04
   4.8110000e+03   1.6689618e-04   9.9813993e-01   1.6931766e-03
   4.8840000e+03   9.9947223e-01   3.1066949e-04   2.1710091e-04
   4.8460000e+03   1.4156577e-02   5.0561451e-01   4.8022891e-01
   4.6390000e+03   9.9951728e-01   3.7653493e-04   1.0618547e-04
   4.8430000e+03   6.1561879e-02   7.5437402e-01   1.8406410e-01
   4.8020000e+03   4.2382551e-02   6.9930255e-01   2.5831490e-01
   4.8450000e+03   3.3404703e-04   9.9912237e-01   5.4358643e-04
   4.8460000e+03   9.9952620e-01   1.3589623e-04   3.3790196e-04
   4.5850000e+03   2.7955755e-04   9.9945617e-01   2.6427257e-04
   4.7900000e+03   4.1347832e-04   9.9916600e-01   4.2052083e-04
   4.8090000e+03   8.6390720e-04   1.0957000e-04   9.9902652e-01
   4.5730000e+03   4.4709551e-05   9.9878256e-01   1.1727256e-03
   4.9160000e+03   9.9923521e-01   5.2474680e-04   2.4003883e-04
   4.7050000e+03   6.0691937e-04   2.8642971e-04   9.9910665e-01
   4.7880000e+03   2.8537000e-04   9.9903025e-01   6.8437647e-04
   4.6230000e+03   3.3005619e-04   9.9923034e-01   4.3960153e-04
   4.7060000e+03   9.9852094e-01   1.3459142e-03   1.3314561e-04
   4.5720000e+03   1.7622449e-03   9.9813877e-01   9.8981533e-05
   4.8070000e+03   9.9759623e-01   4.0975332e-04   1.9940135e-03
   4.7300000e+03   9.9823007e-01   1.7699270e-03   6.8240607e-16
   4.7460000e+03   2.0418913e-04   6.8289532e-04   9.9911292e-01
   4.6060000e+03   1.6753937e-04   6.6602050e-04   9.9916644e-01
   4.7080000e+03   3.3165268e-04   2.5330815e-03   9.9713527e-01
   4.7420000e+03   2.4601865e-03   9.9717275e-01   3.6706277e-04
   4.6050000e+03   8.2794321e-05   9.2392763e-04   9.9899328e-01
   4.6490000e+03   8.6525907e-05   9.8623574e-01   1.3677730e-02
   4.6510000e+03   1.1793007e-04   9.9150874e-01   8.3733341e-03
   4.9320000e+03   5.6450581e-03   9.8984290e-01   4.5120382e-03
   4.9110000e+03   1.4679755e-03   5.8620431e-03   9.9266998e-01
   4.9510000e+03   9.9550964e-01   1.6924958e-03   2.7978646e-03
   4.9150000e+03   6.9601843e-05   2.2860737e-03   9.9764432e-01
   4.9130000e+03   5.2375196e-04   4.0025386e-03   9.9547371e-01
   4.9140000e+03   9.9859385e-01   1.3361246e-03   7.0021793e-05
   4.5510000e+03   1.3093475e-04   9.9599872e-01   3.8703423e-03
   4.9730000e+03   2.0614736e-03   1.6356530e-04   9.9777496e-01
   5.1220000e+03   1.7102720e-03   1.3665710e-03   9.9692316e-01
   5.0890000e+03   2.4516290e-03   9.9565737e-01   1.8910050e-03
   5.1240000e+03   3.1010425e-03   9.9525517e-01   1.6437894e-03
   4.9860000e+03   9.1778181e-04   3.2691403e-03   9.9581308e-01
   4.9350000e+03   9.9624741e-01   1.8615322e-03   1.8910613e-03
   4.1090000e+03   9.9659930e-01   1.3083397e-03   2.0923652e-03
   5.0680000e+03   9.9720851e-01   7.5897314e-04   2.0325185e-03
   5.1420000e+03   1.0493393e-03   1.6787983e-03   9.9727186e-01
   5.0910000e+03   1.3849264e-03   1.7864478e-03   9.9682863e-01
   5.1290000e+03   8.0923739e-04   3.1195640e-03   9.9607120e-01
   5.0940000e+03   9.9672365e-01   2.0930464e-03   1.1833016e-03
   5.1260000e+03   5.3699457e-03   9.9210232e-01   2.5277332e-03
   4.9850000e+03   1.3374605e-03   4.4975862e-03   9.9416495e-01
   5.1360000e+03   1.7478361e-03   1.9617040e-03   9.9629046e-01
   4.7210000e+03   2.2206474e-03   1.2730629e-04   9.9765205e-01
   4.1120000e+03   6.0043276e-04   2.7571136e-03   9.9664245e-01
   4.9790000e+03   7.7078588e-04   2.2537713e-03   9.9697544e-01
   4.9550000e+03   9.9851135e-01   0.0000000e+00   1.4886527e-03
   4.9390000e+03   3.0654330e-04   1.8866636e-03   9.9780679e-01
   5.1070000e+03   9.9787518e-01   2.1248183e-03   1.8064921e-16
   4.9710000e+03   9.9777983e-01   0.0000000e+00   2.2201733e-03
   5.1690000e+03   9.9805479e-01   1.5061190e-03   4.3909404e-04
   5.1080000e+03   6.9445518e-04   2.1072863e-03   9.9719826e-01
   5.1730000e+03   9.9803748e-01   1.8682612e-03   9.4257164e-05
   5.1710000e+03   3.1810833e-03   9.9470679e-01   2.1121218e-03
   4.7490000e+03   1.5481695e-04   3.5378612e-03   9.9630732e-01
   5.0580000e+03   2.2565824e-04   1.5966897e-03   9.9817765e-01
   5.1480000e+03   6.0876739e-04   1.2069419e-03   9.9818429e-01
   5.1170000e+03   7.2125790e-04   1.5703687e-03   9.9770837e-01
   5.1450000e+03   4.1037363e-04   2.1669495e-03   9.9742268e-01
   5.1200000e+03   6.0472841e-02   5.6910705e-03   9.3383609e-01
   5.1190000e+03   3.8196225e-03   2.2160946e-01   7.7457092e-01
   5.2160000e+03   1.3445651e-04   6.8977992e-01   3.1008562e-01
   5.1210000e+03   2.9062850e-03   9.9412522e-01   2.9684927e-03
   5.0550000e+03   1.5901521e-03   9.9707943e-01   1.3304152e-03
   5.1530000e+03   1.3646155e-03   1.6795943e-03   9.9695579e-01
   4.9900000e+03   1.6214903e-03   9.9792848e-01   4.5003308e-04
   5.1470000e+03   1.5886447e-03   2.3571354e-03   9.9605422e-01
   5.0830000e+03   7.0436443e-02   9.1441382e-01   1.5149740e-02
   5.0590000e+03   2.1555799e-03   4.4011800e-04   9.9740430e-01
   5.0840000e+03   3.0736403e-03   9.9522728e-01   1.6990752e-03
   5.1410000e+03   2.3970954e-03   3.0400107e-03   9.9456289e-01
   5.0860000e+03   2.7877419e-03   9.9532437e-01   1.8878899e-03
   5.0700000e+03   1.9940264e-03   3.0430199e-03   9.9496295e-01
   5.0880000e+03   1.9597828e-03   9.9424645e-01   3.7937709e-03
   5.1380000e+03   2.9116477e-03   9.9477970e-01   2.3086505e-03
   5.0620000e+03   1.6767200e-03   9.9340476e-01   4.9185164e-03
   5.0710000e+03   9.9676117e-01   5.8706360e-04   2.6517633e-03
   5.0090000e+03   2.9677366e-04   9.7990176e-01   1.9801469e-02
   5.0750000e+03   2.7881679e-03   1.0557097e-03   9.9615612e-01
   4.9680000e+03   3.0371249e-03   1.0818147e-03   9.9588106e-01
   4.9700000e+03   4.3925832e-04   9.9689796e-01   2.6627853e-03
   5.1890000e+03   1.7629645e-04   9.9341616e-01   6.4075482e-03
   4.5500000e+03   5.1521049e-03   9.9474452e-01   1.0337975e-04
   4.9190000e+03   4.1179983e-04   9.9768544e-01   1.9027611e-03
   5.1900000e+03   9.9765361e-01   2.5744286e-04   2.0889502e-03
   7.2380000e+03   9.1541715e-05   9.9922032e-01   6.8814109e-04
   7.2000000e+03   1.5346609e-04   9.9841782e-01   1.4287094e-03
   7.2360000e+03   9.9937687e-01   4.8818601e-04   1.3493957e-04
   7.2320000e+03   6.0334453e-04   1.4182128e-04   9.9925483e-01
   7.2070000e+03   9.5848605e-04   9.9901115e-01   3.0363632e-05
   7.1370000e+03   1.5921273e-03   9.9816088e-01   2.4699408e-04
   7.2240000e+03   1.0443320e-03   9.9844375e-01   5.1192184e-04
   7.2460000e+03   2.1481639e-04   9.9919842e-01   5.8676552e-04
   7.2390000e+03   9.9926352e-01   9.5171536e-05   6.4130997e-04
   7.2090000e+03   9.5866540e-04   9.9892853e-01   1.1280143e-04
   7.2100000e+03  -2.5695591e-17   9.9906447e-01   9.3552943e-04
   7.2350000e+03   1.8439481e-03   8.4809103e-04   9.9730796e-01
   7.2150000e+03   1.2148386e-02   9.7642233e-01   1.1429282e-02
   7.2180000e+03   5.9504271e-04   7.2196814e-04   9.9868299e-01
   7.2350000e+03   3.2254507e-01   1.5890179e-03   6.7586591e-01
   7.2210000e+03   9.9914106e-01   2.8587764e-04   5.7306036e-04
   7.2230000e+03   9.9910576e-01   2.2787689e-04   6.6636374e-04
   7.2430000e+03   6.7363688e-05   9.3041554e-04   9.9900222e-01
   7.2450000e+03   7.3712080e-05   9.2422698e-04   9.9900206e-01
   7.4430000e+03   1.2480435e-03   3.0605710e-04   9.9844590e-01
   7.3810000e+03   9.9928796e-01   2.4348716e-04   4.6855342e-04
   7.4210000e+03   3.9482067e-04   9.9909052e-01   5.1466019e-04
   7.3680000e+03   9.9953537e-01   4.1154780e-04   5.3080203e-05
   7.4060000e+03   9.9931320e-01   3.5358592e-08   6.8676817e-04
   7.4590000e+03   5.9857566e-04   1.1033776e-04   9.9929109e-01
   7.4550000e+03   4.5972106e-04   9.9943865e-01   1.0162835e-04
   7.4450000e+03   6.6712200e-04   1.9305239e-04   9.9913983e-01
   7.4470000e+03   6.9866780e-04   2.1671403e-04   9.9908462e-01
   7.4610000e+03   5.0954632e-04   9.9912376e-01   3.6669141e-04
   7.4610000e+03   6.3933690e-04   1.1649824e-05   9.9934901e-01
   7.4480000e+03   2.1479172e-05   7.1334675e-04   9.9926517e-01
   7.4460000e+03   1.3582096e-05   6.6255091e-04   9.9932387e-01
   7.4500000e+03   3.4024091e-04   2.0822460e-04   9.9945153e-01
   7.4530000e+03   4.0255775e-04   9.9923967e-01   3.5776767e-04
   7.4630000e+03   5.9864299e-04   9.9894361e-01   4.5774572e-04
   7.4310000e+03   4.5052198e-04   2.5333121e-04   9.9929615e-01
   7.3770000e+03   9.9945039e-01   8.5754434e-06   5.4103471e-04
   7.4270000e+03   3.8993520e-04   2.0395043e-04   9.9940611e-01
   7.3830000e+03   9.9607561e-01   5.6844380e-04   3.3559488e-03
   7.3960000e+03   6.2930452e-04   5.6803381e-04   9.9880266e-01
   7.3760000e+03   9.9947317e-01   4.4853806e-04   7.8294157e-05
   7.4130000e+03   4.3142738e-04   9.6866088e-05   9.9947171e-01
   7.3730000e+03   9.9934034e-01   2.8845199e-04   3.7120433e-04
   7.4160000e+03   3.8113785e-04   9.9943774e-01   1.8112582e-04
   7.3860000e+03   4.8667905e-04   9.9946284e-01   5.0482370e-05
   7.3980000e+03   5.8969867e-04   4.7915510e-04   9.9893115e-01
   7.3710000e+03   9.9927882e-01   5.1823973e-04   2.0293734e-04
   7.4260000e+03   2.6433524e-04   9.9941210e-01   3.2356720e-04
   7.3880000e+03   3.2001903e-04   9.9940451e-01   2.7547159e-04
   7.4000000e+03   7.1189209e-04   2.6975851e-04   9.9901835e-01
   7.3890000e+03   9.9937764e-01   4.1271386e-04   2.0964717e-04
   7.4020000e+03   8.0753957e-04   1.0599867e-04   9.9908646e-01
   7.3690000e+03   9.9920430e-01   6.5001535e-04   1.4568853e-04
   7.4240000e+03   2.2012929e-04   9.9936746e-01   4.1240714e-04
   7.3910000e+03   9.9930768e-01   4.7715079e-04   2.1517410e-04
   7.3700000e+03   2.8925391e-06   7.5638359e-04   9.9924072e-01
   7.4040000e+03   3.8198837e-04   9.9938105e-01   2.3696527e-04
   7.3920000e+03   2.2439421e-04   4.9534397e-04   9.9928026e-01
   7.4170000e+03   6.9167678e-04   9.9861808e-01   6.9024366e-04
   7.3790000e+03   4.3658984e-04   2.4275310e-04   9.9932066e-01
   7.4400000e+03   5.6042375e-04   6.2188870e-05   9.9937739e-01
   7.1970000e+03   9.9844564e-01   1.3803942e-03   1.7396903e-04
   7.2440000e+03   9.9909749e-01   7.6712234e-04   1.3538414e-04
   7.1990000e+03   9.7376578e-04   9.9898099e-01   4.5248022e-05
   7.2410000e+03   7.5899650e-04   8.9458578e-04   9.9834642e-01
   7.2060000e+03   5.6894894e-04   4.9916662e-04   9.9893188e-01
   7.1410000e+03   2.4913734e-04   8.3959573e-04   9.9891127e-01
   7.4750000e+03   9.9929525e-01   6.3345327e-04   7.1294630e-05
   8.1570000e+03   4.2022193e-04   5.7018728e-04   9.9900959e-01
   8.0280000e+03   5.9528999e-04   5.9592128e-04   9.9880879e-01
   8.0180000e+03   9.9942233e-01   3.1902635e-04   2.5864854e-04
   8.0040000e+03   9.9936181e-01   3.0843121e-04   3.2975551e-04
   8.0060000e+03   9.9939209e-01   2.9854946e-04   3.0935853e-04
   8.0020000e+03   9.9936651e-01   2.5412199e-04   3.7937262e-04
   7.8500000e+03   6.0707511e-06   6.2901654e-04   9.9936491e-01
   8.0520000e+03   3.4506444e-04   9.9904619e-01   6.0874384e-04
   8.0310000e+03   6.9735209e-04   9.9894185e-01   3.6079845e-04
   8.0540000e+03   9.9897188e-01   1.5733439e-05   1.0123892e-03
   8.0460000e+03   8.8030776e-04   1.7699577e-04   9.9894270e-01
   8.0440000e+03   7.2511088e-04   5.8651967e-04   9.9868837e-01
   8.0400000e+03   9.8895634e-04   9.9848450e-01   5.2654762e-04
   8.0480000e+03   4.8399734e-04   3.0815146e-04   9.9920785e-01
   8.0290000e+03   9.9916085e-01   7.5752937e-05   7.6339316e-04
   8.0510000e+03   9.9909696e-01   1.5504619e-04   7.4799544e-04
   8.0390000e+03   8.0291359e-04   5.4065684e-05   9.9914302e-01
   8.0380000e+03   9.6290916e-05   7.6711754e-04   9.9913659e-01
   8.0360000e+03   2.0466457e-04   9.9905170e-01   7.4363883e-04
   7.9950000e+03   9.9964255e-01   1.0997361e-04   2.4747919e-04
   7.8470000e+03   6.6652913e-04   1.7857343e-04   9.9915490e-01
   8.0700000e+03   7.6833468e-05   4.1609672e-04   9.9950707e-01
   7.9610000e+03   7.2505889e-01   1.4892791e-01   1.2601321e-01
   7.5020000e+03   9.9772638e-01   3.5229468e-04   1.9213255e-03
   7.5000000e+03   2.9128068e-03   2.2800397e-02   9.7428680e-01
   7.9150000e+03   3.1352267e-04   4.4331810e-05   9.9964215e-01
   7.9660000e+03   9.3497722e-02   7.8348864e-01   1.2301364e-01
   7.8940000e+03   8.1742758e-01   7.6294445e-02   1.0627797e-01
   7.9910000e+03   1.7956545e-03   9.9803274e-01   1.7160959e-04
   7.5050000e+03   8.5026499e-04   1.8298706e-03   9.9731986e-01
   7.8520000e+03   1.1353722e-03   2.5638944e-05   9.9883899e-01
   7.9890000e+03   1.0236546e-03   9.9870240e-01   2.7394222e-04
   7.8550000e+03   9.9935423e-01   6.4576887e-04   0.0000000e+00
   7.9920000e+03   2.7701283e-05   1.4912350e-03   9.9848106e-01
   7.8550000e+03   1.4283549e-02   2.2352263e-02   9.6336419e-01
   7.8630000e+03   6.2328239e-03   9.9283014e-01   9.3704104e-04
   7.8570000e+03   4.1890352e-02   5.3416056e-01   4.2394908e-01
   7.8570000e+03   5.5476877e-04   7.1316979e-05   9.9937391e-01
   7.9180000e+03   9.9938821e-01   5.8988580e-04   2.1899342e-05
   7.9190000e+03   4.3789860e-02   9.4557013e-01   1.0640008e-02
   7.8610000e+03   4.7027905e-04   2.0585545e-04   9.9932387e-01
   7.8640000e+03   9.9834372e-01   6.6890031e-04   9.8737927e-04
   7.9500000e+03   9.9866807e-01   6.1946609e-04   7.1246102e-04
   7.8660000e+03   8.1237844e-04   1.3871374e-03   9.9780048e-01
   7.9760000e+03   1.5235882e-03   9.9785718e-01   6.1922964e-04
   7.9780000e+03   1.5964910e-03   9.9756628e-01   8.3722675e-04
   7.9400000e+03   1.0206296e-03   6.9505298e-04   9.9828432e-01
   7.9840000e+03   5.4169900e-04   8.7655348e-01   1.2290482e-01
   7.8720000e+03   8.9033454e-01   2.9474288e-03   1.0671803e-01
   7.9430000e+03   8.5560606e-04   1.0369329e-03   9.9810746e-01
   7.9820000e+03   8.9339844e-04   9.9847599e-01   6.3061304e-04
   7.9560000e+03   9.9852735e-01   9.4418197e-04   5.2846402e-04
   7.5460000e+03   4.8387477e-01   5.5396448e-02   4.6072878e-01
   7.9530000e+03   8.0167066e-04   1.7029394e-03   9.9749539e-01
   7.9260000e+03   7.7276810e-04   5.1630273e-04   9.9871093e-01
   7.9060000e+03   1.6633490e-04   9.9971792e-01   1.1574600e-04
   7.8770000e+03   6.9300183e-01   2.5380074e-01   5.3197427e-02
   7.8830000e+03   9.9936271e-01   2.5378290e-04   3.8350369e-04
   7.9080000e+03   2.4971868e-04   9.9955905e-01   1.9123578e-04
   7.8810000e+03   5.1094984e-04   9.9918641e-01   3.0263748e-04
   7.9960000e+03   2.7449348e-04   1.0612182e-04   9.9961938e-01
   7.9090000e+03   4.5801583e-04   9.9946299e-01   7.8997951e-05
   7.8810000e+03   4.0970106e-03   3.2291296e-02   9.6361169e-01
   7.5100000e+03   1.1753061e-04   7.0268591e-04   9.9917978e-01
   7.9640000e+03   9.9963143e-01   2.9509609e-05   3.3906262e-04
   7.5040000e+03   9.9939319e-01   3.8619796e-04   2.2061637e-04
   7.9040000e+03   1.2093380e-04   9.9978620e-01   9.2870307e-05
   7.8910000e+03   1.3983575e-04   9.9986016e-01   1.9519601e-15
   7.9120000e+03   1.1700959e-04   8.3940450e-16   9.9988299e-01
   7.8930000e+03   9.2583074e-04   9.9852640e-01   5.4777230e-04
   7.9660000e+03   1.0425957e-04   7.1880432e-04   9.9917694e-01
   7.8980000e+03   9.9957573e-01   8.2604503e-05   3.4166509e-04
   7.9130000e+03   1.1925494e-04   2.2414561e-04   9.9965660e-01
   7.8960000e+03   1.6606097e-04   4.9378544e-04   9.9934015e-01
   7.8970000e+03   2.9408223e-05   9.9969993e-01   2.7066309e-04
   7.9110000e+03   7.6681981e-05   1.5999029e-04   9.9976333e-01
   7.8990000e+03   1.5704674e-04   9.9970421e-01   1.3873916e-04
   7.9010000e+03   2.8304099e-04   9.9971420e-01   2.7613563e-06
   8.0640000e+03   9.9969019e-01   2.0184652e-04   1.0796786e-04
   8.0660000e+03   9.9968735e-01   1.6319510e-04   1.4945247e-04
   8.0680000e+03   9.9959783e-01   2.6051627e-04   1.4165427e-04
   8.0710000e+03   4.0685577e-04   6.1858497e-05   9.9953129e-01
   7.9200000e+03   9.9922806e-01   5.5478818e-04   2.1714740e-04
   7.9210000e+03   5.4963491e-04   9.9882470e-01   6.2566568e-04
   7.9220000e+03   9.9120208e-01   8.6979391e-03   9.9978116e-05
   8.1440000e+03   5.5415026e-01   3.8105569e-01   6.4794042e-02
   8.1510000e+03   5.0414207e-02   3.0477326e-02   9.1910847e-01
   7.9600000e+03   9.9690281e-01   1.0687870e-03   2.0284021e-03
   7.9510000e+03   5.8217276e-04   2.2380877e-03   9.9717974e-01
   7.9240000e+03   5.7438233e-04   1.0012443e-03   9.9842437e-01
   8.1060000e+03   3.4927979e-01   2.9803775e-02   6.2091643e-01
   7.9300000e+03   9.9900980e-01   3.5496052e-04   6.3523805e-04
   7.9320000e+03   9.9904469e-01   4.1887528e-04   5.3643015e-04
   7.5060000e+03   8.1793493e-01   9.1236493e-02   9.0828576e-02
   7.5060000e+03   3.9368868e-03   9.9578575e-01   2.7735976e-04
   7.9370000e+03   9.9373896e-01   5.8917613e-04   5.6718682e-03
   7.9630000e+03   9.7495306e-01   8.4089034e-03   1.6638037e-02
   7.9380000e+03   2.2095022e-03   9.9718002e-01   6.1047989e-04
   7.9470000e+03   9.9625079e-01   8.3925183e-04   2.9099628e-03
   7.9450000e+03   9.9889339e-01   5.5427184e-04   5.5233757e-04
   7.9800000e+03   1.1288093e-03   9.9830697e-01   5.6422465e-04
   7.9750000e+03   9.9902480e-01   5.6190950e-04   4.1329332e-04
   7.9580000e+03   9.9860187e-01   5.4235205e-04   8.5577641e-04
   8.0140000e+03   4.7325114e-02   7.6382463e-01   1.8885026e-01
   8.0140000e+03   3.0470612e-02   2.8240166e-02   9.4128922e-01
   8.0210000e+03   6.0517773e-04   6.6844253e-05   9.9932798e-01
   8.0070000e+03   3.1187506e-01   5.9984360e-01   8.8281333e-02
   8.1310000e+03   9.9782791e-01   5.7724145e-04   1.5948451e-03
   8.0080000e+03   8.1219352e-04   1.1370943e-03   9.9805071e-01
   8.0100000e+03   9.9889157e-01   7.0593637e-04   4.0249784e-04
   8.0120000e+03   1.5610756e-02   9.7959439e-01   4.7948555e-03
   8.1260000e+03   1.0118306e-03   4.0731545e-04   9.9858085e-01
   8.1250000e+03   2.6808345e-04   7.8400463e-04   9.9894791e-01
   8.0150000e+03   4.1651157e-04   4.4098365e-04   9.9914250e-01
   8.0190000e+03   2.5709595e-04   6.0210272e-04   9.9914080e-01
   8.0890000e+03   2.9232398e-04   4.1280591e-04   9.9929487e-01
   8.0560000e+03   3.9234805e-04   7.3211882e-05   9.9953444e-01
   8.1230000e+03   1.4818692e-04   7.6864214e-04   9.9908317e-01
   8.0820000e+03   6.3469163e-05   7.7622155e-04   9.9916031e-01
   8.0220000e+03   1.3055081e-02   1.7388644e-01   8.1305848e-01
   8.0550000e+03   6.2098006e-03   4.3744939e-01   5.5634081e-01
   8.0250000e+03   6.7475059e-04   1.9561182e-04   9.9912964e-01
   8.1460000e+03   9.9931647e-01   1.3065683e-04   5.5287566e-04
   8.0210000e+03   9.8943783e-01   8.3918085e-03   2.1703579e-03
   8.0910000e+03   4.6904843e-04   3.8876463e-04   9.9914219e-01
   8.0340000e+03   9.1824970e-01   7.0831738e-02   1.0918560e-02
   8.0830000e+03   7.2329500e-04   1.2689455e-04   9.9914981e-01
   8.1420000e+03   3.4139856e-04   9.9937055e-01   2.8805291e-04
   8.1180000e+03   2.6711311e-04   3.3283757e-04   9.9940005e-01
   8.0940000e+03   4.2767379e-01   8.3125504e-02   4.8920071e-01
   8.0630000e+03   2.1843389e-01   2.7428295e-01   5.0728316e-01
   8.0980000e+03   6.7729610e-04   9.9914745e-01   1.7525087e-04
   8.0920000e+03   7.2044871e-01   2.0127402e-01   7.8277274e-02
   8.0800000e+03   4.7806946e-02   9.4253529e-01   9.6577610e-03
   7.5150000e+03   2.7207734e-02   8.6773646e-01   1.0505581e-01
   8.1160000e+03   5.0725438e-05   4.5184161e-04   9.9949743e-01
   8.0740000e+03   9.4901808e-05   9.9948055e-01   4.2454384e-04
   8.0720000e+03   7.6836793e-05   9.9951958e-01   4.0358801e-04
   8.0730000e+03   9.9950800e-01   5.8174640e-05   4.3382222e-04
   8.0750000e+03   9.9948854e-01   9.6247668e-05   4.1521418e-04
   8.0760000e+03   1.6120671e-04   3.7077721e-04   9.9946802e-01
   8.1380000e+03   1.7388151e-04   9.9959670e-01   2.2942304e-04
   8.1130000e+03   4.2419592e-04   9.9946088e-01   1.1492332e-04
   8.1330000e+03   9.9863247e-01   6.3862037e-04   7.2890517e-04
   8.1270000e+03   6.3444957e-04   7.4711949e-04   9.9861843e-01
   8.1210000e+03   1.8473569e-05   6.0195470e-04   9.9937957e-01
   8.1220000e+03   4.7704737e-04   9.8227414e-05   9.9942473e-01
   8.1190000e+03   9.9962263e-01   1.5235080e-04   2.2502151e-04
   8.1120000e+03   1.4509125e-04   9.9970210e-01   1.5280823e-04
   8.0950000e+03   1.3451599e-03   9.9847233e-01   1.8250855e-04
   8.1060000e+03   9.9934900e-01   1.2805861e-04   5.2293656e-04
   8.0990000e+03   6.0254587e-04   4.2732921e-04   9.9897012e-01
   8.1010000e+03   9.6774243e-01   2.1225320e-02   1.1032247e-02
   8.1490000e+03   9.9847415e-01   3.7511644e-04   1.1507352e-03
   8.1080000e+03   9.9933071e-01   2.1702911e-04   4.5225769e-04
   8.1100000e+03   9.9948678e-01   1.7919844e-04   3.3401943e-04
   7.5160000e+03   9.9951912e-01   1.8821331e-04   2.9266720e-04
   8.1400000e+03   9.3545290e-05   9.9957541e-01   3.3104550e-04
   8.0210000e+03   5.3214485e-02   9.4476596e-01   2.0195535e-03
   8.1440000e+03   5.5343745e-04   4.8019596e-04   9.9896637e-01
   8.1350000e+03   9.9879058e-01   7.6181131e-04   4.4761060e-04
   8.1600000e+03   6.6974370e-04   9.9898429e-01   3.4597012e-04
   7.6420000e+03   1.3832746e-02   7.6035565e-01   2.2581160e-01
   7.6460000e+03   4.3679922e-03   1.0298362e-03   9.9460217e-01
   7.4800000e+03   2.4773848e-03   9.9586311e-01   1.6595068e-03
   7.6450000e+03   1.8413283e-02   2.6558858e-01   7.1599814e-01
   7.6430000e+03   4.8679931e-02   1.4793628e-01   8.0338379e-01
   7.5390000e+03   1.7785140e-03   9.9674175e-01   1.4797330e-03
   7.6610000e+03   1.3961271e-03   9.9678642e-01   1.8174491e-03
   7.8740000e+03   4.0293548e-01   1.5531596e-01   4.4174857e-01
   7.5410000e+03   2.2752908e-03   9.9639745e-01   1.3272574e-03
   7.5430000e+03   2.8158346e-03   9.9632307e-01   8.6109513e-04
   7.7810000e+03   3.6943232e-02   1.2198598e-02   9.5085817e-01
   7.5450000e+03   1.9516186e-03   9.9666986e-01   1.3785194e-03
   7.6270000e+03   9.9663655e-01   9.1722827e-04   2.4462229e-03
   7.5980000e+03   9.9800999e-01   8.8444764e-04   1.1055576e-03
   7.6340000e+03   9.2338252e-04   6.3735648e-03   9.9270305e-01
   7.6130000e+03   9.9746367e-01   7.4308355e-04   1.7932513e-03
   7.6150000e+03   7.6294166e-04   1.3742184e-03   9.9786284e-01
   7.6590000e+03   1.4903123e-03   9.9784140e-01   6.6829264e-04
   7.6280000e+03   7.8015399e-04   1.0091304e-03   9.9821072e-01
   7.6460000e+03   9.3731119e-01   1.0189632e-02   5.2499179e-02
   7.7250000e+03   8.2747556e-02   1.3159408e-02   9.0409304e-01
   7.7430000e+03   7.1353671e-02   3.7063678e-03   9.2493996e-01
   8.0140000e+03   9.7674808e-01   3.6807627e-03   1.9571159e-02
   7.7670000e+03   1.1462203e-01   7.6683398e-01   1.1854399e-01
   7.7800000e+03   8.5073255e-04   9.9808755e-01   1.0617126e-03
   8.1030000e+03   5.4707360e-03   9.7002623e-01   2.4503035e-02
   7.7420000e+03   3.1796564e-02   8.5156253e-01   1.1664091e-01
   7.7400000e+03   2.5960716e-01   0.0000000e+00   7.4039284e-01
   8.1550000e+03   5.1356835e-04   7.5405090e-04   9.9873238e-01
   8.0350000e+03   5.7401923e-04   3.9335838e-04   9.9903262e-01
   8.1590000e+03   9.9930794e-01   4.3355415e-04   2.5850711e-04
   8.1630000e+03   9.9939013e-01   1.7321034e-04   4.3665878e-04
   9.8610000e+03   3.9511933e-04   1.1619229e-04   9.9948869e-01
   7.5000000e+03   1.4632490e-01   8.0607930e-01   4.7595796e-02
   9.9880000e+03   6.2170757e-04   9.9873284e-01   6.4545742e-04
   9.8990000e+03   8.1218201e-04   9.2949484e-04   9.9825832e-01
   7.9680000e+03   3.3401547e-02   1.7825649e-01   7.8834196e-01
   7.8870000e+03   9.9977558e-01   5.1851328e-05   1.7257349e-04
   7.5030000e+03   1.2783098e-04   2.1841472e-04   9.9965375e-01
   7.8770000e+03   8.9538637e-05   9.9911444e-01   7.9602269e-04
   7.8790000e+03   9.9949939e-01   1.2663514e-04   3.7397294e-04
   7.9990000e+03   5.2550276e-04   3.8860716e-04   9.9908589e-01
   7.5070000e+03   7.3479796e-04   9.9877327e-01   4.9193365e-04
   7.8860000e+03   6.1078450e-04   9.1657084e-04   9.9847264e-01
   7.8900000e+03   9.9986555e-01   1.1344671e-04   2.1006573e-05
   7.8890000e+03   0.0000000e+00   1.0000000e+00  -0.0000000e+00
   9.5200000e+03   9.9990288e-01   3.1018880e-05   6.6100788e-05
   9.5220000e+03   9.9984674e-01   1.4513181e-05   1.3874485e-04
   9.5250000e+03   9.9977430e-01   2.0240935e-04   2.3290449e-05
   9.4760000e+03   2.8236268e-04   2.6932850e-06   9.9971494e-01
   9.7760000e+03   5.0540479e-03   1.9736808e-03   9.9297227e-01
   9.8600000e+03   2.7144797e-04   9.9951273e-01   2.1582600e-04
   9.8670000e+03   4.9934100e-04   4.1667881e-04   9.9908398e-01
   9.8210000e+03   5.4437992e-04   1.6509389e-03   9.9780468e-01
   7.9220000e+03   2.0704149e-02   2.3695135e-03   9.7692634e-01
   9.7840000e+03   6.7065114e-04   7.1042008e-04   9.9861893e-01
   9.8200000e+03   6.6534165e-01   2.9977064e-01   3.4887707e-02
   9.7850000e+03   6.3372627e-04   5.9161331e-05   9.9930711e-01
   7.5120000e+03   6.4648547e-04   9.9896105e-01   3.9246406e-04
   9.5730000e+03   9.9851854e-01   0.0000000e+00   1.4814610e-03
   9.5720000e+03   6.2081259e-05   9.9752039e-01   2.4175305e-03
   9.4330000e+03   7.7715612e-16   1.9132552e-03   9.9808674e-01
   9.4550000e+03   4.1286419e-15   9.9761004e-01   2.3899600e-03
   9.5740000e+03   8.9144767e-04   9.9777860e-01   1.3299485e-03
   9.4340000e+03   2.0191891e-03   1.0212551e-03   9.9695956e-01
   9.6100000e+03   1.3174557e-03   3.2030086e-04   9.9836224e-01
   9.6010000e+03   5.8924807e-02   1.7588205e-01   7.6519314e-01
   8.3010000e+03   2.2168295e-03   8.0330128e-15   9.9778317e-01
   8.2780000e+03   0.0000000e+00   1.0000000e+00  -0.0000000e+00
   9.2690000e+03   5.0589019e-04   1.8992323e-03   9.9759488e-01
   9.3200000e+03   1.3061437e-03   9.9666500e-01   2.0288514e-03
   9.4350000e+03   2.1397256e-04   9.9901868e-01   7.6735124e-04
   9.3260000e+03   2.5812811e-04   9.9815965e-01   1.5822183e-03
   8.2520000e+03   6.1145387e-04   9.9774217e-01   1.6463808e-03
   9.3050000e+03   2.0091176e-03   5.2064157e-04   9.9747024e-01
   9.3250000e+03   1.9332569e-03   1.9208844e-05   9.9804753e-01
   8.2620000e+03   2.7856974e-03   9.9674879e-01   4.6550778e-04
   9.2210000e+03   2.7030881e-03   9.9719286e-01   1.0405651e-04
   9.1950000e+03   9.9868377e-01   2.5416240e-04   1.0620707e-03
   8.2630000e+03   1.3236344e-03   1.1933203e-03   9.9748305e-01
   9.2180000e+03   3.6119785e-01   3.5911991e-02   6.0289016e-01
   9.3330000e+03   7.3506003e-04   9.9794942e-01   1.3155174e-03
   8.2690000e+03   1.5905715e-04   9.9866652e-01   1.1744184e-03
   9.2920000e+03   1.2833130e-03   9.9669218e-01   2.0245072e-03
   9.2910000e+03   3.0334165e-03   9.9696658e-01   1.8473076e-15
   9.5430000e+03   1.5250569e-03   9.9846724e-01   7.6982206e-06
   9.1960000e+03   3.3022448e-02   9.2996426e-01   3.7013289e-02
   9.1960000e+03   2.9405646e-02   2.5624156e-02   9.4497020e-01
   9.2990000e+03   1.9196577e-02   9.9840147e-02   8.8096328e-01
   9.2710000e+03   5.8419359e-03   2.1545153e-04   9.9394261e-01
   9.7550000e+03   9.5201702e-04   9.9715487e-01   1.8931101e-03
   9.5760000e+03   9.9500300e-04   9.9742946e-01   1.5755355e-03
   9.2950000e+03   6.4778229e-02   1.9278216e-02   9.1594356e-01
   9.1970000e+03   1.3481672e-01   7.6111737e-01   1.0406591e-01
   9.2640000e+03   7.5203913e-02   2.4120738e-02   9.0067535e-01
   9.3080000e+03   7.8290764e-01   1.6692228e-01   5.0170073e-02
   8.2580000e+03   1.8139614e-01   2.9741803e-01   5.2118583e-01
   9.1990000e+03   9.1095377e-01   1.3827631e-02   7.5218597e-02
   9.2370000e+03   1.2968988e-01   2.1049043e-01   6.5981969e-01
   8.2580000e+03   1.1468108e-03   9.9884467e-01   8.5167862e-06
   9.2120000e+03   2.0672509e-03   1.0385329e-03   9.9689422e-01
   9.2540000e+03   2.5064584e-03   1.6724928e-03   9.9582105e-01
   9.2960000e+03   4.9865300e-03   9.9416287e-01   8.5059751e-04
   9.2970000e+03   7.4318966e-01   1.7200673e-01   8.4803612e-02
   9.2930000e+03   9.2504687e-01   1.5366672e-02   5.9586461e-02
   9.2030000e+03   4.0599667e-02   9.8205690e-03   9.4957976e-01
   9.2930000e+03   1.1982584e-01   7.6552290e-01   1.1465126e-01
   9.2170000e+03   3.6653955e-01   5.3940203e-01   9.4058424e-02
   9.2580000e+03   6.4548259e-02   3.1304488e-01   6.2240686e-01
   9.2080000e+03   2.5767053e-01   5.6488961e-01   1.7743986e-01
   8.2610000e+03   1.7541608e-03   9.9618194e-01   2.0638976e-03
   9.2090000e+03   7.9575596e-01   1.2849458e-01   7.5749454e-02
   9.2600000e+03   7.8418207e-03   9.5737288e-02   8.9642089e-01
   9.3070000e+03   1.6647378e-03   9.9805376e-01   2.8150597e-04
   9.4530000e+03   8.8568075e-01   5.2770901e-02   6.1548354e-02
   9.3070000e+03   2.7663307e-01   1.2132714e-02   7.1123422e-01
   9.2530000e+03   1.0668685e-01   3.2260439e-02   8.6105271e-01
   9.3030000e+03   4.7865107e-03   1.6221283e-02   9.7899221e-01
   9.2650000e+03   4.3808296e-01   6.7461382e-02   4.9445566e-01
   9.2680000e+03   5.4703907e-01   1.5133826e-01   3.0162266e-01
   9.2350000e+03   6.5990187e-02   8.3199609e-01   1.0201373e-01
   9.3800000e+03   3.0359099e-02   5.8522009e-01   3.8442081e-01
   9.3830000e+03   1.9115893e-04   9.9873545e-01   1.0733870e-03
   9.3840000e+03   9.9907541e-01   3.1113915e-04   6.1344698e-04
   9.3770000e+03   5.8511492e-04   3.1054798e-04   9.9910434e-01
   8.2590000e+03   3.6538822e-03   1.4101006e-04   9.9620511e-01
   9.2220000e+03   2.6327918e-01   3.0892008e-02   7.0582882e-01
   9.4100000e+03   1.6621495e-05   9.9728912e-01   2.6942578e-03
   9.4110000e+03   9.9766324e-01   6.9073541e-04   1.6460201e-03
   9.2290000e+03   2.6903810e-02   8.0016739e-01   1.7292880e-01
   9.2230000e+03   1.0333618e-01   4.3208159e-01   4.6458223e-01
   9.2280000e+03   3.1907244e-03   6.6635415e-04   9.9614292e-01
   9.4120000e+03   4.0574669e-02   8.6323406e-01   9.6191272e-02
   9.2310000e+03   5.8819832e-01   2.3484690e-01   1.7695478e-01
   9.3100000e+03   1.1102230e-16   1.6716568e-03   9.9832834e-01
   9.2400000e+03   3.0053036e-02   8.7698793e-01   9.2959038e-02
   9.4050000e+03   7.9062419e-04   9.9854096e-01   6.6841497e-04
   9.2410000e+03   3.9881517e-01   1.5650637e-01   4.4467846e-01
   9.4480000e+03   3.1360680e-01   2.0226626e-02   6.6616657e-01
   9.2470000e+03   4.6829692e-02   9.4638791e-01   6.7823995e-03
   9.2430000e+03   9.4889408e-01   4.6614471e-02   4.4914446e-03
   9.5790000e+03   5.9984491e-01   3.3398192e-01   6.6173171e-02
   9.6030000e+03   2.9267505e-01   3.0456578e-01   4.0275917e-01
   9.2440000e+03   8.8787439e-01   2.1920113e-02   9.0205502e-02
   9.2440000e+03   1.0393839e-02   5.1698722e-01   4.7261894e-01
   1.5079000e+04   8.0576532e-01   6.4957387e-02   1.2927729e-01
   9.5880000e+03   1.0006353e-01   8.3973724e-01   6.0199224e-02
   9.6020000e+03   1.8554401e-01   7.6612766e-01   4.8328327e-02
   9.2520000e+03   1.4307853e-03   9.9806489e-01   5.0432942e-04
   9.2000000e+03   9.1394927e-01   5.3120735e-02   3.2929991e-02
   9.4460000e+03   7.5672490e-01   6.7338279e-02   1.7593682e-01
   9.5890000e+03   5.9692154e-04   2.9427238e-03   9.9646035e-01
   8.2600000e+03   1.0000000e+00  -0.0000000e+00   0.0000000e+00
   9.6040000e+03   9.6520887e-02   3.8513779e-01   5.1834132e-01
   9.5930000e+03   1.3188640e-01   8.3785577e-01   3.0257835e-02
   9.5960000e+03   5.4717493e-01   3.1709465e-01   1.3573042e-01
   9.5940000e+03   9.3509137e-03   6.4950237e-01   3.4114671e-01
   9.5940000e+03   2.1151100e-03   1.9097668e-03   9.9597512e-01
   9.6590000e+03   1.2989104e-03   6.5138545e-02   9.3356254e-01
   9.6590000e+03   9.7266633e-01   4.9341236e-03   2.2399551e-02
   9.7260000e+03   9.1236461e-04   8.8838612e-04   9.9819925e-01
   9.6690000e+03   1.8641274e-03   9.9472452e-01   3.4113539e-03
   9.6600000e+03   1.7383169e-03   1.2443789e-03   9.9701730e-01
   9.5960000e+03   9.6063983e-03   9.1041716e-01   7.9976444e-02
   8.2920000e+03   3.3094985e-03   1.2564057e-03   9.9543410e-01
   8.3040000e+03   6.7507993e-04   9.9782473e-01   1.5001946e-03
   9.6110000e+03   1.3957403e-03   7.1353414e-04   9.9789073e-01
   8.2910000e+03   2.4557111e-03   9.6066926e-04   9.9658362e-01
   9.7500000e+03   9.9783716e-01   1.0529631e-03   1.1098743e-03
   9.6780000e+03   1.6077148e-03   7.8752270e-04   9.9760476e-01
   9.2770000e+03   6.1356468e-04   9.9852377e-01   8.6266999e-04
   8.2760000e+03   7.0621715e-05   9.9933047e-01   5.9891040e-04
   9.3540000e+03   9.4916350e-01   8.0833762e-03   4.2753127e-02
   9.3570000e+03   9.9967336e-01   3.2664325e-04   0.0000000e+00
   9.3580000e+03   1.4249457e-04   1.0230104e-03   9.9883450e-01
   9.2760000e+03   9.6030935e-05   9.9747733e-01   2.4266349e-03
   9.2750000e+03   1.3051212e-03   2.4629769e-04   9.9844858e-01
   8.2720000e+03   8.3978557e-01   9.0414861e-02   6.9799572e-02
   9.3610000e+03   8.1775007e-01   7.5858917e-02   1.0639102e-01
   9.3920000e+03   3.4738618e-04   9.9950117e-01   1.5144324e-04
   9.3980000e+03   1.2588844e-03   5.9575005e-04   9.9814537e-01
   9.4390000e+03   5.5256845e-04   9.9893597e-01   5.1146626e-04
   9.3640000e+03   9.9901158e-01   7.2147612e-05   9.1626883e-04
   9.3620000e+03   3.9196664e-05   5.1438943e-04   9.9944641e-01
   9.4140000e+03   3.9883826e-02   9.4275291e-01   1.7363266e-02
   9.2850000e+03   9.9938176e-01   4.6438769e-04   1.5385195e-04
   9.2860000e+03   1.5192968e-04   6.8944884e-04   9.9915862e-01
   9.5450000e+03   2.9464455e-03   9.9515673e-03   9.8710199e-01
   9.3900000e+03   1.9519976e-15   9.9942327e-01   5.7672915e-04
   9.3890000e+03   5.2321879e-04   9.9934177e-01   1.3501454e-04
   9.5400000e+03   3.0277402e-03   0.0000000e+00   9.9697226e-01
   9.2870000e+03   2.9230345e-03   9.9662606e-01   4.5090175e-04
   8.2660000e+03   3.3056396e-03   9.9655761e-01   1.3674767e-04
   9.5440000e+03   1.4009358e-03   9.9851099e-01   8.8077019e-05
   9.3390000e+03   1.6795878e-03   8.5245929e-05   9.9823517e-01
   9.3020000e+03   1.0129972e-03   2.1582862e-16   9.9898700e-01
   9.6080000e+03   3.7554595e-15   9.9833687e-01   1.6631256e-03
   9.3150000e+03   2.3627714e-05   9.9911218e-01   8.6419404e-04
   9.3470000e+03   1.9094076e-04   5.7226406e-04   9.9923680e-01
   9.3490000e+03   3.9199621e-04   9.9881626e-01   7.9174713e-04
   9.5380000e+03   3.5196134e-04   1.5462064e-04   9.9949342e-01
   9.3180000e+03   5.0694470e-04   9.9941789e-01   7.5166526e-05
   9.4850000e+03   9.9951015e-01   2.8428967e-04   2.0555947e-04
   9.7330000e+03   2.1422256e-02   2.0006820e-03   9.7657706e-01
   9.6140000e+03   2.6496231e-03   1.8363411e-03   9.9551404e-01
   8.2940000e+03   9.9758705e-01   2.1508195e-03   2.6212974e-04
   9.6240000e+03   1.1700474e-03   5.8184559e-04   9.9824811e-01
   9.6160000e+03   6.0107288e-04   9.9880668e-01   5.9224514e-04
   9.6350000e+03   6.4595666e-04   9.9846843e-01   8.8561588e-04
   9.7200000e+03   7.6575112e-03   1.2788437e-01   8.6445812e-01
   9.6560000e+03   3.4522538e-02   9.2613620e-01   3.9341263e-02
   9.7240000e+03   1.5739557e-02   1.6568484e-02   9.6769196e-01
   9.6290000e+03   4.0025493e-04   2.3920404e-04   9.9936054e-01
