   4.8410000e+03   1.8615338e-02   9.0987617e-01   7.1508491e-02
   4.8420000e+03   9.9972609e-01   2.0035710e-04   7.3556531e-05
   4.6550000e+03   1.1625928e-04   9.9964984e-01   2.3389779e-04
   4.8400000e+03   4.7543042e-04   7.2988933e-05   9.9945158e-01
   4.9500000e+03   4.5874151e-04   4.3972505e-04   9.9910153e-01
   4.9340000e+03   4.3978495e-04   1.6950735e-04   9.9939071e-01
   3.9570000e+03   9.9980176e-01   1.9605185e-04   2.1893474e-06
   4.0280000e+03   1.8574583e-04   9.9962457e-01   1.8968754e-04
   4.6560000e+03   9.9865085e-01   8.7908686e-04   4.7006617e-04
   4.7500000e+03   4.1592047e-04   9.9870794e-01   8.7614039e-04
   4.6180000e+03   9.9896701e-01   7.6603732e-04   2.6695378e-04
   4.7260000e+03   9.9858351e-01   1.2292940e-03   1.8719342e-04
   4.6080000e+03   9.9881001e-01   1.1562075e-03   3.3782202e-05
   4.6580000e+03   1.3605804e-03   9.9861370e-01   2.5716310e-05
   4.7270000e+03   1.4917074e-05   1.3656316e-03   9.9861945e-01
   4.7370000e+03   1.1024585e-03   2.1681900e-04   9.9868072e-01
   4.6460000e+03   1.9941847e-01   7.7393268e-01   2.6648855e-02
   4.1060000e+03   9.9816661e-01   1.2622305e-03   5.7115844e-04
   4.6610000e+03   2.9688652e-05   9.9852658e-01   1.4437266e-03
   4.6090000e+03   8.1443234e-05   1.2720800e-03   9.9864648e-01
   4.5710000e+03   2.4600574e-04   1.2763528e-03   9.9847764e-01
   4.9280000e+03   3.3527643e-04   2.9205814e-04   9.9937267e-01
   4.9660000e+03   3.6869308e-04   3.0815003e-04   9.9932316e-01
   4.6640000e+03   3.5223023e-04   4.5817964e-04   9.9918959e-01
   4.7200000e+03   8.2215194e-04   9.9886638e-01   3.1146524e-04
   4.8220000e+03   3.9288173e-04   2.5575834e-04   9.9935136e-01
   4.6660000e+03   7.1086375e-04   9.9890061e-01   3.8852844e-04
   4.7330000e+03   3.8428981e-04   7.3189090e-04   9.9888382e-01
   4.9200000e+03   3.8508005e-04   2.9118240e-04   9.9932374e-01
   4.6070000e+03   9.9977980e-01   1.7840231e-04   4.1795239e-05
   4.7450000e+03   9.9974649e-01   1.8006377e-04   7.3447045e-05
   4.9100000e+03   1.1130394e-03   9.9865386e-01   2.3310464e-04
   4.5550000e+03   8.8417650e-02   2.0846572e-01   7.0311663e-01
   4.5570000e+03   5.6904632e-02   6.3806424e-01   3.0503113e-01
   4.6710000e+03   9.9957575e-01   5.5417950e-16   4.2424846e-04
   4.7800000e+03   2.7545978e-04   9.9965242e-01   7.2115920e-05
   4.6720000e+03   9.9926967e-01   4.1245257e-04   3.1787766e-04
   4.6010000e+03   4.0182978e-05   8.3303036e-04   9.9912679e-01
   4.7550000e+03   9.9913269e-01   2.8951644e-15   8.6730709e-04
   4.7250000e+03   2.0299531e-04   9.9920129e-01   5.9571033e-04
   4.9010000e+03   1.1155408e-03   9.9864060e-01   2.4385497e-04
   4.7590000e+03   1.7458595e-04   1.0366039e-03   9.9878881e-01
   4.6740000e+03   9.9866551e-01   7.8140208e-04   5.5308665e-04
   4.7840000e+03   9.9942005e-01   5.4321548e-04   3.6734858e-05
   4.7650000e+03   3.7538880e-02   1.1145106e-02   9.5131601e-01
   4.8000000e+03   3.2342312e-04   9.9965795e-01   1.8629416e-05
   4.7970000e+03   1.6407228e-05   9.9970880e-01   2.7479479e-04
   4.8040000e+03   3.1675347e-04   9.9957747e-01   1.0577375e-04
   4.0960000e+03   5.1061211e-05   2.3111475e-04   9.9971782e-01
   4.7920000e+03   7.0618669e-06   2.2034954e-04   9.9977259e-01
   4.6790000e+03   4.0903322e-05   3.1999999e-04   9.9963910e-01
   4.8060000e+03   1.8317141e-04   4.0802975e-04   9.9940880e-01
   4.9360000e+03   5.6564758e-04   9.9935232e-01   8.2030357e-05
   4.1110000e+03   4.0061270e-17   9.9953181e-01   4.6818700e-04
   4.9490000e+03   2.3328200e-04   6.2549422e-04   9.9914122e-01
   4.9310000e+03   9.9930412e-01   2.9495354e-04   4.0092191e-04
   4.9780000e+03   3.3540028e-04   9.9947862e-01   1.8598276e-04
   4.9380000e+03   4.2713260e-04   9.9957287e-01   2.6642924e-17
   4.9540000e+03   0.0000000e+00   4.0109417e-04   9.9959891e-01
   4.9530000e+03   9.9941392e-01   2.0934198e-05   5.6514210e-04
   4.8370000e+03   6.2269034e-05   9.9950048e-01   4.3725320e-04
   4.9430000e+03   6.7543282e-05   9.9949731e-01   4.3514677e-04
   4.9520000e+03   5.5749676e-16   9.9953865e-01   4.6135387e-04
   4.9440000e+03   9.9952504e-01   2.2787365e-04   2.4708855e-04
   4.9720000e+03   2.0316579e-04   9.9934271e-01   4.5412412e-04
   4.9240000e+03   9.9947659e-01   4.3544125e-04   8.7963798e-05
   4.9610000e+03   2.0316269e-04   9.9938164e-01   4.1519342e-04
   4.9180000e+03   9.9951414e-01   2.3984883e-04   2.4600650e-04
   4.9740000e+03   9.9952600e-01   1.3745797e-04   3.3653837e-04
   4.9460000e+03   4.2111439e-04   6.8750711e-05   9.9951013e-01
   4.9710000e+03   4.1532582e-04   3.8956472e-04   9.9919511e-01
   4.6810000e+03   9.9894722e-01   3.2474115e-04   7.2803902e-04
   4.9030000e+03   1.1626091e-03   9.9869978e-01   1.3761339e-04
   4.6210000e+03   9.9898894e-01   3.2586666e-04   6.8519175e-04
   4.7230000e+03   9.9910937e-01   3.5529447e-04   5.3533611e-04
   4.9050000e+03   9.1487336e-04   9.9886911e-01   2.1602120e-04
   4.7390000e+03   1.8187748e-04   9.9907228e-01   7.4584613e-04
   4.6830000e+03   1.7822356e-04   9.9914991e-01   6.7186895e-04
   4.1040000e+03   7.2841087e-05   9.9872175e-01   1.2054072e-03
   4.6420000e+03   1.3177973e-04   6.5307295e-04   9.9921515e-01
   4.9090000e+03   1.5217673e-02   9.8197572e-01   2.8066123e-03
   4.6840000e+03   1.3340163e-03   9.9862630e-01   3.9680549e-05
   4.6850000e+03   1.2526872e-15   9.9881258e-01   1.1874191e-03
   4.7190000e+03   9.9925683e-01   2.9356474e-04   4.4960394e-04
   4.6860000e+03   6.8341914e-04   9.9918380e-01   1.3277833e-04
   4.7340000e+03   8.4190562e-04   9.9893689e-01   2.2120057e-04
   4.6240000e+03   7.8402697e-04   9.9883244e-01   3.8353177e-04
   4.9230000e+03   4.3070486e-04   9.9954014e-01   2.9159760e-05
   4.8280000e+03   3.8071084e-04   3.0719633e-05   9.9958857e-01
   4.6880000e+03   4.2952142e-04   1.4368337e-04   9.9942680e-01
   4.9640000e+03   5.4682606e-04   9.9904904e-01   4.0413602e-04
   4.1070000e+03   2.6706398e-04   9.9922533e-01   5.0760655e-04
   4.8330000e+03   2.8030532e-04   9.9964179e-01   7.7908074e-05
   4.6910000e+03   3.5451263e-04   9.9960907e-01   3.6416396e-05
   4.9620000e+03   3.6716932e-04   9.9919186e-01   4.4096578e-04
   4.5620000e+03   9.9953604e-01   3.4254210e-04   1.2141766e-04
   4.8380000e+03   9.9962731e-01   2.2161348e-04   1.5107374e-04
   4.8880000e+03   2.0662717e-04   9.9965170e-01   1.4167615e-04
   4.1100000e+03   1.7310233e-04   9.9928372e-01   5.4317663e-04
   4.9770000e+03   5.0247820e-04   9.5251384e-05   9.9940227e-01
   4.8090000e+03   9.9958066e-01   1.8952322e-04   2.2981919e-04
   4.8360000e+03   5.1593958e-04   9.9948406e-01   2.4000323e-18
   4.8110000e+03   5.5204872e-05   7.6039177e-04   9.9918440e-01
   4.5730000e+03   1.4104302e-04   4.5454435e-04   9.9940441e-01
   4.8030000e+03   9.9962027e-01   9.5147691e-05   2.8458726e-04
   4.8460000e+03   1.4508744e-02   5.0528955e-01   4.8020171e-01
   4.8840000e+03   3.3235164e-05   9.9971559e-01   2.5117513e-04
   4.8430000e+03   6.1009688e-02   7.5495954e-01   1.8403077e-01
   4.8020000e+03   4.2551308e-02   6.9833083e-01   2.5911786e-01
   4.7990000e+03   9.9970026e-01   5.7904389e-06   2.9394987e-04
   4.6920000e+03   3.1283388e-04   9.9966115e-01   2.6013259e-05
   4.8450000e+03   3.7741467e-04   9.9958715e-01   3.5431104e-05
   4.5760000e+03   3.7201180e-04   9.9960888e-01   1.9103354e-05
   4.8490000e+03   2.8015510e-04   9.9970998e-01   9.8660596e-06
   4.5540000e+03   9.9974866e-01   2.4617108e-04   5.1658393e-06
   4.6940000e+03   9.9886031e-01   9.7268984e-04   1.6700355e-04
   4.6960000e+03   5.3308723e-05   9.9991529e-01   3.1401816e-05
   4.6980000e+03   1.3005891e-05   6.7212007e-04   9.9931487e-01
   4.6990000e+03   5.2959411e-04   1.7744410e-04   9.9929296e-01
   4.5930000e+03   9.9910622e-01   0.0000000e+00   8.9377606e-04
   4.6000000e+03   9.9916468e-01   8.3531538e-04   0.0000000e+00
   4.7560000e+03   9.9927356e-01   2.8978052e-04   4.3665477e-04
   4.7010000e+03   6.9663817e-04   4.3314172e-04   9.9887022e-01
   4.7020000e+03   9.9937390e-01   1.3694685e-04   4.8915028e-04
   4.1050000e+03   9.0063519e-04   9.9897830e-01   1.2106871e-04
   4.7700000e+03   9.9934138e-01   2.1754589e-04   4.4107014e-04
   4.7050000e+03   9.9969208e-01   1.5070038e-04   1.5721947e-04
   4.9160000e+03   3.0120367e-04   9.9957858e-01   1.2021850e-04
   4.5850000e+03   1.9109270e-04   1.7508965e-04   9.9963382e-01
   4.7900000e+03   1.9633049e-04   2.2424320e-05   9.9978125e-01
   4.7880000e+03   1.3467632e-04   1.3740437e-04   9.9972792e-01
   4.9140000e+03   4.8590775e-04   9.9936148e-01   1.5260984e-04
   4.9120000e+03   6.9883497e-04   9.9911117e-01   1.8999824e-04
   4.6230000e+03   1.7311466e-04   2.7236378e-04   9.9955452e-01
   4.0300000e+03   1.6045122e-04   9.9967465e-01   1.6490332e-04
   3.9810000e+03   1.9064110e-04   1.8330910e-04   9.9962605e-01
   4.6040000e+03   1.8289985e-04   9.9961154e-01   2.0555817e-04
   4.7470000e+03   9.9980415e-01   1.8747983e-04   8.3722186e-06
   4.0320000e+03   1.2057911e-04   9.9978961e-01   8.9808007e-05
   3.9830000e+03   1.3436894e-04   1.4183874e-04   9.9972379e-01
   3.9840000e+03   9.6184003e-05   9.9983770e-01   6.6112618e-05
   4.0210000e+03   4.2846635e-05   6.7966843e-05   9.9988919e-01
   3.9860000e+03   1.0000000e+00  -0.0000000e+00   0.0000000e+00
   4.7790000e+03   0.0000000e+00   8.4012932e-05   9.9991599e-01
   4.7650000e+03   3.1151634e-04   9.9898293e-01   7.0555644e-04
   4.6130000e+03   2.8095930e-01   1.9358101e-01   5.2545969e-01
   4.7160000e+03   2.2389455e-03   6.4341995e-01   3.5434111e-01
   4.6310000e+03   4.7555616e-05   9.9791432e-01   2.0381249e-03
   4.7680000e+03   5.8421254e-04   9.9867508e-01   7.4070833e-04
   4.6020000e+03   9.9916459e-01   3.0263763e-04   5.3277156e-04
   4.7520000e+03   9.9890240e-01   3.5278274e-04   7.4481735e-04
   4.7120000e+03   2.8368728e-05   9.9809485e-01   1.8767795e-03
   4.0990000e+03   9.9798909e-01   1.6186812e-03   3.9222548e-04
   4.5870000e+03   3.6988765e-01   1.3767334e-02   6.1634502e-01
   4.3500000e+03   4.1393304e-01   1.2193702e-01   4.6412994e-01
   4.7140000e+03   3.4415907e-05   9.9807130e-01   1.8942802e-03
   4.6330000e+03   2.1312903e-05   9.9814392e-01   1.8347689e-03
   4.7610000e+03   1.5456063e-03   2.5948545e-03   9.9585954e-01
   4.8650000e+03   4.3366493e-03   9.5102825e-01   4.4635099e-02
   4.5990000e+03   4.4880030e-01   7.5105278e-03   5.4368918e-01
   4.8570000e+03   9.2094130e-01   5.8480118e-02   2.0578584e-02
   4.8530000e+03   8.9032260e-01   7.2794077e-02   3.6883321e-02
   4.5940000e+03   5.5041020e-04   9.9869698e-01   7.5260962e-04
   4.7670000e+03   7.1764457e-04   7.1953237e-04   9.9856282e-01
   4.8930000e+03   8.5028702e-01   1.4141731e-01   8.2956720e-03
   4.9000000e+03   1.3044981e-03   9.9839558e-01   2.9991850e-04
   4.8190000e+03   4.6822680e-02   7.0320222e-03   9.4614530e-01
   4.8180000e+03   4.6518924e-04   5.8037549e-04   9.9895444e-01
   4.6440000e+03   4.5536272e-03   9.4330273e-01   5.2143647e-02
   4.8170000e+03   8.0535219e-04   1.5346392e-03   9.9766001e-01
   4.6800000e+03   1.5259451e-02   5.4825128e-01   4.3648927e-01
   4.8910000e+03   3.0359905e-04   9.8826097e-04   9.9870814e-01
   4.8930000e+03   1.1884063e-03   9.9846629e-01   3.4530205e-04
   4.8950000e+03   1.2936720e-03   9.9856155e-01   1.4477558e-04
   4.9090000e+03   1.1706700e-01   4.5569158e-01   4.2724141e-01
   4.9090000e+03   9.9874982e-01   5.3272486e-04   7.1745587e-04
   4.7480000e+03   4.6625536e-04   9.9937575e-01   1.5799194e-04
   4.7090000e+03   9.9950758e-01   2.0734600e-04   2.8507045e-04
   4.6510000e+03   1.0440084e-04   1.0818367e-03   9.9881376e-01
   4.7430000e+03   2.6362103e-04   6.1490232e-04   9.9912148e-01
   4.6530000e+03   5.2486388e-04   1.0805158e-03   9.9839462e-01
   4.7300000e+03   6.1985849e-04   9.9917775e-01   2.0239223e-04
   4.6680000e+03   2.3962450e-04   3.9205405e-04   9.9936832e-01
   4.7060000e+03   5.8349169e-04   9.9925518e-01   1.6132560e-04
   4.9590000e+03   8.2812004e-05   9.9941669e-01   5.0049987e-04
   4.0930000e+03   8.6139119e-05   9.9858783e-01   1.3260353e-03
   4.8730000e+03   1.1281979e-06   3.3071367e-03   9.9669174e-01
   4.8710000e+03   6.9629871e-05   2.6852864e-03   9.9724508e-01
   4.8810000e+03   7.0315309e-07   3.8118637e-03   9.9618743e-01
   4.4470000e+03   3.9462585e-03   2.6447441e-01   7.3157933e-01
   4.1210000e+03   8.5775216e-03   9.3456522e-01   5.6857259e-02
   4.8510000e+03   9.9880029e-01   7.1824970e-04   4.8146019e-04
   4.8550000e+03   9.9898275e-01   5.2867093e-04   4.8857592e-04
   4.8650000e+03   9.9839969e-01   1.2765426e-03   3.2376625e-04
   4.8690000e+03   1.2972668e-05   3.0611323e-03   9.9692590e-01
   4.1030000e+03   2.6664749e-04   3.0189571e-03   9.9671440e-01
   4.2210000e+03   2.3522295e-02   3.0159652e-02   9.4631805e-01
   4.2210000e+03   1.9208561e-04   9.9980112e-01   6.7894215e-06
   4.4070000e+03   9.9980815e-01   1.3550539e-04   5.6348014e-05
   4.1290000e+03   9.9978210e-01   1.4204156e-04   7.5862950e-05
   4.5040000e+03   2.2520025e-04   9.4537001e-05   9.9968026e-01
   4.5490000e+03   2.8256491e-04   9.4153885e-06   9.9970802e-01
   4.1720000e+03   9.9954532e-01   3.5092386e-04   1.0375278e-04
   4.0770000e+03   3.1011304e-06   2.1528524e-03   9.9784405e-01
   4.3180000e+03   1.2466871e-03   9.9844167e-01   3.1164494e-04
   4.2220000e+03   1.4037833e-03   9.9843952e-01   1.5669914e-04
   4.1960000e+03   9.9831343e-01   1.6865698e-03   3.8368472e-15
   4.2250000e+03   1.1102230e-16   1.3411743e-03   9.9865883e-01
   4.2810000e+03   9.9851760e-01   1.2329926e-04   1.3591053e-03
   4.1970000e+03   1.0136720e-04   1.4278593e-03   9.9847077e-01
   4.2920000e+03   1.3577041e-03   9.9863003e-01   1.2268344e-05
   4.2270000e+03   1.0716674e-01   1.3961491e-02   8.7887177e-01
   4.2790000e+03   9.9830716e-01   2.8373443e-04   1.4091100e-03
   4.1990000e+03   1.3019991e-04   1.5853915e-03   9.9828441e-01
   4.3060000e+03   1.3997893e-03   9.9847010e-01   1.3011011e-04
   4.2280000e+03   6.1548845e-04   9.9777339e-01   1.6111218e-03
   4.2310000e+03   9.2921243e-04   2.2425826e-04   9.9884653e-01
   4.2990000e+03   2.2256124e-04   9.9915689e-01   6.2054831e-04
   4.1900000e+03   9.9910867e-01   6.6031325e-04   2.3102030e-04
   4.2880000e+03   2.4046096e-04   9.9870764e-01   1.0518974e-03
   4.3930000e+03   2.3510180e-04   9.9930984e-01   4.5505725e-04
   4.1920000e+03   9.9923381e-01   5.8758758e-04   1.7860521e-04
   4.2840000e+03   2.3608114e-04   9.9895059e-01   8.1333359e-04
   4.2320000e+03   9.9926214e-01   4.9885248e-04   2.3900643e-04
   4.3080000e+03   2.5912653e-04   9.9940427e-01   3.3659998e-04
   4.2350000e+03   1.3962809e-04   9.9959613e-01   2.6424219e-04
   4.5200000e+03   2.0989916e-04   1.4378229e-04   9.9964632e-01
   4.1220000e+03   3.0154645e-01   6.7844803e-01   2.0005518e-02
   4.3270000e+03   2.1303939e-04   9.9961552e-01   1.7144445e-04
   4.3490000e+03   1.9218766e-04   9.9953557e-01   2.7223927e-04
   4.1680000e+03   9.4257170e-04   9.9877691e-01   2.8052109e-04
   4.3220000e+03   8.4632304e-04   9.9893128e-01   2.2240165e-04
   4.2380000e+03   9.3774823e-04   9.9886510e-01   1.9714994e-04
   4.3170000e+03   9.9897935e-01   2.6682069e-04   7.5382482e-04
   4.1940000e+03   9.9888234e-01   1.1123738e-03   5.2843510e-06
   4.3200000e+03   1.5180650e-04   9.9882734e-01   1.0208565e-03
   4.1780000e+03   3.8336644e-04   3.3289457e-04   9.9928374e-01
   4.2950000e+03   9.9944947e-01   3.1171286e-04   2.3881838e-04
   4.2420000e+03   8.9884897e-01   5.8712260e-03   9.5279809e-02
   4.3680000e+03   2.9897932e-04   2.4948828e-05   9.9967607e-01
   4.3720000e+03   1.5008163e-04   3.3076799e-04   9.9951915e-01
   4.0760000e+03   9.9918157e-01   1.3569708e-04   6.8272904e-04
   4.3600000e+03   5.1436349e-04   9.9933279e-01   1.5284543e-04
   4.2460000e+03   9.9959197e-01   1.9676008e-04   2.1127444e-04
   4.5070000e+03   2.6958202e-04   1.8340682e-04   9.9954701e-01
   4.0910000e+03   2.3480393e-05   1.8581505e-04   9.9979070e-01
   4.5260000e+03   1.8031049e-05   1.5143301e-04   9.9983054e-01
   4.0880000e+03   5.5541036e-05   1.4474792e-04   9.9979971e-01
   4.5180000e+03   2.6068414e-04   9.9951766e-01   2.2165170e-04
   4.0920000e+03   2.2204460e-16   2.8720480e-04   9.9971280e-01
   4.5250000e+03   3.6994286e-05   9.9976157e-01   2.0143993e-04
   4.5100000e+03   9.9974627e-01   8.2209740e-05   1.7152190e-04
   4.5230000e+03   2.2066646e-05   2.0774032e-04   9.9977019e-01
   4.5120000e+03   2.5854656e-05   1.6620033e-04   9.9980795e-01
   4.0730000e+03   7.7042671e-05   7.9757586e-05   9.9984320e-01
   4.5290000e+03   1.6071197e-04   2.8032547e-05   9.9981126e-01
   4.4930000e+03   3.6469423e-04   1.8958904e-04   9.9944572e-01
   4.5440000e+03   1.9406900e-04   9.9948599e-01   3.1994378e-04
   4.5140000e+03   6.7275610e-05   9.9969549e-01   2.3723351e-04
   4.5320000e+03   9.9979652e-01   1.7187961e-04   3.1597458e-05
   4.5170000e+03   4.4120631e-04   2.0747337e-04   9.9935132e-01
   4.5340000e+03   9.9950662e-01   3.2169095e-04   1.7168487e-04
   4.4910000e+03   6.6091075e-04   2.0558264e-04   9.9913351e-01
   4.5370000e+03   7.7231725e-04   1.8650502e-04   9.9904118e-01
   4.1770000e+03   1.6192685e-04   9.9846386e-01   1.3742134e-03
   4.1950000e+03   1.1391606e-04   1.5492454e-03   9.9833684e-01
   4.2470000e+03   2.0249707e-04   9.9792312e-01   1.8743867e-03
   4.3000000e+03   9.9894092e-01   8.7908381e-04   1.7999934e-04
   4.2500000e+03   3.3751657e-04   9.2723038e-04   9.9873525e-01
   4.3020000e+03   1.1465148e-04   1.0701909e-03   9.9881516e-01
   4.1840000e+03   1.1156483e-03   9.9865813e-01   2.2622461e-04
   4.2910000e+03   1.9252469e-04   1.0341321e-03   9.9877334e-01
   4.3050000e+03   9.1703632e-05   1.2676515e-03   9.9864064e-01
   4.4770000e+03   7.1339800e-03   9.1142919e-03   9.8375173e-01
   4.3800000e+03   2.4417238e-04   1.1717463e-03   9.9858408e-01
   4.1740000e+03   1.2924453e-03   9.9868717e-01   2.0388470e-05
   4.3880000e+03   9.9926065e-01   6.8189906e-04   5.7450099e-05
   4.2110000e+03   9.9916709e-01   1.7978472e-04   6.5312748e-04
   4.3870000e+03   1.3709194e-03   1.5723412e-04   9.9847185e-01
   4.2530000e+03   9.9912845e-01   7.7355378e-04   9.7994133e-05
   4.2560000e+03   4.6606526e-04   1.8727908e-04   9.9934666e-01
   4.3950000e+03   1.7322652e-04   9.9960436e-01   2.2241136e-04
   4.1350000e+03   2.1142609e-04   9.9942813e-01   3.6044828e-04
   4.3910000e+03   6.2652013e-04   2.0905746e-04   9.9916442e-01
   4.2580000e+03   2.2319891e-04   2.6191891e-05   9.9975061e-01
   4.3990000e+03   3.0279230e-05   9.9979080e-01   1.7892051e-04
   4.1320000e+03   8.9681086e-05   9.9964054e-01   2.6978170e-04
   4.3970000e+03   3.2100088e-04   1.1766480e-04   9.9956133e-01
   4.5460000e+03   1.6632529e-04   9.9981703e-01   1.6648196e-05
   4.4540000e+03   9.3133933e-05   7.3184228e-05   9.9983368e-01
   4.4000000e+03   4.2329193e-05   1.3120952e-04   9.9982646e-01
   4.0870000e+03   1.4809792e-04   0.0000000e+00   9.9985190e-01
   4.4950000e+03   9.9985629e-01   1.6671678e-05   1.2703494e-04
   4.0800000e+03   3.1730437e-04   3.3061961e-05   9.9964963e-01
   4.4040000e+03   1.3507742e-04   9.6545115e-05   9.9976838e-01
   4.0780000e+03   1.7925250e-04   7.0845978e-05   9.9974990e-01
   4.3780000e+03   1.3516778e-04   9.9958021e-01   2.8462273e-04
   4.3710000e+03   1.5602180e-04   3.5763678e-04   9.9948634e-01
   4.1270000e+03   1.2525150e-03   3.1511115e-03   9.9559637e-01
   4.4120000e+03   9.9979313e-01   1.6418417e-04   4.2683493e-05
   4.4100000e+03   5.5006443e-02   4.8040934e-01   4.6458422e-01
   4.3670000e+03   2.8624749e-04   3.5167413e-04   9.9936208e-01
   4.2600000e+03   2.4186487e-04   9.9974750e-01   1.0635176e-05
   4.4160000e+03   1.9063290e-04   9.9974269e-01   6.6674647e-05
   4.1430000e+03   2.9052067e-04   9.9966210e-01   4.7374759e-05
   4.4190000e+03   2.5576155e-04   2.6017513e-06   9.9974164e-01
   4.1440000e+03   2.7867104e-04   5.4879242e-05   9.9966645e-01
   4.3820000e+03   2.4166542e-05   9.9868216e-01   1.2936722e-03
   4.1650000e+03   3.0195784e-04   9.9923156e-01   4.6648250e-04
   4.3300000e+03   2.3939078e-04   7.3313617e-04   9.9902747e-01
   4.3310000e+03   8.9528500e-04   5.3932724e-05   9.9905078e-01
   4.3370000e+03   7.6810829e-04   9.9913054e-01   1.0134697e-04
   4.2660000e+03   1.8419510e-04   6.0531223e-04   9.9921049e-01
   4.3360000e+03   9.9915276e-01   2.6553941e-04   5.8170077e-04
   4.1610000e+03   9.9922213e-01   2.2247617e-04   5.5539701e-04
   4.1800000e+03   2.7550201e-04   3.5817707e-04   9.9936632e-01
   4.2680000e+03   7.4021907e-04   9.9920506e-01   5.4717830e-05
   4.3330000e+03   2.2220677e-04   5.5346874e-04   9.9922432e-01
   4.2710000e+03   4.3455802e-05   3.7802310e-04   9.9957852e-01
   4.4860000e+03   5.5511151e-16   3.1370167e-04   9.9968630e-01
   4.0830000e+03   2.6878714e-04   1.2748803e-04   9.9960372e-01
   4.3580000e+03   4.1783086e-04   9.9952647e-01   5.5695447e-05
   4.3560000e+03   3.7324517e-04   9.9962175e-01   5.0018687e-06
   4.3750000e+03   1.8046450e-04   9.9971657e-01   1.0296720e-04
   4.5010000e+03   9.9970388e-01   2.4760709e-04   4.8515349e-05
   4.2970000e+03   4.7170942e-04   7.6499816e-05   9.9945179e-01
   4.1710000e+03   4.1802136e-04   1.2736987e-04   9.9945461e-01
   4.3120000e+03   9.9954388e-01   3.4530779e-04   1.1081213e-04
   4.3150000e+03   5.8131546e-04   4.5565577e-04   9.9896303e-01
   4.2740000e+03   9.9950460e-01   1.1126545e-04   3.8413230e-04
   4.1570000e+03   4.2785550e-04   1.2465812e-04   9.9944749e-01
   4.3410000e+03   9.9947604e-01   3.7781664e-04   1.4614419e-04
   4.3440000e+03   1.4316162e-04   9.9956191e-01   2.9492872e-04
   4.1830000e+03   1.2048198e-04   9.9958137e-01   2.9814782e-04
   4.3470000e+03   9.9963092e-01   2.2903521e-04   1.4004522e-04
   4.3450000e+03   9.9929962e-01   5.8201400e-04   1.1836565e-04
   4.4300000e+03   1.7924198e-03   9.9802795e-01   1.7963165e-04
   4.6130000e+03   4.2627986e-03   1.0843236e-02   9.8489397e-01
   4.4460000e+03   2.8071609e-03   9.9715289e-01   3.9945296e-05
   4.4240000e+03   8.8939868e-04   9.9871667e-01   3.9393205e-04
   4.4560000e+03   1.0579374e-03   9.9852158e-01   4.2048513e-04
   4.4450000e+03   3.8724399e-04   9.9755290e-01   2.0598581e-03
   4.4340000e+03   2.3396964e-03   9.9762334e-01   3.6963660e-05
   4.4430000e+03   1.4621945e-04   9.9778973e-01   2.0640469e-03
   4.4360000e+03   2.6330899e-03   9.9729323e-01   7.3678778e-05
   4.4320000e+03   2.4985896e-03   9.9741655e-01   8.4858075e-05
   4.8630000e+03   9.9719428e-01   1.5470288e-03   1.2586932e-03
   4.4290000e+03   1.0098064e-04   9.6608799e-01   3.3811027e-02
   4.2940000e+03   1.1231474e-01   2.2270222e-01   6.6498304e-01
   4.1810000e+03   6.6731585e-01   7.5451717e-02   2.5723244e-01
   4.4210000e+03   1.0899011e-03   9.9873258e-01   1.7751897e-04
   4.4230000e+03   1.2707065e-03   9.9863893e-01   9.0366494e-05
   4.8780000e+03   2.7087128e-04   2.4235815e-03   9.9730555e-01
   4.8890000e+03   9.9916244e-01   1.0314856e-04   7.3441427e-04
   4.8820000e+03   9.9770907e-01   1.7349657e-03   5.5596362e-04
   4.4690000e+03   1.9434805e-01   7.9714768e-01   8.5042700e-03
   4.2060000e+03   9.9823685e-01   1.7081089e-03   5.5044620e-05
   4.2090000e+03   1.1402248e-02   1.5896816e-02   9.7270094e-01
   4.2070000e+03   9.9882061e-01   4.7555606e-04   7.0383076e-04
   4.2620000e+03   3.1157824e-02   9.5056625e-01   1.8275922e-02
   4.2010000e+03   2.1879337e-03   1.2700971e-03   9.9654197e-01
   4.4730000e+03   9.9869348e-01   1.0417564e-03   2.6476140e-04
   4.4750000e+03   9.9859436e-01   1.2840886e-03   1.2155284e-04
   4.2100000e+03   1.3562237e-03   1.6725727e-04   9.9847652e-01
   4.1370000e+03   6.4594761e-04   9.9859259e-01   7.6146513e-04
   4.1370000e+03   4.3578318e-01   9.9128554e-03   5.5430396e-01
   4.2140000e+03   2.6263145e-03   9.9661568e-01   7.5800758e-04
   4.2160000e+03   1.3684395e-03   9.9801966e-01   6.1189696e-04
   4.5390000e+03   9.9930710e-01   4.5003057e-05   6.4789397e-04
   4.2180000e+03   5.9813369e-04   9.9913815e-01   2.6371493e-04
   4.5020000e+03   4.8124592e-04   9.9922054e-01   2.9821276e-04
   4.4830000e+03   4.1009862e-04   1.2366220e-04   9.9946624e-01
   4.4810000e+03   3.4755544e-04   3.4979366e-04   9.9930265e-01
   4.4850000e+03   3.4910064e-04   1.4049397e-05   9.9963685e-01
   4.1130000e+03   4.8846881e-04   9.9927707e-01   2.3445927e-04
   4.5420000e+03   9.9977120e-01   1.0584695e-04   1.2295394e-04
   6.1460000e+03   4.5332963e-04   3.4744481e-04   9.9919923e-01
   6.2120000e+03   3.1295340e-04   9.9926935e-01   4.1769807e-04
   6.1650000e+03   3.5949611e-04   9.9932445e-01   3.1605400e-04
   6.1960000e+03   9.9961979e-01   6.7539829e-05   3.1267175e-04
   6.2000000e+03   5.1345960e-04   9.9926699e-01   2.1954969e-04
   6.1980000e+03   2.0800113e-04   9.9952318e-01   2.6882159e-04
   6.2170000e+03   9.9963530e-01   3.4983137e-04   1.4872772e-05
   6.1350000e+03   9.9934307e-01   7.7546083e-05   5.7937961e-04
   6.2150000e+03   5.5517535e-04   4.8204776e-04   9.9896278e-01
   6.1670000e+03   9.9965950e-01   1.4577689e-05   3.2592480e-04
   6.0640000e+03   6.1940890e-04   2.5006249e-05   9.9935558e-01
   6.1690000e+03   1.8622993e-04   5.3259886e-04   9.9928117e-01
   6.2110000e+03   9.9935324e-01   3.4781085e-04   2.9894503e-04
   6.1480000e+03   4.3311658e-04   9.9956501e-01   1.8712714e-06
   4.2360000e+03   4.0397450e-04   9.9936280e-01   2.3322540e-04
   4.2630000e+03   9.9935319e-01   3.8232640e-04   2.6447884e-04
   4.4710000e+03   9.9875753e-01   9.8520413e-04   2.5726980e-04
   4.4670000e+03   9.9865187e-01   7.7309637e-04   5.7503801e-04
   4.1860000e+03  -8.5651972e-17   9.9871749e-01   1.2825144e-03
   6.0880000e+03   4.8337349e-04   9.9901251e-01   5.0412015e-04
   6.0890000e+03   9.9885144e-01   1.1138549e-03   3.4701861e-05
   4.2860000e+03   9.9904149e-01   6.6762491e-04   2.9088694e-04
   6.1710000e+03   1.2556797e-03   9.9815143e-01   5.9288763e-04
   6.2240000e+03   5.6540063e-05   1.4181964e-03   9.9852526e-01
   4.1550000e+03   1.2994515e-04   1.0455708e-03   9.9882448e-01
   6.0920000e+03   1.4785852e-04   9.9934406e-01   5.0808565e-04
   6.2340000e+03   9.9933525e-01   3.0248162e-04   3.6226655e-04
   6.2680000e+03   7.6605389e-15   8.9409131e-04   9.9910591e-01
   6.1410000e+03   2.7556470e-04   1.9014297e-03   9.9782301e-01
   6.2350000e+03   1.5011865e-03   9.9802497e-01   4.7383903e-04
   6.1730000e+03   9.4961425e-04   9.9868225e-01   3.6813219e-04
   6.2060000e+03   6.1521587e-04   1.9468786e-03   9.9743791e-01
   6.2320000e+03   4.9964886e-04   5.7288008e-04   9.9892747e-01
   6.1760000e+03   9.9906900e-01   6.5064980e-04   2.8034952e-04
   6.0730000e+03   2.9661466e-02   3.9436198e-01   5.7597656e-01
   6.2600000e+03   9.3204415e-04   2.1064173e-02   9.7800378e-01
   4.2400000e+03   1.8796047e-02   2.0223734e-02   9.6098022e-01
   6.0720000e+03   3.9684391e-04   4.2922852e-04   9.9917393e-01
   6.1790000e+03   7.3681316e-05   9.9946900e-01   4.5732302e-04
   6.0700000e+03   7.6464242e-04   8.5955764e-04   9.9837580e-01
   6.1240000e+03   4.1584113e-04   4.1966026e-04   9.9916450e-01
   4.3520000e+03   2.8284901e-02   5.6945345e-01   4.0226165e-01
   4.3550000e+03   2.7216003e-04   9.9903672e-01   6.9112458e-04
   6.1440000e+03   1.8259313e-04   9.9973661e-01   8.0800526e-05
   6.2030000e+03   2.6410472e-04   5.9298629e-05   9.9967660e-01
   6.1340000e+03   3.0678867e-04   1.8844226e-04   9.9950477e-01
   6.2190000e+03   2.7118360e-04   1.5480318e-04   9.9957401e-01
   6.1830000e+03   5.3446414e-04   6.3755425e-04   9.9882798e-01
   4.4990000e+03   8.1800263e-04   3.2300058e-04   9.9885900e-01
   6.2430000e+03   8.7592514e-04   1.4111213e-04   9.9898296e-01
   6.2270000e+03   1.0142584e-03   8.8473965e-04   9.9810100e-01
   6.2470000e+03   3.1538709e-04   2.9100475e-04   9.9939361e-01
   6.2050000e+03   1.7723876e-04   5.4511487e-04   9.9927765e-01
   6.2640000e+03   4.4224093e-04   9.9945620e-01   1.0156289e-04
   6.2090000e+03   5.4395695e-04   1.0787992e-03   9.9837724e-01
   6.1280000e+03   9.9952711e-01   1.6625462e-04   3.0663138e-04
   6.2520000e+03   9.4148295e-04   9.9880849e-01   2.5002987e-04
   6.1840000e+03   7.9401426e-04   9.9873862e-01   4.6736724e-04
   6.2780000e+03   9.9942368e-01   3.5639143e-04   2.1992569e-04
   6.2910000e+03   4.8643748e-04   9.9922819e-01   2.8537034e-04
   6.2540000e+03   5.3568733e-05   9.9925088e-01   6.9555602e-04
   6.1890000e+03   4.3076893e-04   9.9943991e-01   1.2932469e-04
   4.3280000e+03   9.9920930e-01   5.9430281e-04   1.9639768e-04
   4.3290000e+03   4.2315810e-01   3.6545174e-02   5.4029672e-01
   4.0860000e+03   8.5001082e-01   7.8088207e-02   7.1900968e-02
   4.1580000e+03   6.4968971e-04   9.9811514e-01   1.2351725e-03
   6.1200000e+03   4.6543121e-04   9.9885676e-01   6.7781107e-04
   6.1120000e+03   2.8444914e-04   9.9857502e-01   1.1405308e-03
   6.0780000e+03   9.9882775e-01   8.5420852e-04   3.1804101e-04
   6.1090000e+03   5.3073333e-05   9.9852360e-01   1.4233311e-03
   6.1030000e+03   9.9853213e-01   1.3488209e-03   1.1904919e-04
   4.3390000e+03   4.0165563e-04   9.9833273e-01   1.2656097e-03
   6.0960000e+03   3.7282094e-04   9.9865158e-01   9.7559760e-04
   4.3250000e+03   2.7179702e-04   9.9864110e-01   1.0870988e-03
   4.1670000e+03   2.2159989e-04   9.9897562e-01   8.0278277e-04
   6.1130000e+03   4.0966654e-04   9.9911984e-01   4.7049788e-04
   6.0970000e+03   5.9073172e-04   9.9878065e-01   6.2861446e-04
   6.1010000e+03   3.2580992e-04   9.9919622e-01   4.7797094e-04
   6.1000000e+03   4.0754858e-04   9.9949346e-01   9.8993561e-05
   6.0630000e+03   1.3752873e-04   9.8051685e-04   9.9888195e-01
   6.2370000e+03   1.2035608e-04   5.7791285e-04   9.9930173e-01
   6.1390000e+03   1.4034328e-04   4.7229654e-04   9.9938736e-01
   6.1060000e+03   5.9776586e-04   9.9935768e-01   4.4555118e-05
   6.1170000e+03   6.7206661e-04   9.9905971e-01   2.6822103e-04
   6.2360000e+03   2.2282825e-04   9.9829244e-01   1.4847343e-03
   6.1420000e+03   1.4170403e-03   0.0000000e+00   9.9858296e-01
   6.2220000e+03   9.9953043e-01   5.3066058e-05   4.1650785e-04
   6.1310000e+03   6.1376509e-04   9.9846332e-01   9.2291855e-04
   6.2210000e+03   8.0492474e-04   5.7015985e-04   9.9862492e-01
   6.1920000e+03   9.9958217e-01   2.8834174e-05   3.8900082e-04
   6.2830000e+03   1.0536971e-02   6.4178031e-01   3.4768272e-01
   6.2850000e+03   1.1048017e-02   6.9805110e-01   2.9090088e-01
   6.2410000e+03   8.5831056e-01   1.1856840e-01   2.3121035e-02
   6.2890000e+03   6.3631653e-04   9.9902919e-01   3.3448930e-04
   6.2690000e+03   5.9174983e-04   4.8978387e-15   9.9940825e-01
   6.2670000e+03   8.5819449e-04   7.2745381e-04   9.9841435e-01
   6.1530000e+03   3.7408540e-02   9.5204576e-01   1.0545703e-02
   6.1530000e+03   9.9804414e-01   1.2376822e-03   7.1818262e-04
   6.0650000e+03   9.9738864e-01   1.7496341e-03   8.6173027e-04
   6.2760000e+03   9.9868037e-01   9.3027301e-05   1.2266024e-03
   6.1550000e+03   1.2409897e-01   8.7039367e-01   5.5073577e-03
   6.1550000e+03   9.9820487e-01   1.0680439e-03   7.2708581e-04
   6.1570000e+03   9.9863044e-01   7.3419688e-04   6.3536103e-04
   6.1940000e+03   9.9822487e-01   1.1809492e-03   5.9417588e-04
   6.1590000e+03   9.9879726e-01   6.6060059e-04   5.4214127e-04
   6.2290000e+03   9.9865074e-01   8.4074403e-04   5.0851633e-04
   6.1610000e+03   9.9882384e-01   7.0080867e-04   4.7535036e-04
   6.1870000e+03   4.9932111e-04   4.3442306e-04   9.9906626e-01
   6.1630000e+03   9.9887637e-01   6.6214868e-04   4.6147741e-04
   6.2400000e+03   9.9960242e-01   3.8016856e-04   1.7411691e-05
   6.1370000e+03   9.9918777e-01   3.9415026e-04   4.1808264e-04
   4.4590000e+03   1.4397037e-03   2.9756039e-04   9.9826274e-01
   4.4600000e+03   9.9854110e-01   1.1073247e-03   3.5157792e-04
   6.0760000e+03   7.7690105e-05   9.9827341e-01   1.6488952e-03
   6.0910000e+03   3.2796650e-02   9.6368075e-01   3.5225986e-03
   6.0810000e+03   5.7841170e-01   3.9536311e-01   2.6225189e-02
   6.0820000e+03   7.3876328e-04   4.6953703e-03   9.9456587e-01
   6.2750000e+03   3.2873630e-04   1.6983317e-03   9.9797293e-01
   6.0840000e+03   6.7549201e-04   4.4653758e-03   9.9485913e-01
   6.1490000e+03   1.0432071e-03   9.9852692e-01   4.2987446e-04
   6.0850000e+03   3.8442362e-03   9.9542470e-01   7.3105975e-04
   6.2510000e+03   9.9908804e-01   2.2428813e-04   6.8766929e-04
   4.5380000e+03   2.6948153e-05   9.9902636e-01   9.4668993e-04
   4.5410000e+03   2.9020858e-04   9.9955929e-01   1.5050378e-04
   6.2620000e+03   4.3182671e-04   5.0053810e-04   9.9906764e-01
   6.0680000e+03   2.6555525e-04   6.4900833e-04   9.9908544e-01
   4.4880000e+03   2.4145196e-04   9.9943014e-01   3.2840476e-04
   6.0660000e+03   9.9786799e-01   1.4733452e-03   6.5866961e-04
   6.5020000e+03   1.5220766e-03   5.1642423e-04   9.9796150e-01
   6.3690000e+03   9.9871123e-01   7.2146956e-04   5.6730054e-04
   6.4990000e+03   9.9912561e-01   4.6305914e-04   4.1132785e-04
   6.3280000e+03   9.9890654e-01   7.1246601e-04   3.8099420e-04
   6.4980000e+03   7.4498720e-04   4.2300201e-04   9.9883201e-01
   6.3710000e+03   9.9929929e-01   2.5897645e-04   4.4173000e-04
   6.3740000e+03   2.9744796e-04   1.3651126e-03   9.9833744e-01
   6.4890000e+03   3.4120742e-04   5.7443112e-04   9.9908436e-01
   6.3350000e+03   2.4935236e-04   1.1150034e-03   9.9863564e-01
   6.4860000e+03   2.3574016e-04   1.7948675e-03   9.9796939e-01
   6.3760000e+03   3.8129933e-04   2.3076485e-03   9.9731105e-01
   6.4830000e+03   3.3104413e-04   1.4499570e-03   9.9821900e-01
   6.3200000e+03   3.1187548e-04   9.9914486e-01   5.4326439e-04
   6.5430000e+03   3.5078455e-04   9.9928800e-01   3.6121766e-04
   6.3790000e+03   4.0068903e-04   9.9886955e-01   7.2976063e-04
   6.5160000e+03   9.9888713e-01   7.4587976e-04   3.6698858e-04
   6.5360000e+03   2.7282320e-04   9.9968392e-01   4.3260251e-05
   6.3810000e+03   2.5268123e-04   5.8637441e-05   9.9968868e-01
   6.5200000e+03   9.9962916e-01   1.2725771e-04   2.4357994e-04
   6.3180000e+03   1.6093954e-04   3.7882619e-05   9.9980118e-01
   6.3840000e+03   2.6661536e-04   3.2646204e-04   9.9940692e-01
   6.5340000e+03   6.0963275e-03   9.9153820e-01   2.3654679e-03
   6.5250000e+03   9.9981290e-01   7.6453148e-05   1.1064914e-04
   6.5240000e+03  -3.7350765e-17   9.9980341e-01   1.9659323e-04
   6.3860000e+03   3.2419027e-04   6.8599660e-04   9.9898981e-01
   6.5300000e+03   3.1707609e-04   3.8065308e-04   9.9930227e-01
   6.2940000e+03   2.3879172e-04   6.7535859e-04   9.9908585e-01
   6.5270000e+03   2.1812685e-04   8.3317213e-04   9.9894870e-01
   6.3880000e+03   3.6296298e-04   9.5034182e-04   9.9868670e-01
   6.3870000e+03   1.5543122e-15   3.0714262e-04   9.9969286e-01
   6.5970000e+03   9.8968754e-05   1.9531585e-04   9.9970572e-01
   6.5220000e+03   3.2859867e-04   9.9948636e-01   1.8503820e-04
   6.3890000e+03   3.8155655e-04   9.9922971e-01   3.8873180e-04
   6.5180000e+03   4.4755976e-04   9.9888554e-01   6.6689543e-04
   6.3910000e+03   4.8607441e-04   9.9844239e-01   1.0715388e-03
   6.4050000e+03   1.5621868e-04   6.7248717e-04   9.9917129e-01
   6.4770000e+03   7.6617137e-04   5.6811059e-04   9.9866572e-01
   6.4070000e+03   6.7728653e-04   6.8925225e-04   9.9863346e-01
   6.5600000e+03   5.9662678e-04   9.9940337e-01   0.0000000e+00
   6.6000000e+03   1.8635128e-04   2.8502188e-03   9.9696343e-01
   6.6170000e+03   9.7648760e-01   3.5104778e-03   2.0001921e-02
   6.4080000e+03   1.2944025e-03   9.9805764e-01   6.4795571e-04
   6.6010000e+03   2.4429958e-03   9.9711913e-01   4.3787865e-04
   6.5670000e+03   2.2708634e-03   9.9747179e-01   2.5734169e-04
   6.4090000e+03   2.6200648e-04   1.3573751e-03   9.9838062e-01
   6.4680000e+03   2.6015806e-04   1.3181149e-03   9.9842173e-01
   6.3460000e+03   2.0496844e-03   9.9772803e-01   2.2228876e-04
   6.5660000e+03   2.9549946e-04   2.6058862e-03   9.9709861e-01
   6.4110000e+03   2.9203966e-04   1.2304230e-03   9.9847754e-01
   6.5730000e+03   2.5697432e-04   1.3534521e-03   9.9838957e-01
   6.2920000e+03   2.2986361e-03   9.9743614e-01   2.6522391e-04
   6.5640000e+03   4.2175265e-04   8.7902139e-04   9.9869923e-01
   6.4130000e+03   4.1778101e-04   2.6401363e-04   9.9931821e-01
   6.5790000e+03   3.5289471e-04   7.4694918e-04   9.9890016e-01
   6.2930000e+03   3.4655615e-04   1.8589819e-03   9.9779446e-01
   6.5620000e+03   4.8372467e-04   3.6187568e-04   9.9915440e-01
   6.4160000e+03   1.6123636e-04   9.9950296e-01   3.3580106e-04
   6.5860000e+03   3.7209264e-04   9.9954765e-01   8.0259770e-05
   6.3060000e+03   4.8839570e-04   9.9909098e-01   4.2062087e-04
   6.4750000e+03   4.6064822e-04   4.6724947e-04   9.9907210e-01
   6.4170000e+03   1.3598740e-04   3.4066149e-04   9.9952335e-01
   6.5550000e+03   1.0703003e-04   3.5583940e-04   9.9953713e-01
   6.3410000e+03   4.4813171e-04   9.9945377e-01   9.8096837e-05
   6.2250000e+03   1.6268690e-03   1.8274349e-04   9.9819039e-01
   6.3440000e+03   1.2323270e-03   9.9840381e-01   3.6385807e-04
   6.5710000e+03   1.3480240e-03   9.9837032e-01   2.8165147e-04
   6.4190000e+03   1.2974959e-03   9.9843159e-01   2.7091871e-04
   6.4710000e+03   9.9859647e-01   1.6536938e-04   1.2381638e-03
   6.4450000e+03   9.9941437e-01   1.1922647e-04   4.6640074e-04
   6.3590000e+03   9.9943714e-01   1.2195239e-04   4.4091104e-04
   6.4950000e+03   9.9938069e-01   1.3076982e-04   4.8854369e-04
   6.3300000e+03   9.9929191e-01   2.3220583e-04   4.7588072e-04
   6.4940000e+03   6.2585625e-04   5.0782694e-04   9.9886632e-01
   6.4210000e+03   9.9940677e-01   2.6669713e-05   5.6656343e-04
   6.3170000e+03   4.1006732e-04   5.1005998e-04   9.9907987e-01
   6.5330000e+03   4.3295856e-04   5.8131791e-04   9.9898572e-01
   6.4230000e+03   6.6560653e-04   9.9883700e-01   4.9739817e-04
   6.5290000e+03   9.9940824e-01   4.3869791e-04   1.5306026e-04
   6.3530000e+03   5.4190469e-04   9.9915236e-01   3.0573999e-04
   6.4540000e+03   4.6427901e-04   7.0050029e-04   9.9883522e-01
   6.5450000e+03   2.2963444e-04   1.7776807e-04   9.9959260e-01
   6.3150000e+03   2.2204460e-16   4.0264311e-04   9.9959736e-01
   6.4250000e+03   1.5280203e-15   9.9958300e-01   4.1699752e-04
   6.4260000e+03   9.9951967e-01   2.0241747e-04   2.7791558e-04
   6.4590000e+03   4.5213410e-04   8.7896471e-05   9.9945997e-01
   6.3560000e+03   9.9952163e-01   1.7123644e-04   3.0712911e-04
   6.4280000e+03   5.0233825e-01   8.1955162e-02   4.1570659e-01
   6.5380000e+03   3.4924323e-05   3.4938404e-04   9.9961569e-01
   6.4270000e+03   4.0423622e-04   9.9920481e-01   3.9095608e-04
   6.5340000e+03   9.9978077e-01   1.0484938e-04   1.1438160e-04
   6.3550000e+03   3.7772970e-05   9.9976462e-01   1.9760366e-04
   6.4550000e+03   2.6409198e-04   9.9953715e-01   1.9875867e-04
   6.5410000e+03   9.9922803e-01   3.0021727e-04   4.7175635e-04
   6.3140000e+03   4.3983931e-04   9.9951758e-01   4.2582961e-05
   6.5400000e+03   4.9984446e-04   5.0658635e-04   9.9899357e-01
   6.4290000e+03   9.9926820e-01   1.7559076e-04   5.5621417e-04
   6.4410000e+03   1.9474371e-04   1.1516911e-04   9.9969009e-01
   6.3660000e+03   3.9702071e-04   9.9953191e-01   7.1068603e-05
   6.4570000e+03   9.9929550e-01   2.5497299e-04   4.4953094e-04
   6.3520000e+03   5.3736555e-04   9.9930591e-01   1.5672584e-04
   6.3570000e+03   5.2459604e-04   9.9914156e-01   3.3383940e-04
   6.4520000e+03   1.5281864e-04   4.1123132e-04   9.9943595e-01
   6.1250000e+03   9.9921323e-01   7.8677321e-04   0.0000000e+00
   6.4500000e+03   6.3344752e-06   1.1216047e-03   9.9887206e-01
   6.3330000e+03   4.1498426e-04   5.1394292e-04   9.9907107e-01
   6.4920000e+03   3.0807893e-04   8.4792514e-04   9.9884400e-01
   6.2960000e+03   1.0823700e-03   9.9862730e-01   2.9033491e-04
   6.5960000e+03   1.5992922e-04   7.2041079e-04   9.9911966e-01
   6.4880000e+03   9.9940174e-01   4.3666338e-04   1.6159510e-04
   6.3050000e+03   2.6495826e-04   1.2911312e-03   9.9844391e-01
   6.5770000e+03   1.1155479e-03   9.9857747e-01   3.0698186e-04
