   5.8100000e+02   4.5999095e-03   3.4697783e-01   6.4842226e-01
   2.5900000e+02   3.1012953e-04   1.9686869e-02   9.8000300e-01
   5.7600000e+02   9.5040937e-01   0.0000000e+00   4.9590633e-02
   5.9900000e+02   1.0007097e-02   5.2334769e-02   9.3765813e-01
   2.8000000e+02   3.8705939e-01   4.9038219e-01   1.2255842e-01
   6.0100000e+02   7.4503317e-02   7.9920136e-01   1.2629532e-01
   6.0000000e+00   2.6109171e-02   7.3760792e-02   9.0013004e-01
   7.8000000e+01   4.2228749e-02   9.3596001e-01   2.1811237e-02
   6.0000000e+00   6.0914591e-01   3.8856744e-01   2.2866523e-03
   9.0000000e+00   6.6328741e-01   9.6146229e-03   3.2709797e-01
   1.7400000e+02   9.2088652e-03   9.3520707e-01   5.5584062e-02
   6.8800000e+02   1.6923128e-01   8.1760641e-01   1.3162314e-02
   1.8000000e+01   7.6443386e-01   5.2902535e-02   1.8266360e-01
   1.0000000e+01   3.2207897e-01   1.2007940e-01   5.5784162e-01
   1.4000000e+01   1.3218487e-02   3.3771964e-01   6.4906187e-01
   2.8200000e+02   2.3692505e-01   3.2707342e-02   7.3036760e-01
   1.5000000e+01   9.4262904e-01   2.2500978e-02   3.4869979e-02
   1.5000000e+01   8.0716374e-03   2.1032224e-01   7.8160613e-01
   2.2000000e+01   2.2380880e-01   6.9698349e-02   7.0649285e-01
   2.1000000e+01   1.6287949e-02   2.1518544e-03   9.8156020e-01
   2.5000000e+01   1.5194275e-03   9.9379100e-01   4.6895739e-03
   2.3000000e+01   1.9719821e-03   9.9396063e-01   4.0673857e-03
   1.1960000e+03   9.8486604e-01   2.3261019e-03   1.2807861e-02
   2.7000000e+01   1.3967683e-03   3.0461168e-03   9.9555711e-01
   7.5900000e+02   8.8403470e-01   8.0099934e-02   3.5865362e-02
   3.1000000e+01   1.2672805e-02   3.1760754e-02   9.5556644e-01
   1.6083000e+04   6.0896303e-02   2.8084660e-02   9.1101904e-01
   2.0900000e+02   7.1429888e-02   6.8905854e-01   2.3951158e-01
   1.6079000e+04   1.5998809e-01   5.4029939e-02   7.8598197e-01
   3.6000000e+01   8.1077386e-01   1.3927204e-02   1.7529894e-01
   3.8000000e+01   9.9690261e-01   2.3639648e-03   7.3342466e-04
   3.8000000e+01   5.6147944e-03   8.3098733e-02   9.1128647e-01
   4.2000000e+01   9.7330613e-01   2.3306092e-02   3.3877810e-03
   4.5000000e+01   1.6909074e-01   2.0746240e-02   8.1016302e-01
   4.7000000e+01   3.4282289e-02   9.2419656e-01   4.1521151e-02
   8.4800000e+02   8.1912531e-01   7.6599639e-02   1.0427506e-01
   1.2000000e+02   9.1280564e-01   2.8234529e-02   5.8959836e-02
   5.0000000e+01   2.0980210e-03   7.5635820e-03   9.9033840e-01
   7.7300000e+02   1.2051927e-02   3.0155521e-02   9.5779255e-01
   3.0500000e+02   9.0043921e-02   4.0929723e-01   5.0065885e-01
   2.0100000e+02   9.1328302e-01   4.0481895e-02   4.6235081e-02
   1.9900000e+02   1.0428401e-02   8.7989846e-01   1.0967314e-01
   2.0400000e+02   1.6798402e-02   9.6030228e-01   2.2899322e-02
   6.1000000e+01   3.3671362e-01   4.0666254e-01   2.5662384e-01
   5.8000000e+01   3.2301330e-01   5.5519159e-01   1.2179511e-01
   2.2000000e+02   1.3017686e-01   3.2830495e-02   8.3699265e-01
   6.9000000e+01   4.3149095e-01   2.0576254e-01   3.6274651e-01
   2.5100000e+02   8.9759875e-03   8.7935517e-01   1.1166884e-01
   5.6000000e+01   1.2885344e-01   8.7315502e-02   7.8383106e-01
   5.5000000e+01   3.7350946e-03   9.3147841e-01   6.4786492e-02
   1.5500000e+02   1.7373496e-01   2.9792663e-01   5.2833841e-01
   6.4000000e+01   6.0390341e-01   1.4917983e-02   3.8117861e-01
   6.3000000e+01   4.9820525e-03   8.9671424e-01   9.8303709e-02
   3.0400000e+02   1.0436155e-02   9.2663453e-01   6.2929314e-02
   6.8000000e+01   2.1313748e-01   2.3055664e-01   5.5630588e-01
   7.4000000e+01   1.9943933e-01   7.3359303e-03   7.9322474e-01
   1.2800000e+02   1.8780840e-01   7.9994810e-01   1.2243503e-02
   1.3000000e+02   1.1071540e-01   6.1676163e-01   2.7252297e-01
   1.2900000e+02   2.3128612e-02   9.7488591e-01   1.9854794e-03
   1.3200000e+02   3.7805637e-02   1.0325484e-01   8.5893952e-01
   1.3900000e+02   7.8301492e-02   7.9809470e-01   1.2360380e-01
   7.9000000e+01   1.3963895e-03   7.8066888e-01   2.1793473e-01
   9.0000000e+01   4.4495799e-02   9.1901387e-01   3.6490335e-02
   8.3000000e+01   0.0000000e+00  -0.0000000e+00   1.0000000e+00
   8.2000000e+01   1.0000000e+00  -0.0000000e+00  -0.0000000e+00
   8.6000000e+01   0.0000000e+00   0.0000000e+00   1.0000000e+00
   8.8000000e+01   5.9975985e-02   9.2507007e-01   1.4953946e-02
   8.4000000e+01   0.0000000e+00   0.0000000e+00   1.0000000e+00
   8.6000000e+01   1.3314931e-01   5.8487742e-01   2.8197327e-01
   9.9000000e+01   9.0500134e-01   4.6284242e-02   4.8714418e-02
   9.3000000e+01   4.7969698e-02   4.7083212e-02   9.0494709e-01
   1.1900000e+02   9.1555446e-02   8.9443518e-01   1.4009378e-02
   1.0800000e+02   7.5364047e-02   8.8600545e-01   3.8630499e-02
   1.0300000e+02   6.6496698e-01   1.3036883e-01   2.0466419e-01
   1.9300000e+02   7.0781593e-01   6.5445101e-02   2.2673897e-01
   1.1400000e+02   8.9633110e-01   7.8840621e-02   2.4828281e-02
   1.1500000e+02   7.4813775e-02   5.0832842e-01   4.1685780e-01
   1.2700000e+02   2.2736467e-02   1.5628127e-02   9.6163541e-01
   1.2100000e+02   9.6627859e-01   2.1178253e-02   1.2543160e-02
   1.2200000e+02   3.7760649e-02   9.5497020e-01   7.2691543e-03
   1.2400000e+02   3.8386901e-04   1.0697448e-03   9.9854639e-01
   1.9800000e+02   5.7310611e-01   4.1978161e-01   7.1122864e-03
   2.0500000e+02   2.2998028e-02   6.5079291e-01   3.2620906e-01
   1.6070000e+04   6.0092107e-02   6.6199290e-01   2.7791499e-01
   1.4500000e+02   9.8800051e-03   9.8937732e-01   7.4267794e-04
   1.5800000e+02   2.4259149e-02   8.9292019e-04   9.7484793e-01
   1.4500000e+02   1.6243069e-03   5.9024884e-03   9.9247320e-01
   1.4400000e+02   9.7626647e-01   4.5364382e-03   1.9197090e-02
   1.4300000e+02   7.7879064e-03   2.2476945e-03   9.8996440e-01
   1.0330000e+03   9.8166917e-01   1.5454369e-02   2.8764600e-03
   1.5600000e+02   3.5166928e-03   9.9419044e-01   2.2928625e-03
   1.6200000e+02   1.6771027e-02   6.9236586e-03   9.7630531e-01
   5.4000000e+01   2.3105476e-02   4.9785042e-01   4.7904410e-01
   1.5600000e+02   4.9962101e-01   9.7219404e-02   4.0315959e-01
   1.0160000e+03   9.8767781e-01   2.5494062e-03   9.7727833e-03
   1.6600000e+02   6.9048318e-01   1.5268799e-01   1.5682883e-01
   1.6300000e+02   8.5647005e-01   9.6243564e-02   4.7286389e-02
   1.5700000e+02   5.1549576e-01   1.1375637e-01   3.7074787e-01
   1.7100000e+02   7.1980830e-01   2.7313429e-01   7.0574173e-03
   1.7300000e+02   4.9984963e-02   2.6633320e-01   6.8368183e-01
   1.8000000e+02   5.8114012e-02   2.0165308e-01   7.4023290e-01
   2.9800000e+02   3.1507778e-02   9.6608272e-02   8.7188395e-01
   1.7500000e+02   1.5145551e-02   4.9269955e-01   4.9215490e-01
   1.8300000e+02   8.0102343e-01   1.6325136e-01   3.5725204e-02
   1.7700000e+02   5.3614598e-01   4.3169064e-01   3.2163377e-02
   2.9200000e+02   1.4751961e-01   5.7346890e-01   2.7901148e-01
   1.8600000e+02   7.2421321e-01   4.8212856e-02   2.2757393e-01
   1.8500000e+02   1.1262884e-02   9.5618638e-01   3.2550735e-02
   1.8600000e+02   1.1406620e-01   7.3716570e-03   8.7856214e-01
   1.8500000e+02   9.6523406e-03   3.3224322e-01   6.5810444e-01
   1.9600000e+02   9.8996914e-01   3.5014249e-03   6.5294371e-03
   2.1200000e+02   7.8068299e-01   1.7808096e-01   4.1236049e-02
   2.1800000e+02   3.5053477e-01   8.6707424e-02   5.6275781e-01
   2.1600000e+02   6.0491187e-01   2.7497455e-02   3.6759068e-01
   2.5000000e+02   9.0498553e-01   7.7357203e-02   1.7657270e-02
   2.2600000e+02   3.6317808e-02   5.0675438e-02   9.1300675e-01
   2.2500000e+02   9.5613746e-01   2.5745561e-02   1.8116980e-02
   2.2800000e+02   1.2928527e-02   9.4419185e-01   4.2879619e-02
   2.4300000e+02   7.7338579e-01   1.6388574e-01   6.2728469e-02
   1.4200000e+02   9.8422131e-01   9.3267719e-03   6.4519212e-03
   2.2900000e+02   5.4282337e-01   1.9646186e-03   4.5521201e-01
   2.3300000e+02   9.9998946e-03   1.9747459e-01   7.9252552e-01
   2.2800000e+02   4.6038809e-02   1.5232869e-01   8.0163250e-01
   2.3400000e+02   5.9303512e-03   6.6731249e-01   3.2675716e-01
   2.3600000e+02   0.0000000e+00   1.0000000e+00  -0.0000000e+00
   2.4700000e+02   8.0016884e-03   4.3362775e-01   5.5837056e-01
   5.5500000e+02   8.7344698e-03   9.3671284e-01   5.4552692e-02
   2.4200000e+02   4.2494958e-02   6.9576377e-02   8.8792867e-01
   2.4400000e+02   2.5779380e-02   8.2947585e-03   9.6592586e-01
   1.6915000e+04   3.7940728e-03   9.6752059e-01   2.8685334e-02
   2.5100000e+02   5.0648553e-01   3.9087329e-01   1.0264118e-01
   2.5800000e+02   1.5361593e-01   2.1854380e-03   8.4419864e-01
   2.6500000e+02   1.5964589e-02   9.5723112e-01   2.6804295e-02
   2.6100000e+02   2.7194320e-03   6.2304480e-03   9.9105012e-01
   2.6900000e+02   3.6666022e-03   7.0991527e-03   9.8923425e-01
   6.0300000e+02   1.8427347e-02   9.7384829e-01   7.7243676e-03
   2.6700000e+02   1.6355831e-02   8.9736888e-01   8.6275289e-02
   2.6500000e+02   0.0000000e+00   5.0618037e-17   1.0000000e+00
   2.7200000e+02   4.5073436e-01   3.8893354e-01   1.6033211e-01
   6.0400000e+02   1.0915892e-02   9.8385180e-01   5.2323080e-03
   2.7700000e+02   6.6839100e-01   6.9820733e-02   2.6178826e-01
   2.7400000e+02   7.6867238e-02   7.9170062e-01   1.3143214e-01
   2.9500000e+02   2.8143566e-02   9.5517159e-01   1.6684841e-02
   2.9500000e+02   7.0114780e-01   5.1772976e-02   2.4707923e-01
   2.9000000e+02   8.6058383e-01   8.4102792e-02   5.5313375e-02
   3.0200000e+02   7.4188829e-02   4.7640305e-01   4.4940812e-01
   5.6000000e+01   7.6916415e-02   8.9972507e-01   2.3358518e-02
   6.3600000e+02   2.4257301e-01   1.4644839e-01   6.1097860e-01
   6.4800000e+02   3.6390526e-03   9.8720402e-01   9.1569294e-03
   6.4300000e+02   4.1905679e-02   1.2934692e-01   8.2874740e-01
   7.4700000e+02   7.3850115e-01   3.0217844e-02   2.3128100e-01
   6.8900000e+02   8.1866418e-02   6.9719070e-01   2.2094288e-01
   2.8200000e+02   1.0153247e-01   8.0208076e-01   9.6386769e-02
   1.2030000e+03   4.1184361e-03   8.4593800e-01   1.4994356e-01
   8.4800000e+02   6.7000214e-03   9.4211712e-01   5.1182860e-02
   7.6900000e+02   9.8412555e-04   2.9652817e-02   9.6936306e-01
   7.6400000e+02   1.3790528e-03   2.8339156e-01   7.1522939e-01
   4.3000000e+01   1.2372908e-02   9.8662501e-01   1.0020856e-03
   7.6400000e+02   9.1801049e-01   4.7541214e-02   3.4448301e-02
   8.4600000e+02   9.6217995e-02   7.9422455e-01   1.0955746e-01
   1.0110000e+03   2.5273828e-01   7.0759124e-01   3.9670481e-02
   7.6300000e+02   1.3810029e-01   1.6833420e-01   6.9356551e-01
   1.0060000e+03   9.6157012e-01   2.8353486e-02   1.0076396e-02
   7.0700000e+02   6.0179488e-02   1.1891554e-01   8.2090497e-01
   1.3270000e+03   9.9216031e-01   4.0072062e-03   3.8324818e-03
   7.1200000e+02   4.3101259e-01   4.1416273e-01   1.5482468e-01
   1.3310000e+03   5.5421290e-02   6.2929185e-01   3.1528686e-01
   1.3300000e+03   2.7797866e-02   4.5883822e-01   5.1336391e-01
   1.3300000e+03   6.7843977e-01   1.3675732e-01   1.8480290e-01
   1.3290000e+03   5.7955041e-01   3.6205165e-01   5.8397935e-02
   9.4600000e+02   5.5305701e-01   4.0135266e-01   4.5590331e-02
   7.2200000e+02   1.5640482e-01   1.3627214e-01   7.0732303e-01
   1.0940000e+03   5.2222724e-01   1.8759600e-01   2.9017676e-01
   6.6600000e+02   3.8001839e-01   3.4215501e-01   2.7782661e-01
   1.0530000e+03   2.1403772e-01   3.7290621e-01   4.1305607e-01
   6.5300000e+02   6.3162181e-02   5.7906476e-01   3.5777306e-01
   6.6200000e+02   1.5446931e-01   6.6117387e-01   1.8435682e-01
   7.3800000e+02   2.6767241e-02   9.3578652e-01   3.7446238e-02
   6.5500000e+02   8.0227117e-03   9.8919224e-01   2.7850530e-03
   6.5700000e+02   6.4188551e-01   1.5343164e-02   3.4277132e-01
   6.7700000e+02   9.9186546e-03   1.8007530e-01   8.1000604e-01
   7.3700000e+02   1.7469229e-01   6.1364000e-02   7.6394371e-01
   6.6300000e+02   6.2552308e-02   7.7558189e-03   9.2969187e-01
   6.6100000e+02   8.2008145e-01   1.0125966e-01   7.8658884e-02
   7.3500000e+02   3.6892081e-02   9.6106666e-01   2.0412577e-03
   1.1400000e+03   6.5470686e-02   9.1074132e-01   2.3787996e-02
   1.1300000e+03   1.0421573e-01   8.7667670e-01   1.9107567e-02
   7.4100000e+02   5.5447346e-01   1.2466304e-01   3.2086349e-01
   6.6700000e+02   4.7366716e-01   4.4865206e-03   5.2184632e-01
   1.2090000e+03   1.8295579e-02   5.8048540e-02   9.2365588e-01
   6.7000000e+02   8.3530956e-03   9.8634320e-01   5.3037053e-03
   6.7300000e+02   8.7510422e-01   6.1404029e-02   6.3491747e-02
   6.7200000e+02   1.4348729e-01   7.8179977e-01   7.4712938e-02
   6.7500000e+02   9.0602223e-02   7.0622227e-01   2.0317551e-01
   1.2120000e+03   1.8974081e-03   1.3539444e-01   8.6270815e-01
   6.7800000e+02   4.4887745e-02   9.5250836e-01   2.6038963e-03
   6.7800000e+02   2.0433610e-02   1.0604841e-01   8.7351798e-01
   1.2140000e+03   1.0124148e-01   8.5971901e-01   3.9039509e-02
   6.9400000e+02   9.8581493e-02   4.8288827e-01   4.1853024e-01
   6.8700000e+02   1.3007265e-01   7.1851718e-01   1.5141017e-01
   7.3900000e+02   2.9898242e-03   3.7425788e-02   9.5958439e-01
   7.3600000e+02   1.1184729e-02   9.4309320e-01   4.5722075e-02
   6.8900000e+02   6.9619016e-01   1.9109926e-01   1.1271058e-01
   6.9600000e+02   3.4551699e-02   1.8183920e-02   9.4726438e-01
   1.2410000e+03   7.6272938e-01   9.3315702e-02   1.4395492e-01
   1.2380000e+03   1.1857453e-01   8.6353858e-01   1.7886888e-02
   6.9200000e+02   0.0000000e+00   1.0000000e+00  -0.0000000e+00
   1.1790000e+03   1.3237788e-03   2.4391326e-02   9.7428489e-01
   6.9900000e+02   0.0000000e+00  -0.0000000e+00   1.0000000e+00
   1.1830000e+03   3.9589519e-02   9.2124116e-01   3.9169318e-02
   6.9800000e+02   0.0000000e+00   1.0000000e+00  -0.0000000e+00
   6.9900000e+02   0.0000000e+00   1.0000000e+00  -0.0000000e+00
   8.1600000e+02   8.0496853e-01   5.2757747e-02   1.4227372e-01
   8.4400000e+02   8.8105839e-01   9.9045498e-02   1.9896111e-02
   9.8800000e+02   8.2311026e-02   2.2100151e-02   8.9558882e-01
   9.6900000e+02   9.1560263e-01   1.6263561e-02   6.8133807e-02
   9.8200000e+02   2.8310328e-01   1.5616807e-02   7.0127992e-01
   7.0500000e+02   8.8509434e-01   2.2670569e-02   9.2235093e-02
   1.0050000e+03   2.2491905e-01   7.7455862e-01   5.2233387e-04
   9.0400000e+02   2.7314832e-01   2.3523039e-01   4.9162129e-01
   7.0600000e+02   5.8561667e-01   2.7880603e-01   1.3557730e-01
   7.0800000e+02   9.6827281e-01   2.8987661e-02   2.7395335e-03
   7.0900000e+02   3.4422919e-02   9.4345147e-01   2.2125612e-02
   7.1900000e+02   9.6460958e-01   7.5580405e-03   2.7832383e-02
   1.0090000e+03   9.7006059e-01   1.4791317e-02   1.5148095e-02
   7.2000000e+02   5.7263760e-01   1.9337775e-01   2.3398465e-01
   7.1800000e+02   9.3662852e-01   4.5931406e-02   1.7440075e-02
   1.0070000e+03   9.3988926e-01   2.0455035e-02   3.9655703e-02
   7.0200000e+02   5.8140041e-02   7.3107966e-01   2.1078030e-01
   7.5200000e+02   5.5750414e-02   6.0503911e-01   3.3921047e-01
   8.3400000e+02   3.5600177e-01   3.6820522e-01   2.7579301e-01
   7.8800000e+02   1.7238836e-02   2.0611661e-03   9.8070000e-01
   7.4400000e+02   6.8749544e-01   2.9129983e-01   2.1204722e-02
   8.3900000e+02   9.8758859e-01   1.4486468e-03   1.0962759e-02
   7.3200000e+02   6.0046101e-01   3.9725858e-01   2.2804078e-03
   7.3400000e+02   5.5886337e-01   2.3406661e-02   4.1772997e-01
   7.4600000e+02   3.7716960e-01   4.6762116e-02   5.7606828e-01
   7.3500000e+02   1.0000000e+00  -0.0000000e+00  -0.0000000e+00
   7.5100000e+02   8.1832404e-01   1.1406873e-01   6.7607226e-02
   7.5300000e+02   5.6973945e-01   1.6964075e-01   2.6061980e-01
   7.6100000e+02   7.3313816e-02   5.3648623e-01   3.9019995e-01
   7.6000000e+02   5.7282643e-01   1.6802586e-01   2.5914771e-01
   7.7100000e+02   5.5674911e-01   3.8776501e-01   5.5485877e-02
   7.6900000e+02   9.9692427e-01   2.8570814e-04   2.7900230e-03
   7.7700000e+02   1.9143690e-01   7.3863737e-01   6.9925736e-02
   7.7300000e+02   9.9904055e-01   2.2365359e-05   9.3708906e-04
   7.7500000e+02   1.4033076e-02   9.5463088e-03   9.7642062e-01
   7.8000000e+02   9.4908219e-01   1.1309238e-02   3.9608575e-02
   7.7500000e+02   0.0000000e+00   1.0000000e+00  -0.0000000e+00
   7.9700000e+02   6.7196435e-04   9.3401730e-01   6.5310732e-02
   9.1800000e+02   5.5583869e-01   4.2083616e-01   2.3325144e-02
   7.8400000e+02   7.0970242e-02   1.8340575e-03   9.2719570e-01
   9.1300000e+02   7.3253129e-01   2.5008468e-01   1.7384033e-02
   8.4000000e+02   1.0407192e-02   9.8144881e-01   8.1439998e-03
   7.9100000e+02   4.3738071e-01   9.4396558e-02   4.6822273e-01
   7.9000000e+02   1.7919763e-01   2.6459952e-02   7.9434242e-01
   7.8700000e+02   3.7269348e-01   2.8704956e-01   3.4025696e-01
   8.2500000e+02   6.4090107e-01   3.1422149e-01   4.4877441e-02
   7.9800000e+02   8.8172697e-01   7.3078678e-02   4.5194353e-02
   8.0000000e+02   9.6026368e-02   4.3108049e-02   8.6086558e-01
   8.1300000e+02   7.9132224e-02   1.1016796e-01   8.1069982e-01
   8.0300000e+02   9.1318635e-01   8.4979106e-02   1.8345458e-03
   8.0400000e+02   5.5056412e-01   3.4335752e-01   1.0607836e-01
   8.0800000e+02   6.9299802e-02   5.3771671e-01   3.9298349e-01
   8.5200000e+02   1.7637691e-01   1.1487499e-01   7.0874809e-01
   8.2100000e+02   5.7622228e-02   9.2607675e-01   1.6301026e-02
   8.1400000e+02   3.9791734e-02   6.1186815e-03   9.5408958e-01
   8.1500000e+02   3.2918597e-02   9.5716544e-01   9.9159646e-03
   8.1600000e+02   3.9448343e-02   9.4522989e-01   1.5321770e-02
   1.2580000e+03   8.4250528e-02   7.2283763e-01   1.9291184e-01
   1.2570000e+03   1.0341678e-01   2.8391994e-01   6.1266328e-01
   8.2200000e+02   8.0999020e-01   5.3225056e-03   1.8468729e-01
   8.2900000e+02   5.9273386e-01   5.5568949e-02   3.5169719e-01
   8.2300000e+02   6.5527497e-03   9.7783365e-01   1.5613604e-02
   8.3300000e+02   5.5611945e-01   1.5080395e-01   2.9307661e-01
   1.1850000e+03   1.5888691e-01   4.0939523e-01   4.3171786e-01
   8.8600000e+02   2.9516359e-02   5.0315056e-01   4.6733308e-01
   8.9600000e+02   1.5543187e-02   9.7621374e-01   8.2430686e-03
   8.8700000e+02   1.5131093e-02   6.2659919e-01   3.5826972e-01
   8.9100000e+02   2.9404291e-01   5.1823039e-02   6.5413405e-01
   8.5600000e+02   8.5702778e-02   2.3335574e-01   6.8094149e-01
   1.0620000e+03   9.4459257e-01   2.2706547e-02   3.2700886e-02
   1.0510000e+03   8.7211198e-02   7.6219330e-01   1.5059550e-01
   2.0490000e+03   7.9222493e-01   3.3339211e-02   1.7443586e-01
   8.7900000e+02   4.6941772e-02   7.8010542e-01   1.7295281e-01
   2.0460000e+03   1.1157351e-01   8.8556482e-01   2.8616653e-03
   8.6200000e+02   5.4951029e-01   2.2005052e-01   2.3043919e-01
   2.0720000e+03   2.0103385e-02   9.7186247e-01   8.0341471e-03
   8.8400000e+02   4.4515261e-01   5.5279176e-03   5.4931947e-01
   9.4300000e+02   1.9372095e-02   4.4555972e-01   5.3506819e-01
   9.3100000e+02   4.5898378e-01   2.2466582e-01   3.1635040e-01
   8.7200000e+02   3.8301661e-01   1.0952046e-02   6.0603134e-01
   8.5700000e+02   3.8058189e-02   8.4094414e-01   1.2099767e-01
   2.0420000e+03   5.4492838e-01   4.5603510e-03   4.5051127e-01
   8.7800000e+02   6.2063732e-02   5.1300044e-01   4.2493583e-01
   8.6800000e+02   8.2900742e-01   1.0733848e-01   6.3654101e-02
   8.9700000e+02   3.0453983e-02   6.8938233e-01   2.8016369e-01
   9.0200000e+02   2.3887431e-01   5.7445793e-01   1.8666776e-01
   1.0010000e+03   3.6163064e-01   6.2515059e-01   1.3218774e-02
   9.1000000e+02   6.4850228e-02   5.5258775e-01   3.8256202e-01
   9.0900000e+02   5.5172524e-02   6.3633777e-01   3.0848971e-01
   8.9200000e+02   5.3122801e-01   4.0918974e-01   5.9582243e-02
   9.2600000e+02   8.6722006e-01   5.2492402e-02   8.0287533e-02
   9.2700000e+02   9.5241070e-01   7.9505709e-03   3.9638730e-02
   1.0600000e+03   3.6447782e-02   9.4288265e-01   2.0669569e-02
   8.9000000e+02   9.9492149e-01   1.5364022e-04   4.9248669e-03
   9.3700000e+02   2.3786035e-02   9.6963688e-01   6.5770860e-03
   2.0600000e+03   3.7079529e-01   5.3743584e-01   9.1768862e-02
   9.3300000e+02   6.2310644e-01   1.3206938e-01   2.4482418e-01
   2.0530000e+03   5.3810232e-01   7.6613975e-02   3.8528371e-01
   9.4200000e+02   1.6808626e-01   7.8048231e-01   5.1431426e-02
   9.4000000e+02   1.2874348e-01   8.2898595e-01   4.2270561e-02
   9.7300000e+02   8.5180673e-02   3.1227904e-01   6.0254028e-01
   9.5500000e+02   6.5975005e-01   1.1378747e-01   2.2646249e-01
   9.4900000e+02   1.1851546e-01   7.4965720e-01   1.3182735e-01
   9.6000000e+02   8.5553734e-01   1.1040404e-02   1.3342225e-01
   9.6200000e+02   9.2115802e-01   6.6186935e-03   7.2223284e-02
   9.7000000e+02   4.6863092e-01   2.6042042e-01   2.7094865e-01
   1.0030000e+03   5.5330013e-01   2.5962947e-01   1.8707039e-01
   9.7500000e+02   1.8872580e-01   1.3045747e-01   6.8081673e-01
   9.9300000e+02   1.2943181e-02   9.8698377e-01   7.3050404e-05
   9.9200000e+02   3.7245453e-02   9.5757186e-01   5.1826914e-03
   9.8900000e+02   7.8558770e-03   9.8127028e-01   1.0873842e-02
   1.0080000e+03   9.7139958e-01   9.5987095e-03   1.9001712e-02
   9.9900000e+02   6.1056641e-01   3.6983777e-01   1.9595827e-02
   1.0110000e+03   4.3366966e-03   1.0608868e-01   8.8957462e-01
   1.0160000e+03   6.5239450e-03   7.5203072e-02   9.1827298e-01
   1.0330000e+03   5.0099868e-03   9.4918826e-01   4.5801755e-02
   1.0340000e+03   3.5147588e-03   9.8588397e-01   1.0601274e-02
   2.0870000e+03   1.8646428e-01   6.0698988e-02   7.5283673e-01
   1.0450000e+03   5.3927019e-01   3.4460567e-01   1.1612414e-01
   1.0420000e+03   3.7683447e-03   5.6079380e-03   9.9062372e-01
   1.0650000e+03   3.3590926e-02   9.5954721e-01   6.8618607e-03
   1.0550000e+03   4.9653611e-01   5.1405423e-02   4.5205847e-01
   1.0580000e+03   6.2550149e-02   1.1708088e-02   9.2574176e-01
   1.0570000e+03   3.3175667e-02   9.5023338e-01   1.6590954e-02
   1.0640000e+03   5.7156592e-01   3.0632810e-01   1.2210599e-01
   1.0780000e+03   7.1694878e-02   7.4968653e-03   9.2080826e-01
   1.0670000e+03   1.1102230e-16  -0.0000000e+00   1.0000000e+00
   1.1750000e+03   7.1192643e-01   5.3717863e-02   2.3435570e-01
   1.0850000e+03   1.8361566e-01   7.0636551e-01   1.1001883e-01
   1.0720000e+03   9.8853960e-01   2.2146141e-03   9.2457872e-03
   1.0760000e+03   1.2653736e-02   9.2948724e-01   5.7859026e-02
   1.0820000e+03   3.3716937e-01   6.4752623e-02   5.9807801e-01
   2.6820000e+03   3.2748382e-02   8.5364243e-02   8.8188738e-01
   1.0740000e+03   1.1501477e-03   3.1199770e-03   9.9572988e-01
   1.0920000e+03   3.0670171e-01   1.4199403e-01   5.5130426e-01
   1.0920000e+03   4.6997304e-02   9.2218406e-01   3.0818637e-02
   1.1010000e+03   6.2632004e-01   1.8041311e-01   1.9326685e-01
   1.0980000e+03   5.9491075e-01   1.0165357e-01   3.0343568e-01
   1.1000000e+03   9.8399356e-02   7.5872970e-01   1.4287095e-01
   1.1040000e+03   9.7462275e-01   5.8888434e-03   1.9488409e-02
   1.1080000e+03   9.8529337e-01   2.4544976e-03   1.2252133e-02
   1.1140000e+03   2.4293494e-02   4.0943452e-01   5.6627198e-01
   1.1150000e+03   1.3437441e-01   1.1279154e-02   8.5434643e-01
   1.1410000e+03   1.3706513e-02   2.9361424e-01   6.9267925e-01
   1.1240000e+03   3.1074726e-01   1.5412586e-01   5.3512688e-01
   1.1120000e+03   8.4979397e-01   1.1772344e-01   3.2482594e-02
   1.1220000e+03   7.0473575e-02   8.6901742e-01   6.0509002e-02
   1.1270000e+03   1.4899588e-02   9.7869003e-01   6.4103813e-03
   1.1230000e+03   3.6165697e-02   4.0249389e-02   9.2358491e-01
   1.1330000e+03   5.8734440e-03   1.0279617e-02   9.8384694e-01
   1.1340000e+03   9.8841409e-01   6.1408045e-03   5.4451090e-03
   1.1290000e+03   1.1625664e-02   9.4979255e-01   3.8581789e-02
   1.1520000e+03   1.2961542e-03   9.7607837e-01   2.2625480e-02
   1.1330000e+03   8.6915440e-01   9.0911190e-02   3.9934409e-02
   1.1440000e+03   5.4944888e-02   3.3803702e-03   9.4167474e-01
   1.1350000e+03   5.2917458e-02   7.5599324e-01   1.9108930e-01
   1.1350000e+03   1.0000000e+00  -0.0000000e+00  -0.0000000e+00
   1.1500000e+03   1.4616217e-02   1.2691521e-03   9.8411463e-01
   1.1630000e+03   9.6522580e-01   1.6107114e-02   1.8667082e-02
   1.1500000e+03   9.7024223e-01   2.2379427e-02   7.3783417e-03
   1.1550000e+03   2.9120115e-01   6.4296766e-02   6.4450209e-01
   1.1750000e+03   1.9199412e-01   4.4374343e-01   3.6426245e-01
   2.8940000e+03   2.6667663e-01   7.8587251e-02   6.5473612e-01
   1.1680000e+03   9.1686669e-01   2.9846082e-03   8.0148704e-02
   1.1820000e+03   1.7440672e-03   9.6707427e-01   3.1181668e-02
   1.1790000e+03   9.4077808e-01   3.6132836e-02   2.3089085e-02
   1.1580000e+03   3.1107033e-01   6.2052329e-01   6.8406374e-02
   1.1820000e+03   7.2223966e-03   5.4195644e-04   9.9223565e-01
   1.2260000e+03   2.0355154e-03   9.9146704e-01   6.4974424e-03
   1.2250000e+03   4.2377810e-03   9.7114556e-01   2.4616658e-02
   1.1910000e+03   8.8755913e-01   5.1901334e-02   6.0539541e-02
   1.1890000e+03   9.1063539e-01   4.0505835e-02   4.8858775e-02
   1.1910000e+03   4.5267249e-02   3.5114486e-01   6.0358789e-01
   1.1950000e+03   8.0116919e-01   1.7248829e-01   2.6342522e-02
   1.2210000e+03   9.2696133e-01   3.4342104e-02   3.8696568e-02
   1.2180000e+03   3.9004928e-03   9.8147044e-01   1.4629066e-02
   1.1990000e+03   4.1134155e-03   7.9912061e-01   1.9676597e-01
   1.1980000e+03   3.4099914e-01   6.4518865e-01   1.3812206e-02
   1.2080000e+03   5.1091566e-01   1.0050375e-01   3.8858059e-01
   1.2050000e+03   6.0187187e-01   1.8147212e-01   2.1665602e-01
   1.2370000e+03   9.1791172e-01   6.1878574e-03   7.5900426e-02
   1.2180000e+03   9.4493539e-01   3.8213994e-02   1.6850619e-02
   1.2170000e+03   1.1102230e-16   1.8302506e-17   1.0000000e+00
   1.2420000e+03   9.1054192e-01   1.4317489e-02   7.5140595e-02
   1.2220000e+03   8.1037863e-01   1.6860841e-01   2.1012957e-02
   1.2280000e+03   6.0943800e-02   5.1486518e-03   9.3390755e-01
   1.2350000e+03   0.0000000e+00   0.0000000e+00   1.0000000e+00
   1.2340000e+03   7.0747277e-02   1.8027754e-01   7.4897518e-01
   1.2320000e+03   1.0228300e-01   5.3004933e-02   8.4471207e-01
   1.2430000e+03   2.9293517e-02   6.6574306e-02   9.0413218e-01
   1.2440000e+03   8.8720668e-01   6.1945528e-02   5.0847791e-02
   1.2550000e+03   9.7706208e-01   1.6100449e-02   6.8374715e-03
   1.2530000e+03   7.1365597e-03   1.4660315e-02   9.7820313e-01
   9.6800000e+02   2.6237740e-01   1.7385701e-01   5.6376559e-01
   1.8750000e+03   9.2962949e-01   3.4763116e-02   3.5607393e-02
   2.7200000e+03   1.3191332e-01   7.2853980e-01   1.3954688e-01
   2.7250000e+03   5.8844882e-01   4.0457074e-01   6.9804408e-03
   4.0830000e+03   1.9833289e-01   7.6943098e-01   3.2236135e-02
   2.7350000e+03   7.8997798e-01   1.1183946e-01   9.8182562e-02
   1.9060000e+03   3.1865025e-01   5.7362335e-01   1.0772640e-01
   1.8890000e+03   5.4916966e-01   2.1402431e-01   2.3680603e-01
   1.9020000e+03   3.0915403e-01   2.1022346e-01   4.8062251e-01
   1.9040000e+03   5.6153478e-01   2.1191014e-01   2.2655508e-01
   1.8910000e+03   1.5063820e-01   4.2767503e-02   8.0659430e-01
   1.9090000e+03   1.4464463e-01   2.6129382e-01   5.9406155e-01
   2.4060000e+03   4.9131017e-01   1.1823603e-02   4.9686623e-01
   1.8940000e+03   1.1166557e-01   6.9914075e-03   8.8134302e-01
   1.8950000e+03   8.7635098e-01   4.1973322e-02   8.1675701e-02
   2.3910000e+03   3.9842517e-02   1.0576770e-02   9.4958071e-01
   1.8950000e+03   3.8781085e-02   9.1569601e-01   4.5522901e-02
   1.8960000e+03   1.2341334e-01   7.9188337e-02   7.9739832e-01
   1.8970000e+03   8.0323914e-01   8.2542486e-02   1.1421838e-01
   2.3960000e+03   1.0430435e-01   1.2965601e-01   7.6603964e-01
   1.9060000e+03   1.5120263e-02   2.8895082e-01   6.9592892e-01
   1.8990000e+03   7.0142835e-01   1.2175043e-01   1.7682122e-01
   2.3990000e+03   1.8715552e-01   6.3361263e-01   1.7923185e-01
   1.8910000e+03   3.3951330e-02   6.6698037e-01   2.9906830e-01
   2.4030000e+03   1.7584927e-01   2.2157756e-01   6.0257318e-01
   2.4110000e+03   7.8546899e-01   1.8720285e-01   2.7328164e-02
   2.4180000e+03   3.4016914e-02   7.9359411e-03   9.5804714e-01
   2.4200000e+03   1.3407407e-01   3.4495307e-01   5.2097286e-01
   2.3600000e+03   3.9481060e-01   2.3105796e-01   3.7413145e-01
   9.3090000e+03   7.8216888e-01   2.0710932e-01   1.0721798e-02
   2.1210000e+03   2.9486354e-01   6.2338751e-01   8.1748951e-02
   1.9790000e+03   2.6499792e-02   7.4755318e-01   2.2594703e-01
   2.1530000e+03   1.1847215e-01   4.9139567e-01   3.9013218e-01
   3.1110000e+03   1.0013278e-02   9.3367699e-01   5.6309731e-02
   3.1200000e+03   3.7181430e-01   2.0918226e-01   4.1900345e-01
   2.5290000e+03   3.6212056e-02   4.4785116e-01   5.1593678e-01
   3.4870000e+03   6.7280630e-03   9.7246811e-01   2.0803831e-02
   2.5470000e+03   1.0640348e-02   9.0479187e-01   8.4567779e-02
   2.5390000e+03   8.2608423e-02   1.8980156e-01   7.2759002e-01
   2.6550000e+03   1.9416683e-02   9.1787145e-01   6.2711864e-02
   1.9420000e+03   2.7741191e-01   2.8999102e-01   4.3259708e-01
   2.1490000e+03   3.2004371e-02   7.1271475e-01   2.5528088e-01
   2.1750000e+03   2.2596255e-02   9.3202846e-01   4.5375289e-02
   1.9430000e+03   1.3818830e-01   3.1636325e-01   5.4544845e-01
   2.0820000e+03   9.9699129e-03   9.8890891e-01   1.1211761e-03
   2.0710000e+03   9.8480930e-01   1.5190696e-02   0.0000000e+00
   2.0700000e+03   1.2597958e-01   6.3355127e-01   2.4046915e-01
   1.9450000e+03   3.0121143e-01   3.0905273e-03   6.9569804e-01
   1.9480000e+03   4.2129340e-01   4.5868604e-01   1.2002056e-01
   2.0870000e+03   3.0121080e-01   6.9356138e-01   5.2278276e-03
   2.0180000e+03   3.9897456e-01   3.9930005e-01   2.0172539e-01
   2.0830000e+03   3.8238957e-02   6.7132255e-01   2.9043849e-01
   1.9520000e+03   5.1302496e-01   2.7665895e-01   2.1031609e-01
   1.9500000e+03   9.2124458e-01   2.8082586e-02   5.0672837e-02
   1.9560000e+03   6.8991817e-01   3.0817967e-01   1.9021599e-03
   1.9550000e+03   5.6020251e-01   1.1550636e-01   3.2429113e-01
   2.8740000e+03   7.9358873e-02   6.1785817e-01   3.0278296e-01
   2.1900000e+03   9.2813272e-01   2.7758404e-02   4.4108877e-02
   1.9620000e+03   2.0606717e-03   1.2471710e-02   9.8546762e-01
   2.1910000e+03   9.6996278e-01   1.3921122e-02   1.6116094e-02
   1.9680000e+03   4.8001292e-03   9.8850859e-01   6.6912820e-03
   1.9630000e+03   2.1070516e-03   2.9831139e-02   9.6806181e-01
   1.9680000e+03   2.7693348e-01   6.0426852e-03   7.1702384e-01
   1.9690000e+03   4.3626476e-03   3.0830076e-02   9.6480728e-01
   1.9690000e+03   4.0870744e-02   9.0134002e-01   5.7789235e-02
   1.9690000e+03   9.8156003e-01   1.3776598e-02   4.6633742e-03
   2.2100000e+03   3.4694470e-17   9.6815848e-01   3.1841523e-02
   1.9730000e+03   4.0682699e-03   7.8734056e-03   9.8805832e-01
   2.0550000e+03   3.0100753e-02   6.9175473e-01   2.7814451e-01
   2.0500000e+03   5.4548012e-01   1.2377639e-01   3.3074349e-01
   2.0520000e+03   1.1503529e-02   9.8269546e-01   5.8010094e-03
   1.9850000e+03   1.7248350e-03   1.6127369e-03   9.9666243e-01
   1.9790000e+03   4.0791752e-01   2.1692736e-01   3.7515512e-01
   1.9920000e+03   7.9699313e-01   1.7249958e-01   3.0507288e-02
   1.9810000e+03   6.4900493e-01   2.9987112e-01   5.1123952e-02
   2.2040000e+03   4.0020414e-03   9.9069452e-01   5.3034409e-03
   2.1650000e+03   2.8053270e-02   1.9817358e-01   7.7377315e-01
   1.9720000e+03   2.3046828e-03   9.9382972e-01   3.8655973e-03
   1.9830000e+03   1.2439321e-03   9.9264381e-01   6.1122569e-03
   2.2070000e+03   4.2378401e-01   5.4630074e-01   2.9915250e-02
   1.9890000e+03   7.6582466e-03   6.7079090e-03   9.8563384e-01
   2.0050000e+03   4.3262554e-01   5.2995798e-01   3.7416480e-02
   2.1730000e+03   9.5831528e-01   1.1800723e-02   2.9883995e-02
   2.1240000e+03   7.0757997e-01   1.6084786e-01   1.3157218e-01
   2.5100000e+03   3.3380170e-01   2.4323496e-01   4.2296334e-01
   2.0080000e+03   6.4847537e-01   2.7361586e-02   3.2416305e-01
   2.1440000e+03   6.1664804e-02   4.5792625e-02   8.9254257e-01
   2.0280000e+03   2.1792895e-01   1.0327347e-02   7.7174370e-01
   2.5040000e+03   1.0369545e-02   1.3744716e-01   8.5218330e-01
   9.3840000e+03   1.8941480e-01   7.9955356e-01   1.1031644e-02
   2.0050000e+03   8.6208673e-02   1.4879345e-01   7.6499788e-01
   2.0030000e+03   3.4398449e-01   4.7221846e-01   1.8379705e-01
   2.0980000e+03   8.4738080e-01   1.0412497e-01   4.8494231e-02
   2.7540000e+03   3.0222369e-01   1.1205993e-01   5.8571638e-01
   2.5680000e+03   4.1287218e-01   8.2784908e-02   5.0434291e-01
   2.7520000e+03   2.7956765e-01   7.0762788e-01   1.2804473e-02
   2.7470000e+03   8.6091506e-01   6.9505705e-02   6.9579240e-02
   2.0080000e+03   9.1829184e-04   9.0152394e-01   9.7557767e-02
   2.7580000e+03   8.4081641e-01   1.1463974e-01   4.4543855e-02
   2.7490000e+03   1.7334022e-01   3.4138172e-01   4.8527806e-01
   2.4940000e+03   2.0588694e-01   4.2565352e-01   3.6845955e-01
   2.1190000e+03   5.1540670e-01   2.9951616e-02   4.5464168e-01
   2.8240000e+03   4.2138745e-01   3.6213418e-01   2.1647837e-01
   2.5850000e+03   2.2159478e-01   4.1326365e-01   3.6514157e-01
   2.0150000e+03   1.7824396e-01   5.5447796e-01   2.6727809e-01
   2.8320000e+03   2.3518473e-01   2.1012550e-01   5.5468977e-01
   2.6860000e+03   7.2243104e-01   3.9379999e-02   2.3818896e-01
   2.8360000e+03   3.8398412e-01   1.7012217e-02   5.9900366e-01
   2.6600000e+03   3.4511172e-01   4.8373422e-01   1.7115406e-01
   2.5260000e+03   5.5150607e-01   3.5675801e-01   9.1735927e-02
   2.5640000e+03   5.3749704e-01   3.3255290e-01   1.2995006e-01
   2.0260000e+03   2.5739939e-01   1.0934350e-02   7.3166626e-01
   2.7830000e+03   8.6426605e-01   7.6245549e-02   5.9488399e-02
   2.8050000e+03   2.0659069e-01   3.2106546e-01   4.7234385e-01
   2.0290000e+03   1.3243584e-01   3.7814934e-01   4.8941482e-01
   2.0320000e+03   4.9387767e-02   5.5046360e-01   4.0014864e-01
   2.5150000e+03   6.9054927e-02   1.7607662e-01   7.5486845e-01
   2.8010000e+03   5.2666786e-01   1.5457115e-01   3.1876099e-01
   2.8160000e+03   4.7838087e-01   3.5084415e-01   1.7077498e-01
   2.8030000e+03   2.0722269e-02   8.0266382e-02   8.9901135e-01
   2.7630000e+03   3.8989058e-01   3.7596971e-01   2.3413971e-01
   2.7450000e+03   5.3455203e-01   2.1533166e-01   2.5011631e-01
   2.0360000e+03   3.7683651e-01   3.3508502e-01   2.8807848e-01
   2.7410000e+03   1.3613623e-01   2.6730872e-02   8.3713290e-01
   2.0380000e+03   5.4777788e-01   3.9513264e-01   5.7089479e-02
   2.7600000e+03   1.9815865e-01   3.7414490e-01   4.2769645e-01
   2.7900000e+03   5.7594281e-01   1.4480027e-01   2.7925691e-01
   2.7720000e+03   4.0361114e-01   4.2455409e-01   1.7183477e-01
   2.7670000e+03   7.9541472e-01   1.1311071e-01   9.1474571e-02
   2.7660000e+03   8.1883522e-01   9.7830778e-03   1.7138170e-01
   2.0620000e+03   1.3331437e-01   1.6914475e-01   6.9754088e-01
   8.7600000e+02   7.7535851e-02   2.5579300e-01   6.6667115e-01
   8.6300000e+02   1.4924350e-02   9.7169865e-01   1.3376997e-02
   2.0610000e+03   3.3164143e-01   3.5680757e-01   3.1155100e-01
   2.0650000e+03   7.6523315e-02   8.7105109e-02   8.3637158e-01
   1.0380000e+03   1.0983036e-01   8.3633808e-01   5.3831561e-02
   1.0440000e+03   3.6074562e-01   4.3515358e-01   2.0410080e-01
   2.0690000e+03   5.0559216e-01   3.9402662e-01   1.0038122e-01
   2.0840000e+03   8.4784216e-01   5.4242121e-02   9.7915721e-02
   2.0760000e+03   2.9763822e-01   4.6311721e-01   2.3924457e-01
   2.0770000e+03   4.9171283e-01   1.4970354e-01   3.5858363e-01
   2.0740000e+03   1.7717443e-01   8.0329270e-01   1.9532866e-02
   2.0910000e+03   1.7820928e-01   7.3450249e-01   8.7288226e-02
   1.0430000e+03   2.4816147e-04   1.0099888e-02   9.8965195e-01
   2.4970000e+03   2.2664225e-02   1.5802515e-01   8.1931062e-01
   2.1440000e+03   2.2120713e-01   4.4684533e-01   3.3194754e-01
   2.1050000e+03   6.8524428e-01   1.1055348e-01   2.0420224e-01
   2.1070000e+03   9.5192515e-01   5.6791938e-03   4.2395654e-02
   2.1220000e+03   1.9640573e-01   2.4878604e-03   8.0110641e-01
   2.1160000e+03   5.6981129e-01   4.0118424e-01   2.9004471e-02
   2.1120000e+03   2.7750671e-01   1.5695524e-01   5.6553805e-01
   2.1160000e+03   1.6894887e-01   2.3179837e-01   5.9925276e-01
   2.1010000e+03   5.8786802e-02   3.6370859e-01   5.7750461e-01
   2.4900000e+03   7.5492524e-01   6.7684914e-03   2.3830626e-01
   2.4920000e+03   1.1058543e-01   1.9392043e-01   6.9549414e-01
   2.1400000e+03   1.5572702e-02   9.3373271e-01   5.0694589e-02
   2.1380000e+03   9.1071889e-01   8.0936563e-02   8.3445449e-03
   2.1100000e+03   6.2070597e-01   1.4449454e-01   2.3479949e-01
   2.1140000e+03   4.3485936e-01   2.7548291e-01   2.8965773e-01
   2.1270000e+03   1.7522754e-01   1.2224912e-01   7.0252335e-01
   2.1170000e+03   2.3311732e-02   2.6411353e-01   7.1257474e-01
   2.1340000e+03   6.2740842e-01   1.5122653e-01   2.2136505e-01
   2.1280000e+03   2.4055081e-01   2.5608336e-01   5.0336583e-01
   2.1560000e+03   1.3796071e-02   1.5391734e-02   9.7081220e-01
   2.2250000e+03   8.8659626e-01   8.1693710e-02   3.1710033e-02
   2.2310000e+03   6.5982031e-02   4.4483622e-01   4.8918175e-01
   2.2290000e+03   4.7014968e-01   3.5283904e-01   1.7701128e-01
   2.2300000e+03   1.4958890e-01   7.7935687e-01   7.1054235e-02
   2.1320000e+03   5.6845847e-02   4.1645543e-02   9.0150861e-01
   2.2440000e+03   1.3225864e-03   8.9877045e-01   9.9906965e-02
   9.0620000e+03   8.6587992e-01   3.3505090e-02   1.0061499e-01
   2.1480000e+03   3.1842501e-01   4.9629438e-01   1.8528061e-01
   2.1620000e+03   3.9024065e-02   5.1972048e-03   9.5577873e-01
   2.1540000e+03   1.3881632e-03   9.7825204e-01   2.0359796e-02
   2.4210000e+03   4.1477295e-01   4.7727256e-01   1.0795449e-01
   2.2240000e+03   8.6206799e-01   6.9248598e-02   6.8683414e-02
   2.1580000e+03   6.3759787e-01   1.2791851e-01   2.3448361e-01
   2.1610000e+03   2.7876135e-02   1.8863635e-01   7.8348752e-01
   2.2210000e+03   1.2032173e-03   9.9509646e-01   3.7003190e-03
   2.4500000e+03   1.8014736e-01   6.8980989e-01   1.3004275e-01
   2.1630000e+03   1.0000000e+00   0.0000000e+00  -0.0000000e+00
   2.1700000e+03   2.6798113e-01   2.7474936e-01   4.5726951e-01
   2.1660000e+03   3.6283765e-02   9.4327191e-01   2.0444330e-02
   2.3640000e+03   7.8712722e-02   2.3202975e-02   8.9808430e-01
   2.2270000e+03   2.9583672e-02   7.1956860e-02   8.9845947e-01
   2.1710000e+03   5.3187563e-02   1.8476441e-02   9.2833600e-01
   2.1770000e+03   9.6390523e-01   6.4540140e-03   2.9640757e-02
   2.1800000e+03   9.9842169e-01   1.5258380e-03   5.2472390e-05
   2.2650000e+03   2.0860428e-02   9.5888941e-01   2.0250165e-02
   2.4660000e+03   1.0756496e-02   9.7210255e-01   1.7140949e-02
   2.4260000e+03   1.8702637e-02   5.1968602e-03   9.7610050e-01
   2.4660000e+03   9.9562747e-01   2.4762199e-03   1.8963132e-03
   2.4740000e+03   1.9479653e-02   9.6754793e-01   1.2972418e-02
   2.4740000e+03   9.8495537e-01   1.0743045e-02   4.3015896e-03
   2.4720000e+03   1.2096341e-02   9.7269498e-01   1.5208678e-02
   2.4690000e+03   1.9177673e-02   4.7018891e-03   9.7612044e-01
   2.4560000e+03   2.0935421e-03   4.3834191e-02   9.5407227e-01
   2.4580000e+03   2.5516453e-02   9.7190008e-01   2.5834674e-03
   2.1970000e+03   9.8468005e-01   1.4324079e-02   9.9586846e-04
   2.1990000e+03   8.1102750e-03   9.2776429e-01   6.4125430e-02
   2.2010000e+03   1.0000000e+00  -0.0000000e+00  -0.0000000e+00
   2.2040000e+03   1.6632066e-02   1.0640413e-01   8.7696381e-01
   2.2090000e+03   9.8482418e-01   3.8232333e-03   1.1352584e-02
   2.2830000e+03   8.2802034e-01   5.9766519e-02   1.1221314e-01
   2.4330000e+03   8.8328536e-01   5.4229051e-02   6.2485591e-02
   2.2190000e+03   6.0372112e-03   1.8204286e-03   9.9214236e-01
   2.2210000e+03   8.7459887e-01   1.5744973e-02   1.0965616e-01
   2.2330000e+03   9.9198808e-01   1.8008315e-03   6.2110918e-03
   2.4360000e+03   5.8025013e-01   3.6396210e-01   5.5787771e-02
   2.4370000e+03   2.5226298e-02   9.7109730e-01   3.6764066e-03
