   1.0400000e+02   6.0601053e-01   3.5127885e-01   4.2710614e-02
   1.0200000e+02   5.2744592e-02   7.3279175e-01   2.1446366e-01
   3.1100000e+02   1.4162460e-01   6.1205495e-01   2.4632045e-01
   3.3900000e+02   6.4443616e-01   2.0364974e-02   3.3519887e-01
   1.1100000e+02   2.0647084e-02   9.7394544e-01   5.4074753e-03
   3.3800000e+02   3.7982779e-02   2.1572003e-01   7.4629719e-01
   1.4846000e+04   9.7274028e-01   2.2482844e-02   4.7768754e-03
   1.0500000e+02   2.4911314e-01   6.8042401e-01   7.0462850e-02
   1.4808000e+04   9.7020885e-01   2.2724068e-02   7.0670779e-03
   3.0000000e+00   9.9556427e-01   3.5747931e-03   8.6093298e-04
   2.4000000e+01   2.5919462e-02   2.1402589e-01   7.6005465e-01
   3.0800000e+02   2.0318461e-02   7.6342139e-01   2.1626015e-01
   5.3300000e+02   8.7285568e-01   1.1544535e-01   1.1698971e-02
   1.1400000e+02   2.3726701e-03   1.4177504e-01   8.5585229e-01
   1.0900000e+02   3.3963941e-03   9.9331715e-01   3.2864568e-03
   1.1300000e+02   3.1978949e-02   9.5829890e-01   9.7221473e-03
   1.1700000e+02   1.5208330e-02   7.5326616e-01   2.3152551e-01
   3.6500000e+02   1.1067825e-02   2.0511648e-03   9.8688101e-01
   3.6400000e+02   2.9451649e-03   3.8304782e-01   6.1400702e-01
   5.5100000e+02   9.9572855e-01   9.5665141e-04   3.3147998e-03
   5.4900000e+02   9.9622426e-01   1.3623552e-03   2.4133867e-03
   5.9100000e+02   1.7062750e-03   3.3424867e-03   9.9495124e-01
   1.2100000e+02   1.1074486e-03   2.8329173e-03   9.9605963e-01
   1.2300000e+02   1.5839377e-03   2.0859232e-03   9.9633014e-01
   1.1200000e+03   2.5381169e-03   8.9526383e-04   9.9656662e-01
   5.5500000e+02   9.9542028e-01   1.7425580e-03   2.8371652e-03
   2.9400000e+02   3.8400029e-01   6.0677731e-01   9.2223987e-03
   5.9200000e+02   7.7269550e-03   9.4412730e-01   4.8145743e-02
   5.6800000e+02   7.7584127e-01   7.4123038e-02   1.5003569e-01
   4.0000000e+00   9.8792656e-01   4.0611029e-03   8.0123396e-03
   5.8200000e+02   1.9633584e-03   6.8989683e-01   3.0813981e-01
   1.3000000e+02   6.3595188e-01   4.6753651e-03   3.5937276e-01
   1.3200000e+02   5.7411907e-01   8.0386752e-02   3.4549418e-01
   5.5800000e+02   7.6725632e-01   1.9581984e-02   2.1316170e-01
   3.2200000e+02   2.9167996e-02   9.6025833e-01   1.0573677e-02
   5.5700000e+02   1.2860895e-02   3.9460629e-02   9.4767848e-01
   5.5300000e+02   9.9408038e-01   3.1532581e-03   2.7663606e-03
   1.3700000e+02   8.9824595e-03   1.3145650e-01   8.5956104e-01
   4.6000000e+01   9.9914919e-03   8.8846098e-01   1.0154752e-01
   1.3800000e+02   1.6006138e-01   7.3258431e-02   7.6668019e-01
   1.4000000e+02   1.7476409e-01   6.5537867e-01   1.6985724e-01
   9.8000000e+02   6.2675424e-03   8.6063360e-01   1.3309885e-01
   1.2000000e+03   1.9398430e-03   4.6481343e-02   9.5157881e-01
   1.1800000e+03   6.5035741e-03   5.9663270e-02   9.3383316e-01
   1.4700000e+02   9.6567404e-03   5.3066746e-01   4.5967580e-01
   1.6300000e+02   1.1700763e-01   8.2633272e-01   5.6659657e-02
   1.0410000e+03   3.0050396e-02   9.6994960e-01   0.0000000e+00
   1.0440000e+03   1.1337525e-03   5.3995392e-01   4.5891232e-01
   1.4900000e+02   2.3606099e-02   7.8838194e-01   1.8801196e-01
   2.8000000e+02   1.9076798e-02   1.7931546e-01   8.0160775e-01
   9.4000000e+02   5.6252711e-03   9.2098858e-01   7.3386153e-02
   9.4100000e+02   1.0632483e-02   8.7114544e-01   1.1822207e-01
   1.5800000e+02   3.4558305e-03   9.9154884e-01   4.9953325e-03
   1.2010000e+03   8.3724521e-02   1.8653723e-02   8.9762176e-01
   9.8200000e+02   4.0632980e-03   9.9493237e-01   1.0043284e-03
   9.8500000e+02   1.5743599e-02   9.8157835e-01   2.6780542e-03
   2.7800000e+02   8.8437347e-01   4.4363668e-02   7.1262863e-02
   2.2300000e+02   2.0493587e-02   2.3305336e-01   7.4645305e-01
   4.4000000e+01   4.1396164e-02   8.7949742e-01   7.9106417e-02
   3.1600000e+02   5.8616717e-01   4.9726997e-02   3.6410583e-01
   3.1900000e+02   4.6637807e-02   3.2197791e-02   9.2116440e-01
   4.4900000e+02   6.1477467e-01   6.8433173e-03   3.7838201e-01
   5.8500000e+02   3.2259740e-01   5.4823451e-01   1.2916809e-01
   2.6400000e+02   1.5114353e-01   7.8409724e-01   6.4759233e-02
   1.1170000e+03   1.3086664e-01   1.7402959e-01   6.9510377e-01
   2.6700000e+02   9.7680147e-03   9.9009612e-01   1.3586892e-04
   2.7800000e+02   3.9566640e-02   5.8589401e-02   9.0184396e-01
   1.3180000e+03   4.1808434e-04   2.6681895e-02   9.7290002e-01
   1.9390000e+03   2.0236819e-01   4.1226279e-02   7.5640553e-01
   2.8300000e+02   5.1461611e-02   4.7435620e-01   4.7418219e-01
   2.8200000e+02   6.1595920e-01   3.8390397e-01   1.3683013e-04
   9.4900000e+02   5.4051827e-04   1.4540789e-03   9.9800540e-01
   1.1240000e+03   9.8102477e-01   1.0608051e-02   8.3671801e-03
   1.1250000e+03   9.3212603e-01   5.4135097e-02   1.3738876e-02
   3.0900000e+02   7.2729296e-01   2.6752242e-01   5.1846213e-03
   3.0100000e+02   1.0307388e-03   9.9477724e-01   4.1920260e-03
   3.0900000e+02   1.9236348e-01   8.0142937e-01   6.2071468e-03
   3.0600000e+02   7.6135640e-04   6.9044901e-01   3.0878964e-01
   3.0700000e+02   7.4044424e-01   2.5350911e-01   6.0466453e-03
   3.0700000e+02   2.2920775e-01   7.6864317e-01   2.1490811e-03
   3.1300000e+02   8.2758694e-01   4.9835202e-02   1.2257786e-01
   3.3200000e+02   3.5090894e-01   4.1942409e-01   2.2966697e-01
   1.3530000e+03   4.3984627e-01   1.3311000e-01   4.2704373e-01
   3.1700000e+02   1.5435448e-02   3.0588206e-01   6.7868249e-01
   7.9500000e+02   1.4164474e-02   1.3713267e-03   9.8446420e-01
   3.2400000e+02   2.9700816e-03   4.8005384e-01   5.1697608e-01
   8.0000000e+00   3.4647973e-02   8.9060572e-01   7.4746309e-02
   3.3300000e+02   7.5881884e-02   7.2638038e-01   1.9773774e-01
   3.3700000e+02   5.6472861e-02   4.3951297e-02   8.9957584e-01
   7.0000000e+00   1.1993518e-02   9.2526297e-01   6.2743510e-02
   1.3690000e+03   9.4011514e-01   2.5826469e-02   3.4058388e-02
   3.4800000e+02   6.3981098e-03   9.8922570e-01   4.3761919e-03
   3.3400000e+02   5.8380553e-03   9.9060514e-01   3.5568058e-03
   3.3600000e+02   5.0876375e-03   9.9440702e-01   5.0534167e-04
   3.3800000e+02   2.7503312e-02   7.4878524e-01   2.2371145e-01
   3.4200000e+02   7.5454648e-01   2.3254768e-01   1.2905839e-02
   3.4000000e+02   1.7533751e-03   7.3147200e-01   2.6677463e-01
   3.5600000e+02   7.0389404e-01   2.9057260e-01   5.5333603e-03
   3.5600000e+02   1.6814754e-03   9.9350437e-01   4.8141565e-03
   3.4200000e+02   2.5086433e-03   9.9293430e-01   4.5570535e-03
   3.6000000e+02   1.9753194e-03   9.9283414e-01   5.1905392e-03
   3.4600000e+02   6.0162928e-03   9.8955962e-01   4.4240892e-03
   3.6300000e+02   2.3685016e-01   1.3836580e-02   7.4931326e-01
   3.6300000e+02   9.9251799e-01   5.0473633e-03   2.4346486e-03
   3.5100000e+02   2.6442302e-03   9.9209294e-01   5.2628333e-03
   1.4000000e+01   4.4160106e-03   9.9400049e-01   1.5834967e-03
   3.5400000e+02   2.3266282e-03   9.9229190e-01   5.3814763e-03
   4.3200000e+02   1.0696165e-06   6.6272595e-03   9.9337167e-01
   3.5800000e+02   1.3406490e-03   9.9278203e-01   5.8773180e-03
   1.4000000e+01   9.5519573e-01   2.9806354e-02   1.4997911e-02
   3.6700000e+02   3.7581498e-04   9.9564061e-01   3.9835703e-03
   3.7000000e+02   1.9523821e-03   9.9452410e-01   3.5235148e-03
   5.3800000e+02   9.0600448e-03   6.0218828e-01   3.8875167e-01
   3.7100000e+02   9.1333007e-03   3.4364124e-01   6.4722546e-01
   5.3900000e+02   1.7370210e-03   9.9518215e-01   3.0808337e-03
   3.6800000e+02   1.3712327e-03   9.9428851e-01   4.3402569e-03
   3.8900000e+02   9.0344819e-03   1.5319819e-01   8.3776733e-01
   1.4280000e+03   1.6048871e-01   7.4534685e-01   9.4164443e-02
   3.9000000e+02   5.6790578e-03   9.9339763e-01   9.2330874e-04
   1.4290000e+03   3.8379249e-01   5.5706322e-01   5.9144288e-02
   3.9400000e+02   3.9914737e-04   6.3970167e-03   9.9320384e-01
   3.9600000e+02   9.9406531e-04   6.2412974e-03   9.9276464e-01
   4.0400000e+02   9.9548125e-01   2.6007426e-03   1.9180102e-03
   3.9800000e+02   4.3861369e-04   5.9235834e-03   9.9363780e-01
   4.0000000e+02   1.5514662e-03   5.6022291e-03   9.9284630e-01
   4.0200000e+02   9.9505665e-01   2.7501041e-03   2.1932506e-03
   5.4100000e+02   5.8993803e-03   6.6181967e-04   9.9343880e-01
   1.1000000e+01   3.2781555e-02   4.7188677e-01   4.9533168e-01
   4.2700000e+02   9.9552328e-01   2.7685201e-03   1.7082032e-03
   4.0600000e+02   9.9517064e-01   2.8547016e-03   1.9746588e-03
   4.0800000e+02   9.9502185e-01   3.2047343e-03   1.7734122e-03
   6.3800000e+02   2.4094609e-03   4.4492211e-03   9.9314132e-01
   6.5500000e+02   4.9584121e-03   9.9247169e-01   2.5699025e-03
   6.5900000e+02   5.2588236e-03   9.9177410e-01   2.9670806e-03
   4.6300000e+02   6.3466626e-01   1.2242694e-02   3.5309105e-01
   4.5200000e+02   9.9483770e-01   6.6206298e-04   4.5002365e-03
   4.1000000e+02   9.7437159e-03   9.5385768e-01   3.6398608e-02
   4.1200000e+02   9.5521211e-03   9.3780230e-01   5.2645575e-02
   4.1400000e+02   5.3139203e-03   9.4713186e-01   4.7554220e-02
   4.1600000e+02   4.9300001e-04   9.9299290e-01   6.5140959e-03
   4.3700000e+02   3.8044522e-04   9.9313134e-01   6.4882120e-03
   4.1900000e+02   1.3938083e-03   9.9159964e-01   7.0065522e-03
   4.4100000e+02   1.0291634e-03   9.9189029e-01   7.0805514e-03
   5.4300000e+02   4.8078851e-03   1.2226110e-03   9.9396950e-01
   4.2100000e+02   9.9600806e-01   3.1205176e-03   8.7141813e-04
   5.1600000e+02   3.7068110e-03   9.9450934e-01   1.7838486e-03
   5.1500000e+02   4.0898568e-03   9.9568608e-01   2.2406106e-04
   4.2500000e+02   9.9583798e-01   2.5554157e-03   1.6066085e-03
   5.0700000e+02   3.9958025e-03   9.9200243e-01   4.0017654e-03
   6.4200000e+02   2.2393442e-03   4.1491328e-03   9.9361152e-01
   4.2800000e+02   5.4381273e-05   6.2505985e-03   9.9369502e-01
   4.3500000e+02   5.5773003e-03   5.7290949e-05   9.9436541e-01
   5.4500000e+02   5.0462425e-03   8.8104177e-04   9.9407272e-01
   4.3400000e+02   4.7888252e-04   4.8452158e-03   9.9467590e-01
   4.3900000e+02   6.9131313e-04   9.9350008e-01   5.8086069e-03
   4.4300000e+02   1.1814618e-03   9.9245553e-01   6.3630080e-03
   8.0600000e+02   1.3186077e-02   3.6102486e-02   9.5071144e-01
   4.5700000e+02   9.9503096e-01   4.2225989e-03   7.4644182e-04
   4.8700000e+02   9.9470780e-01   3.5458781e-03   1.7463202e-03
   4.8800000e+02   4.0694221e-01   5.7134200e-01   2.1715794e-02
   4.6800000e+02   5.6697992e-01   4.1078218e-01   2.2237902e-02
   4.6000000e+02   5.5393798e-03   9.8922937e-01   5.2312482e-03
   1.8000000e+01   3.9295284e-01   5.6556968e-01   4.1477483e-02
   4.8100000e+02   4.2771114e-01   5.0030896e-01   7.1979902e-02
   1.0990000e+03   2.9426917e-02   6.9789096e-01   2.7268213e-01
   7.6000000e+02   9.9190833e-01   2.9903714e-03   5.1013019e-03
   6.8000000e+02   9.9442254e-01   2.7858366e-03   2.7916239e-03
   7.5900000e+02   9.9453956e-01   3.0383109e-03   2.4221317e-03
   7.6700000e+02   9.9287016e-01   5.0191582e-03   2.1106787e-03
   4.8000000e+02   4.3362874e-02   9.7266835e-02   8.5937029e-01
   4.8300000e+02   7.1772643e-03   7.1952736e-01   2.7329537e-01
   4.8500000e+02   1.3379358e-02   8.7186616e-01   1.1475448e-01
   6.5700000e+02   5.6316603e-03   9.9172888e-01   2.6394598e-03
   4.9100000e+02   9.9443650e-01   2.9866183e-03   2.5768799e-03
   6.6400000e+02   9.9411131e-01   2.3237082e-03   3.5649863e-03
   6.7800000e+02   9.9420038e-01   2.5461422e-03   3.2534753e-03
   5.3200000e+02   3.5268625e-02   9.1155472e-01   5.3176655e-02
   4.9400000e+02   4.0106156e-01   5.9575699e-01   3.1814518e-03
   4.9600000e+02   3.7367199e-01   6.1609385e-01   1.0234158e-02
   2.1000000e+01   1.6475170e-02   4.4130321e-02   9.3939451e-01
   5.1900000e+02   9.9535622e-01   3.1171435e-03   1.5266347e-03
   5.2100000e+02   9.9566719e-01   1.9003834e-03   2.4324269e-03
   6.7000000e+02   9.9583693e-01   1.8001845e-03   2.3628842e-03
   5.0300000e+02   2.8141954e-02   3.8437384e-01   5.8748421e-01
   6.7200000e+02   9.9592237e-01   1.7797625e-03   2.2978683e-03
   5.0500000e+02   4.0766346e-03   9.9408260e-01   1.8407690e-03
   5.1000000e+02   1.1551988e-02   3.3709934e-01   6.5134867e-01
   5.1200000e+02   5.1384600e-02   7.8011191e-01   1.6850349e-01
   5.0900000e+02   7.1635206e-04   3.3671057e-03   9.9591654e-01
   5.1700000e+02   8.2380213e-01   1.6494303e-02   1.5970356e-01
   2.2000000e+01   3.0954094e-03   2.4579416e-03   9.9444665e-01
   5.2300000e+02   9.9633471e-01   2.5920154e-03   1.0732733e-03
   5.2500000e+02   9.9595672e-01   2.2058945e-03   1.8373896e-03
   6.0100000e+02   9.9656312e-01   1.5929110e-03   1.8439698e-03
   6.1000000e+02   3.6530374e-01   8.5334651e-02   5.4936161e-01
   6.0900000e+02   2.5744674e-02   9.4518059e-01   2.9074738e-02
   5.2900000e+02   6.6114305e-04   4.7530342e-03   9.9458582e-01
   5.2900000e+02   9.8317662e-01   8.9571030e-04   1.5927669e-02
   5.3000000e+02   4.4741837e-02   5.5160229e-01   4.0365588e-01
   2.3000000e+01   7.0340377e-01   2.7077981e-01   2.5816418e-02
   5.3700000e+02   1.6402252e-03   9.9557751e-01   2.7822680e-03
   5.3600000e+02   3.3816236e-02   6.2433194e-01   3.4185183e-01
   2.7000000e+01   2.1794875e-03   2.9942928e-03   9.9482622e-01
   5.4700000e+02   4.7337963e-03   1.1172279e-03   9.9414898e-01
   5.4900000e+02   6.4880333e-03   8.9766558e-01   9.5846385e-02
   5.4800000e+02   8.5968439e-02   9.1279844e-01   1.2331241e-03
   5.5900000e+02   9.9405029e-01   3.4782536e-03   2.4714539e-03
   5.5900000e+02   1.7900713e-02   6.2155303e-01   3.6054626e-01
   8.1000000e+02   1.3905323e-03   9.9345153e-01   5.1579421e-03
   5.6100000e+02   2.3192514e-03   9.9243118e-01   5.2495698e-03
   8.7800000e+02   4.0282533e-02   3.0982702e-01   6.4989045e-01
   5.7300000e+02   5.4968365e-02   6.7311811e-01   2.7191352e-01
   5.7700000e+02   5.6242327e-02   4.9193456e-01   4.5182311e-01
   8.1700000e+02   1.5230232e-03   6.5389827e-03   9.9193799e-01
   8.1900000e+02   1.3292173e-03   5.8246892e-03   9.9284609e-01
   8.3000000e+02   1.1954904e-03   5.3102456e-03   9.9349426e-01
   8.0900000e+02   9.9439070e-01   1.3155325e-04   5.4777430e-03
   5.8700000e+02   2.9854460e-03   9.8624566e-01   1.0768892e-02
   5.9800000e+02   9.8985411e-01   9.1498859e-03   9.9600077e-04
   5.9000000e+02   4.6140916e-02   2.3980445e-01   7.1405464e-01
   5.9700000e+02   7.0289494e-02   7.0042857e-01   2.2928193e-01
   8.7200000e+02   3.9704644e-02   1.8589590e-01   7.7439946e-01
   8.7500000e+02   2.2642268e-03   2.5376758e-03   9.9519810e-01
   6.0300000e+02   9.9708050e-01   2.1682837e-03   7.5121731e-04
   6.0500000e+02   9.9685325e-01   1.9349608e-03   1.2117849e-03
   8.3800000e+02   3.3273497e-02   9.4945108e-01   1.7275423e-02
   8.3600000e+02   1.1431215e-02   9.7603781e-01   1.2530975e-02
   6.1300000e+02   3.6699693e-01   5.4845333e-01   8.4549740e-02
   6.1500000e+02   8.6958308e-01   7.5009256e-02   5.5407662e-02
   6.2800000e+02   7.6041271e-01   1.7317959e-01   6.6407693e-02
   6.3200000e+02   9.9641179e-01   2.3978778e-03   1.1903302e-03
   6.3000000e+02   9.9610477e-01   1.1788830e-03   2.7163448e-03
   4.8000000e+01   1.8210319e-03   9.9714096e-01   1.0380058e-03
   6.1800000e+02   9.9765163e-01   3.6226818e-04   1.9860974e-03
   6.1800000e+02   6.6100672e-02   1.9524844e-02   9.1437448e-01
   6.1800000e+02   3.0226154e-01   6.7888588e-01   1.8852582e-02
   6.3400000e+02   1.0874577e-02   2.8940389e-01   6.9972153e-01
   3.2000000e+01   2.2325131e-03   4.4138729e-03   9.9335361e-01
   3.0000000e+01   2.7991869e-03   2.5477969e-03   9.9465302e-01
   6.2200000e+02   2.4767087e-03   2.0902441e-03   9.9543305e-01
   6.2400000e+02   2.7587326e-03   1.5278339e-03   9.9571343e-01
   8.8200000e+02   2.2242526e-02   3.6719521e-02   9.4103795e-01
   6.2600000e+02   1.3115235e-01   8.3944659e-01   2.9401059e-02
   6.3400000e+02   9.9745413e-01   2.5458696e-03   2.6117939e-15
   6.3600000e+02   9.9655458e-01   1.8195714e-03   1.6258518e-03
   6.4000000e+02   2.0910808e-03   4.4663350e-03   9.9344258e-01
   6.4800000e+02   9.9550180e-01   1.8822670e-03   2.6159380e-03
   6.4400000e+02   1.9520761e-03   4.0979266e-03   9.9395000e-01
   6.4600000e+02   9.9590819e-01   1.8025813e-03   2.2892280e-03
   6.7600000e+02   9.9592817e-01   1.8632683e-03   2.2085599e-03
   6.5000000e+02   9.9584725e-01   1.8134317e-03   2.3393205e-03
   6.5200000e+02   9.9536838e-01   1.8165699e-03   2.8150476e-03
   8.8100000e+02   1.3937785e-03   2.7047424e-03   9.9590148e-01
   7.3500000e+02   1.9034546e-03   4.2662497e-03   9.9383030e-01
   7.3100000e+02   1.8747295e-03   4.7891363e-03   9.9333613e-01
   6.6200000e+02   9.9465897e-01   2.0722073e-03   3.2688234e-03
   6.5300000e+02   5.1992997e-03   9.9249843e-01   2.3022739e-03
   6.6600000e+02   9.9448555e-01   1.9395870e-03   3.5748677e-03
   6.6800000e+02   9.9394459e-01   2.1449829e-03   3.9104275e-03
   6.8600000e+02   9.9443285e-01   1.9742586e-03   3.5928892e-03
   6.8800000e+02   9.9386577e-01   2.1137216e-03   4.0205099e-03
   6.7400000e+02   9.9597251e-01   1.3057827e-03   2.7217045e-03
   8.8300000e+02   3.9874622e-03   9.9587365e-01   1.3889096e-04
   6.8200000e+02   9.9400090e-01   2.3436972e-03   3.6554072e-03
   6.8400000e+02   9.9416883e-01   2.5594924e-03   3.2716751e-03
   6.9500000e+02   6.2746288e-03   9.9141871e-01   2.3066596e-03
   6.9900000e+02   6.1391693e-03   9.9132951e-01   2.5313162e-03
   7.3300000e+02   2.0657959e-03   4.8824875e-03   9.9305172e-01
   6.9000000e+02   9.9436277e-01   2.0905155e-03   3.5467157e-03
   6.9200000e+02   9.9386076e-01   2.1708957e-03   3.9683481e-03
   7.2600000e+02   2.3058257e-03   2.6161564e-03   9.9507802e-01
   7.0700000e+02   2.2221746e-03   3.4102112e-03   9.9436761e-01
   7.0500000e+02   2.2819926e-03   3.9329147e-03   9.9378509e-01
   7.3900000e+02   6.5091746e-03   9.9108038e-01   2.4104479e-03
   6.9300000e+02   6.3611370e-03   9.9128925e-01   2.3496141e-03
   7.4300000e+02   6.7308569e-03   9.9061927e-01   2.6498735e-03
   6.9700000e+02   6.4121117e-03   9.9100694e-01   2.5809467e-03
   7.2000000e+02   9.9421299e-01   1.8383739e-03   3.9486328e-03
   7.1800000e+02   9.9480714e-01   1.9346169e-03   3.2582400e-03
   7.1200000e+02   9.9533644e-01   2.0439337e-03   2.6196214e-03
   7.0100000e+02   2.1787810e-03   3.9069769e-03   9.9391424e-01
   7.0300000e+02   2.1374606e-03   3.3297452e-03   9.9453279e-01
   7.2200000e+02   2.2332876e-03   2.6970111e-03   9.9506970e-01
   7.1000000e+02   9.9573262e-01   2.5334824e-03   1.7339008e-03
   3.3000000e+01   2.1072588e-03   2.7185490e-03   9.9517419e-01
   7.1400000e+02   9.9674605e-01   2.5479039e-03   7.0604226e-04
   7.1600000e+02   9.9569802e-01   1.2779749e-03   3.0240034e-03
   7.1700000e+02   6.5191967e-02   9.2305814e-01   1.1749891e-02
   7.5400000e+02   9.7207595e-04   8.7430006e-01   1.2472787e-01
   7.2400000e+02   2.4808409e-03   2.1366689e-03   9.9538249e-01
   7.2800000e+02   3.1078426e-03   1.2908862e-03   9.9560127e-01
   7.3400000e+02   9.9569428e-01   4.2791200e-03   2.6598960e-05
   7.5400000e+02   9.9350541e-01   1.8513610e-03   4.6432256e-03
   7.3700000e+02   6.7657097e-03   9.9090610e-01   2.3281855e-03
   7.5600000e+02   9.9261381e-01   1.9230042e-03   5.4631895e-03
   7.4100000e+02   7.0250348e-03   9.9045804e-01   2.5169264e-03
   7.4600000e+02   3.9751709e-03   6.3585010e-03   9.8966633e-01
   7.8700000e+02   9.9186710e-01   2.5381067e-03   5.5947892e-03
   8.9200000e+02   6.4991882e-01   3.1356712e-01   3.6514053e-02
   7.4700000e+02   2.7951235e-03   4.7806062e-03   9.9242427e-01
   8.9300000e+02   6.8323945e-01   2.7686427e-01   3.9896275e-02
   7.5100000e+02   2.9145527e-03   4.1561377e-03   9.9292931e-01
   7.5600000e+02   9.6301745e-03   8.2511919e-01   1.6525064e-01
   7.5700000e+02   9.9216214e-01   5.3827728e-04   7.2995855e-03
   7.6300000e+02   9.9424127e-01   2.7941768e-03   2.9645485e-03
   7.6500000e+02   9.9369783e-01   3.0016609e-03   3.3005076e-03
   7.7300000e+02   9.9388426e-01   2.7553883e-03   3.3603544e-03
   7.7500000e+02   9.9326982e-01   2.9418892e-03   3.7882872e-03
   7.7100000e+02   8.1568871e-02   2.4272314e-02   8.9415882e-01
   7.8200000e+02   6.6373068e-03   9.9026402e-01   3.0986743e-03
   7.7700000e+02   9.9344108e-01   2.8160640e-03   3.7428604e-03
   7.7900000e+02   9.9274903e-01   2.9855571e-03   4.2654099e-03
   7.8500000e+02   9.7717084e-03   1.6817879e-01   8.2204950e-01
   1.8190000e+03   2.2828565e-01   1.0946720e-02   7.6076763e-01
   7.9100000e+02   9.9145689e-01   1.6525300e-03   6.8905822e-03
   8.0400000e+02   1.8152569e-02   5.8672345e-01   3.9512398e-01
   8.0100000e+02   3.0080950e-03   7.1134266e-03   9.8987848e-01
   8.2100000e+02   2.6378210e-03   6.3915167e-03   9.9097066e-01
   8.3200000e+02   1.1215451e-03   4.6485705e-03   9.9422988e-01
   8.0800000e+02   2.1076890e-16   9.9491530e-01   5.0846988e-03
   8.4000000e+02   9.6895805e-04   2.5129435e-03   9.9651810e-01
   8.1200000e+02   4.2781299e-04   9.9521024e-01   4.3619446e-03
   8.2300000e+02   2.3940711e-03   5.7379955e-03   9.9186793e-01
   8.3400000e+02   2.3065393e-03   5.1991986e-03   9.9249426e-01
   8.2400000e+02   7.6552718e-01   1.7252410e-01   6.1948723e-02
   8.2400000e+02   2.5717905e-01   7.1046413e-01   3.2356814e-02
   8.7400000e+02   6.5787863e-02   2.1629270e-01   7.1791943e-01
   8.3500000e+02   2.0543544e-03   3.7977318e-03   9.9414791e-01
   8.4000000e+02   3.1637272e-02   6.7260109e-01   2.9576164e-01
   8.4300000e+02   5.0338320e-02   2.5528719e-01   6.9437449e-01
   8.4100000e+02   1.6510613e-01   7.7897096e-01   5.5922906e-02
   1.9330000e+03   4.8584624e-01   1.8071758e-02   4.9608201e-01
   9.0100000e+02   2.0976933e-01   7.3344627e-01   5.6784398e-02
   9.4600000e+02   3.6626109e-03   1.4489933e-03   9.9488840e-01
   9.2200000e+02   9.9550016e-01   4.4998397e-03   1.8342783e-15
   9.3900000e+02   4.6310752e-03   4.0555843e-03   9.9131334e-01
   9.2600000e+02   2.4152310e-04   4.7339143e-03   9.9502456e-01
   9.2600000e+02   3.0660395e-01   6.9270592e-01   6.9012963e-04
   9.3000000e+02   5.4810338e-01   4.4749398e-01   4.4026453e-03
   9.4000000e+02   2.9156912e-03   2.0094490e-01   7.9613941e-01
   9.3700000e+02   1.7805119e-02   4.2490196e-01   5.5729292e-01
   1.0180000e+03   4.7390865e-03   2.1563092e-03   9.9310460e-01
   1.0290000e+03   4.5939507e-03   2.0225000e-03   9.9338355e-01
   9.3800000e+02   1.4893183e-04   3.4804625e-03   9.9637061e-01
   9.5000000e+02   2.9573534e-03   1.0700811e-03   9.9597257e-01
   9.6500000e+02   9.9425146e-01   1.2019998e-03   4.5465402e-03
   9.5200000e+02   9.9483180e-01   1.4829560e-03   3.6852397e-03
   1.1270000e+03   5.2444913e-02   9.3247617e-01   1.5078915e-02
   1.1280000e+03   1.4394131e-02   9.3440068e-01   5.1205187e-02
   9.5800000e+02   2.0455392e-03   5.7932962e-03   9.9216116e-01
   9.5900000e+02   9.9347023e-01   6.3259988e-03   2.0377597e-04
   9.6300000e+02   9.9386110e-01   3.1526652e-03   2.9862384e-03
   9.7100000e+02   1.2323325e-02   2.5490681e-01   7.3276987e-01
   9.6300000e+02   5.3062018e-02   4.3826083e-01   5.0867715e-01
   9.6200000e+02   1.4392323e-01   8.3997042e-01   1.6106348e-02
   9.8000000e+02   4.3194185e-02   1.3380875e-02   9.4342494e-01
   9.7700000e+02   8.4593028e-01   1.1060314e-01   4.3466581e-02
   9.6800000e+02   3.0186369e-03   4.6270197e-03   9.9235434e-01
   9.7500000e+02   9.6368298e-01   2.6400277e-02   9.9167444e-03
   9.8400000e+02   2.2371196e-02   6.9885336e-01   2.7877544e-01
   9.8900000e+02   8.0544569e-02   3.7051341e-01   5.4894202e-01
   1.5329000e+04   5.1331622e-02   9.3286017e-01   1.5808204e-02
   9.9600000e+02   4.8450608e-03   6.0585983e-03   9.8909634e-01
   1.0080000e+03   2.3725481e-02   1.8543188e-01   7.9084264e-01
   1.0240000e+03   4.9185591e-03   6.2988901e-03   9.8878255e-01
   1.0200000e+03   4.3142012e-01   6.5694587e-02   5.0288529e-01
   1.0310000e+03   5.6752019e-01   6.4145812e-02   3.6833400e-01
   1.0260000e+03   1.9050734e-01   8.6335649e-02   7.2315701e-01
   1.0420000e+03   1.0253829e-02   9.5439210e-01   3.5354071e-02
   1.4792000e+04   1.7397415e-01   1.0431974e-01   7.2170611e-01
   1.0640000e+03   1.7998594e-03   1.0755183e-02   9.8744496e-01
   1.0660000e+03   3.4763979e-03   1.0619356e-02   9.8590425e-01
   1.1130000e+03   4.2605964e-03   9.6863011e-03   9.8605310e-01
   1.0720000e+03   1.4471374e-03   8.0467849e-03   9.9050608e-01
   1.0710000e+03   9.9077353e-01   8.8520319e-03   3.7443442e-04
   1.0730000e+03   9.9030641e-01   8.5086479e-03   1.1849416e-03
   1.0790000e+03   9.8998959e-01   8.0629241e-03   1.9474849e-03
   1.0840000e+03   3.7022985e-02   7.7523838e-01   1.8773864e-01
   1.0830000e+03   1.2087094e-01   8.7151663e-01   7.6124303e-03
   1.0850000e+03   1.1421947e-01   8.7471134e-01   1.1069190e-02
   1.0930000e+03   6.6073199e-02   6.6917191e-01   2.6475489e-01
   1.0970000e+03   3.3624320e-01   6.3748524e-01   2.6271566e-02
   1.1050000e+03   4.3034133e-03   1.1464936e-02   9.8423165e-01
   1.1070000e+03   3.3254206e-03   1.0557386e-02   9.8611719e-01
   1.1150000e+03   4.1878938e-03   1.1561785e-02   9.8425032e-01
   1.1220000e+03   1.0178943e-03   9.4581355e-01   5.3168558e-02
   1.1310000e+03   2.0761274e-03   3.1204353e-03   9.9480344e-01
   1.1420000e+03   3.7606535e-02   1.5860620e-01   8.0378726e-01
   1.3640000e+03   3.8758227e-01   6.1770882e-02   5.5064684e-01
   1.1400000e+03   7.2181637e-01   5.7360898e-02   2.2082273e-01
   1.1400000e+03   1.8835855e-02   8.4269170e-01   1.3847244e-01
   1.1390000e+03   2.8934572e-01   5.6052820e-01   1.5012608e-01
   1.1410000e+03   3.0901473e-01   9.4467381e-03   6.8153854e-01
   1.3780000e+03   7.4596730e-01   2.3505101e-01   1.8981681e-02
   1.3770000e+03   9.5760611e-01   1.1997208e-02   3.0396681e-02
   1.1560000e+03   7.8301495e-03   3.7341871e-01   6.1875114e-01
   1.3890000e+03   9.0951764e-02   2.0526723e-03   9.0699556e-01
   1.1470000e+03   6.4808653e-04   4.3435148e-01   5.6500043e-01
   1.3910000e+03   1.6325093e-02   3.9845370e-03   9.7969037e-01
   1.3430000e+03   6.5071233e-03   8.7251269e-01   1.2098019e-01
   1.1540000e+03   6.7161466e-03   2.9279432e-01   7.0048953e-01
   1.4020000e+03   6.8396427e-03   6.6922405e-01   3.2393630e-01
   1.2000000e+03   2.0704768e-02   9.5505499e-01   2.4240242e-02
   1.1800000e+03   6.7221638e-03   9.7502316e-01   1.8254671e-02
   1.1850000e+03   6.0535100e-01   9.8473013e-05   3.9455053e-01
   1.1840000e+03   7.9692283e-03   9.5101791e-02   8.9692898e-01
   1.1870000e+03   8.2289318e-01   2.1544524e-02   1.5556229e-01
   1.3190000e+03   5.3161865e-01   3.1152079e-02   4.3722927e-01
   1.9870000e+03   4.1167466e-03   8.0389776e-01   1.9198549e-01
   1.1990000e+03   7.4630103e-04   9.9526439e-01   3.9893057e-03
   1.9880000e+03   9.5182776e-01   3.7418372e-02   1.0753867e-02
   1.3510000e+03   5.0148942e-01   3.1744474e-01   1.8106584e-01
   1.9420000e+03   1.1993363e-02   8.8325949e-01   1.0474715e-01
   1.3710000e+03   6.7343330e-01   8.3347525e-02   2.4321918e-01
   1.3650000e+03   2.8064309e-02   4.2077853e-01   5.5115716e-01
   1.3660000e+03   2.2341004e-01   5.1530014e-01   2.6128982e-01
   1.3680000e+03   7.0341324e-02   8.4943088e-01   8.0227795e-02
   1.3700000e+03   4.5033552e-01   2.1553249e-01   3.3413199e-01
   1.3720000e+03   1.0000000e+00   0.0000000e+00  -0.0000000e+00
   1.3720000e+03   1.0718419e-02   1.4151127e-01   8.4777031e-01
   1.3720000e+03   0.0000000e+00   1.0000000e+00  -0.0000000e+00
   5.7000000e+01   1.9709965e-01   6.5603835e-01   1.4686200e-01
   5.7000000e+01   2.1677123e-03   2.0367410e-03   9.9579555e-01
   1.3760000e+03   1.3000504e-01   8.2551919e-01   4.4475774e-02
   1.3810000e+03   1.1138172e-01   2.7670873e-03   8.8585119e-01
   1.3990000e+03   8.8718017e-04   9.9808765e-01   1.0251725e-03
   1.4800000e+03   1.5941048e-04   9.9628420e-01   3.5563918e-03
   1.3830000e+03   1.8929289e-04   9.9873790e-01   1.0728104e-03
   1.3820000e+03   3.0762357e-03   9.9329093e-01   3.6328358e-03
   6.2000000e+01   5.1744209e-01   4.6522192e-01   1.7335986e-02
   1.3970000e+03   6.2065063e-01   2.0175637e-02   3.5917373e-01
   1.4690000e+03   9.9703372e-01   1.9485661e-03   1.0177172e-03
   1.4780000e+03   1.6994107e-03   9.9585770e-01   2.4428908e-03
   1.4080000e+03   2.7918210e-03   2.9466061e-04   9.9691352e-01
   6.3000000e+01   6.2452177e-02   7.6571275e-01   1.7183507e-01
   1.5800000e+03   9.9688255e-01   1.7898071e-03   1.3276472e-03
   1.4670000e+03   2.9112455e-02   8.1181359e-01   1.5907396e-01
   5.8000000e+01   5.9779783e-03   9.9246381e-01   1.5582122e-03
   1.4310000e+03   1.3566556e-02   7.6252306e-01   2.2391039e-01
   6.1000000e+01   5.0491683e-01   4.6722727e-01   2.7855895e-02
   1.4910000e+03   3.9645550e-03   2.2338214e-03   9.9380162e-01
   1.4440000e+03   6.3443322e-03   1.1289559e-03   9.9252671e-01
   1.4420000e+03   6.5760529e-03   1.7305676e-03   9.9169338e-01
   1.6950000e+03   2.5953081e-03   9.9412896e-01   3.2757312e-03
   1.4460000e+03   5.9069147e-03   2.4260643e-03   9.9166702e-01
   1.6970000e+03   3.4807103e-03   9.9465215e-01   1.8671439e-03
   1.4930000e+03   4.8711677e-03   3.3028996e-03   9.9182593e-01
   1.5240000e+03   4.8257571e-03   3.9640760e-03   9.9121017e-01
   1.5030000e+03   3.0889881e-02   5.7635908e-01   3.9275104e-01
   6.8000000e+01   1.0034610e-03   9.1906701e-03   9.8980587e-01
   1.4950000e+03   5.6752795e-01   6.6368633e-03   4.2583519e-01
   1.4470000e+03   9.8171665e-03   9.6405265e-01   2.6130186e-02
   1.4490000e+03   1.2078839e-02   9.6225840e-01   2.5662764e-02
   1.4510000e+03   5.2067649e-03   9.8902951e-01   5.7637214e-03
   1.4530000e+03   3.7924605e-03   9.9287308e-01   3.3344606e-03
   1.4540000e+03   3.5310964e-03   9.9355832e-01   2.9105838e-03
   1.4560000e+03   2.6116236e-03   9.9258285e-01   4.8055244e-03
   1.4670000e+03   9.9661545e-01   2.0623193e-03   1.3222315e-03
   1.4710000e+03   9.9610332e-01   1.8649732e-03   2.0317114e-03
   1.4730000e+03   9.9664444e-01   1.6415677e-03   1.7139960e-03
   1.5780000e+03   9.9580034e-01   2.2981553e-03   1.9015089e-03
   1.4740000e+03   2.4722526e-03   9.9474953e-01   2.7782202e-03
   1.4760000e+03   1.4169017e-03   9.9373699e-01   4.8461057e-03
   1.5280000e+03   4.6083404e-03   4.3510069e-03   9.9104065e-01
   1.5070000e+03   4.6442172e-03   4.5947795e-03   9.9076100e-01
   1.5060000e+03   1.1138259e-02   3.9924539e-01   5.8961635e-01
   1.5200000e+03   6.9744220e-02   5.7105894e-01   3.5919684e-01
   1.5050000e+03   2.8798547e-02   4.5200509e-01   5.1919636e-01
   2.1370000e+03   6.7747966e-01   1.2160659e-02   3.1035968e-01
   2.1340000e+03   9.8454028e-01   1.2757807e-02   2.7019180e-03
   1.5090000e+03   4.0762172e-03   4.8002222e-03   9.9112356e-01
   1.7960000e+03   3.6275554e-03   5.0684435e-03   9.9130400e-01
   1.8000000e+03   5.4904508e-03   6.0572256e-03   9.8845232e-01
   1.8040000e+03   7.1648619e-03   7.4953245e-03   9.8533981e-01
   1.5130000e+03   3.8035281e-01   4.5191992e-01   1.6772727e-01
   1.5180000e+03   1.3845791e-02   7.5058992e-01   2.3556429e-01
   1.5260000e+03   4.4251478e-03   4.5060494e-03   9.9106880e-01
   1.7150000e+03   4.0239724e-03   5.0615927e-03   9.9091443e-01
   1.5300000e+03   4.2152118e-03   4.6778372e-03   9.9110695e-01
   1.7190000e+03   3.8214702e-03   5.0324441e-03   9.9114609e-01
   1.6930000e+03   4.2287084e-03   9.9522129e-01   5.4999800e-04
   1.7210000e+03   3.7010441e-03   5.3928325e-03   9.9090612e-01
   1.7360000e+03   3.7993562e-03   1.9548533e-03   9.9424579e-01
   1.7980000e+03   3.4820606e-03   5.3936213e-03   9.9112432e-01
   1.8100000e+03   3.5517435e-03   5.7746083e-03   9.9067365e-01
   1.8120000e+03   3.6686592e-03   6.2109411e-03   9.9012040e-01
   1.9310000e+03   3.0827346e-03   8.0148358e-03   9.8890243e-01
   1.8020000e+03   3.2933835e-03   6.0209255e-03   9.9068569e-01
   1.8140000e+03   3.3368195e-03   6.4661245e-03   9.9019706e-01
   1.8060000e+03   3.0005331e-03   6.6815025e-03   9.9031796e-01
   1.8200000e+03   3.2278434e-03   4.1493534e-03   9.9262280e-01
   1.8030000e+03   1.1354018e-01   8.6945047e-01   1.7009348e-02
   1.8220000e+03   3.1910864e-03   4.8550982e-03   9.9195382e-01
   1.8160000e+03   3.4163595e-03   6.9709228e-03   9.8961272e-01
   1.8170000e+03   3.5695029e-02   2.9638402e-01   6.6792095e-01
   1.9400000e+03   1.4627470e-02   3.3064209e-01   6.5473044e-01
   1.9810000e+03   2.4192442e-02   3.3921374e-01   6.3659381e-01
   1.9590000e+03   5.9146806e-01   4.0074589e-01   7.7860511e-03
   1.9630000e+03   1.8694344e-04   5.1248679e-01   4.8732627e-01
   1.9640000e+03   1.9619497e-02   2.4751245e-01   7.3286806e-01
   1.9790000e+03   2.0079128e-01   1.9458423e-03   7.9726288e-01
   1.7420000e+04   6.1778001e-04   8.4195937e-01   1.5742285e-01
   1.9680000e+03   1.0997315e-03   9.7422990e-01   2.4670369e-02
   1.9750000e+03   1.3884544e-03   4.5518294e-03   9.9405972e-01
   2.0830000e+03   3.1814842e-01   1.3780867e-03   6.8047350e-01
   2.0540000e+03   1.7639530e-03   4.2453477e-03   9.9399070e-01
   2.0670000e+03   1.0269551e-03   4.2758757e-03   9.9469717e-01
   2.0690000e+03   9.7822408e-01   9.4547809e-03   1.2321140e-02
   2.1010000e+03   1.1102230e-16   9.2478167e-03   9.9075218e-01
   2.1510000e+03   8.1747919e-03   7.6848489e-04   9.9105672e-01
   2.1100000e+03   7.7578511e-03   2.6160150e-03   9.8962613e-01
   2.1140000e+03   8.4845443e-03   1.4539974e-03   9.9006146e-01
   2.1180000e+03   8.0752178e-03   1.7774547e-03   9.9014733e-01
   2.1220000e+03   7.0376505e-03   3.0259247e-03   9.8993642e-01
   2.1260000e+03   4.5771673e-03   4.1613244e-03   9.9126151e-01
   2.1300000e+03   4.5866806e-03   4.9049031e-03   9.9050842e-01
   2.1330000e+03   2.5482552e-03   5.7970801e-03   9.9165466e-01
   2.1390000e+03   4.6433266e-01   7.7516905e-02   4.5815044e-01
   2.1430000e+03   9.8513413e-03   2.5164490e-03   9.8763221e-01
   2.1470000e+03   9.2913745e-03   3.3864320e-03   9.8732219e-01
   2.1550000e+03   9.9828302e-03   1.6609666e-03   9.8835620e-01
   1.1090000e+03   2.9406333e-03   1.1853412e-02   9.8520595e-01
   1.0620000e+03   2.4511784e-03   1.2301292e-02   9.8524753e-01
   1.0600000e+03   1.5150902e-03   1.2385661e-02   9.8609925e-01
   2.2000000e+03   1.0590109e-01   8.9231622e-01   1.7826926e-03
   2.1950000e+03   9.3266146e-01   4.8233350e-02   1.9105195e-02
   2.1960000e+03   8.9914603e-01   9.8951963e-02   1.9020107e-03
   2.2530000e+03   9.5546802e-03   3.5583935e-01   6.3460597e-01
   1.1010000e+03   1.5280191e-03   1.1320831e-02   9.8715115e-01
   1.1110000e+03   2.3443301e-03   1.1559529e-02   9.8609614e-01
   2.2440000e+03   2.9406014e-02   8.3818972e-01   1.3240426e-01
   2.1980000e+03   3.9240719e-02   9.4375088e-01   1.7008404e-02
   2.2510000e+03   1.3876350e-02   5.5121373e-01   4.3490992e-01
   1.0780000e+03   4.4729599e-03   8.0913707e-03   9.8743567e-01
   1.0760000e+03   6.5293810e-03   1.4877255e-01   8.4469807e-01
   2.2060000e+03   1.4479844e-01   6.1045601e-03   8.4909700e-01
   2.1820000e+03   2.3112877e-02   8.3731294e-01   1.3957418e-01
   2.2050000e+03   3.2019170e-03   9.9637092e-01   4.2715992e-04
   2.2090000e+03   4.6499181e-02   9.4645801e-03   9.4403624e-01
   1.0670000e+03   9.9091990e-01   8.4705501e-03   6.0954709e-04
   2.2420000e+03   4.7182553e-01   5.3601390e-03   5.2281433e-01
   2.2450000e+03   9.8729438e-01   6.0449811e-04   1.2101117e-02
   1.0680000e+03   2.8506561e-04   9.3792876e-03   9.9033565e-01
   2.2110000e+03   4.5730300e-02   5.2402619e-01   4.3024351e-01
   2.2100000e+03   2.4832832e-01   7.3203806e-01   1.9633621e-02
   2.2220000e+03   6.8578332e-01   2.1828604e-01   9.5930641e-02
   2.1790000e+03   9.5269859e-01   2.1521923e-02   2.5779490e-02
   2.2210000e+03   3.8102175e-01   5.3485030e-02   5.6549322e-01
   2.2240000e+03   4.6534278e-03   2.5060760e-02   9.7028581e-01
   2.2260000e+03   3.8485488e-03   1.0675925e-01   8.8939220e-01
   2.1780000e+03   1.6446385e-03   9.9396774e-01   4.3876263e-03
   2.2280000e+03   9.0165513e-01   1.8647022e-02   7.9697850e-02
   2.2330000e+03   4.0094459e-03   3.2061514e-03   9.9278440e-01
   2.2370000e+03   5.7724145e-03   8.7236832e-04   9.9335522e-01
   2.2400000e+03   3.8274836e-03   1.0186862e-03   9.9515383e-01
   2.2410000e+03   1.7923445e-02   5.4699762e-01   4.3507893e-01
   2.2480000e+03   9.8452897e-01   9.1770760e-04   1.4553326e-02
   2.2440000e+03   2.5118556e-02   3.3539005e-01   6.3949139e-01
   1.1030000e+03   7.3437554e-04   1.0783195e-02   9.8848243e-01
   2.2580000e+03   6.9928130e-01   3.1254361e-03   2.9759327e-01
   2.2570000e+03   1.1446009e-03   8.2715490e-01   1.7170050e-01
   2.2600000e+03   1.0541509e-01   4.0688461e-02   8.5389645e-01
   2.3210000e+03   6.7591967e-01   3.0675225e-01   1.7328080e-02
   2.0990000e+03   6.3285637e-04   1.1122740e-02   9.8824440e-01
   2.2610000e+03   2.3436683e-02   7.3964658e-02   9.0259866e-01
   2.3170000e+03   2.5872521e-02   9.3027753e-01   4.3849951e-02
   2.3120000e+03   3.7730360e-01   6.1170851e-01   1.0987884e-02
   2.2690000e+03   7.5923184e-02   1.0594887e-02   9.1348193e-01
   2.3190000e+03   3.7404176e-01   6.1226014e-01   1.3698102e-02
   2.1240000e+03   1.4198424e-01   2.4542853e-02   8.3347291e-01
   2.2800000e+03   1.4267230e-03   9.9558797e-01   2.9853090e-03
   2.1200000e+03   8.6596169e-02   9.4985350e-03   9.0390530e-01
   2.2700000e+03   8.5751060e-04   9.9594746e-01   3.1950300e-03
   2.1110000e+03   6.8566525e-04   5.0520114e-02   9.4879422e-01
   2.2720000e+03   3.1609128e-04   9.9603351e-01   3.6504024e-03
   2.3080000e+03   1.2833289e-02   9.1823212e-01   6.8934595e-02
   2.3070000e+03   5.5651680e-01   4.3763089e-01   5.8523061e-03
   2.2760000e+03   1.6131904e-01   8.0477381e-01   3.3907150e-02
   2.1120000e+03   9.8408906e-03   8.4836819e-04   9.8931074e-01
   2.1270000e+03   1.5214804e-02   1.2671664e-01   8.5806856e-01
   2.2790000e+03   9.3219165e-01   4.0265474e-03   6.3781802e-02
   2.1230000e+03   2.4549560e-03   1.5008176e-01   8.4746328e-01
   2.2780000e+03   2.0276721e-03   9.9408923e-01   3.8831010e-03
   2.2860000e+03   3.7695172e-02   3.3124562e-01   6.3105921e-01
   2.2920000e+03   8.6365343e-02   2.7780960e-01   6.3582506e-01
   2.1340000e+03   1.3667749e-01   1.5480369e-02   8.4784214e-01
   2.2830000e+03   3.8969021e-03   9.9542230e-01   6.8079312e-04
   2.2880000e+03   9.3495379e-03   4.7441116e-02   9.4320935e-01
   2.2920000e+03   2.4629782e-03   9.9525299e-01   2.2840348e-03
   2.2990000e+03   9.9509877e-01   3.2382803e-03   1.6629543e-03
   2.3000000e+03   9.9544748e-01   4.2343136e-03   3.1820568e-04
   2.1890000e+03   1.8523641e-03   9.9436441e-01   3.7832241e-03
   2.3050000e+03   9.9637035e-01   3.4229003e-03   2.0675087e-04
   2.3140000e+03   1.7611339e-02   2.8116688e-01   7.0122178e-01
   2.3150000e+03   1.7991547e-01   7.8296192e-01   3.7122607e-02
   2.3250000e+03   1.5112169e-02   6.9318889e-01   2.9169894e-01
   2.2230000e+03   2.4842350e-03   8.5845421e-04   9.9665731e-01
   2.2250000e+03   2.4367969e-03   1.3524286e-03   9.9621077e-01
   2.2280000e+03   3.4371101e-03   1.3110626e-03   9.9525183e-01
   2.3360000e+03   5.8512034e-03   1.1423375e-02   9.8272542e-01
   2.3380000e+03   2.3787204e-02   2.7797249e-01   6.9824031e-01
   2.3400000e+03   2.1185435e-03   9.9686517e-01   1.0162892e-03
   2.3440000e+03   1.7850362e-03   9.9661615e-01   1.5988134e-03
   2.2310000e+03   3.5095488e-03   2.1515125e-03   9.9433894e-01
   2.1800000e+03   4.5048334e-03   9.9549517e-01   0.0000000e+00
   2.3420000e+03   1.7827662e-03   9.9677578e-01   1.4414503e-03
   2.3500000e+03   4.5427038e-03   3.1396001e-01   6.8149728e-01
   2.3460000e+03   1.7546794e-03   9.9650502e-01   1.7403015e-03
   2.2380000e+03   4.5665033e-03   9.2978095e-04   9.9450372e-01
   2.3510000e+03   7.8520597e-01   1.9741255e-01   1.7381478e-02
   2.3540000e+03   8.5125486e-01   1.2178996e-01   2.6955178e-02
   2.3490000e+03   5.0281794e-03   8.4682624e-01   1.4814558e-01
   2.3530000e+03   2.0617946e-03   9.9727865e-01   6.5955287e-04
   2.3570000e+03   3.7862374e-01   5.2287899e-01   9.8497272e-02
   2.3600000e+03   1.2742241e-02   3.4066999e-01   6.4658777e-01
