   1.6079000e+04   1.6320897e-03   8.6480588e-01   1.3356203e-01
   2.5000000e+02   9.0013062e-04   9.5222355e-01   4.6876316e-02
   2.0000000e+00   2.8631491e-01   2.7819896e-01   4.3548613e-01
   1.6914000e+04   5.0407307e-03   7.2777216e-02   9.2218205e-01
   7.4900000e+02   5.5815815e-01   1.1744222e-02   4.3009763e-01
   8.0000000e+01   8.2958352e-01   6.0842351e-02   1.0957413e-01
   7.8000000e+01   1.2902820e-02   8.6419422e-01   1.2290296e-01
   6.0000000e+00   9.6324007e-01   2.9690899e-02   7.0690273e-03
   9.0000000e+00   1.3299544e-01   4.1847891e-02   8.2515667e-01
   1.7000000e+01   5.2602181e-04   5.6285123e-01   4.3662275e-01
   1.8000000e+01   9.2458225e-01   5.2318261e-02   2.3099489e-02
   1.0000000e+01   6.3026313e-02   3.9830138e-02   8.9714355e-01
   1.5000000e+01   9.5712227e-02   3.4691332e-01   5.5737446e-01
   2.9800000e+02   8.3673043e-03   2.9665866e-03   9.8866611e-01
   2.9600000e+02   7.2191276e-01   1.7415562e-01   1.0393161e-01
   1.8000000e+01   3.7420643e-02   7.9099634e-03   9.5466939e-01
   1.8600000e+02   9.2472964e-01   3.3049862e-02   4.2220500e-02
   1.8900000e+02   3.1213297e-02   9.5403708e-01   1.4749619e-02
   2.6000000e+01   9.9943416e-01   4.2228524e-04   1.4355918e-04
   2.6000000e+01   7.5376901e-03   3.0757499e-03   9.8938656e-01
   1.1960000e+03   2.0217807e-02   9.4108814e-01   3.8694050e-02
   2.9000000e+01   3.4210169e-02   1.7873483e-02   9.4791635e-01
   2.4000000e+01   6.0924698e-01   4.5548882e-02   3.4520414e-01
   3.3200000e+02   2.6351903e-01   1.6052562e-02   7.2042841e-01
   3.3400000e+02   4.4587878e-02   1.9129179e-01   7.6412033e-01
   1.6926000e+04   2.6944822e-02   9.7677036e-03   9.6328747e-01
   3.7000000e+01   0.0000000e+00   1.0000000e+00   0.0000000e+00
   7.5900000e+02   8.3375851e-01   7.7109171e-02   8.9132318e-02
   4.8000000e+01   4.7662167e-01   4.2900450e-01   9.4373827e-02
   1.6083000e+04   4.2083717e-02   7.7097132e-02   8.8081915e-01
   1.3800000e+02   6.1939741e-03   9.7147655e-01   2.2329473e-02
   1.6931000e+04   3.3680342e-02   2.0662937e-02   9.4565672e-01
   1.6933000e+04   1.5822278e-01   1.6600377e-02   8.2517684e-01
   1.1672000e+04   5.9897231e-02   1.8987050e-02   9.2111572e-01
   3.9000000e+01   3.7749476e-01   5.5678022e-01   6.5725019e-02
   1.2400000e+02   1.5495163e-02   9.7785104e-01   6.6538013e-03
   4.1000000e+01   2.3803033e-03   9.9249709e-01   5.1226035e-03
   5.2000000e+01   1.0472020e-03   9.7402668e-01   2.4926117e-02
   4.7000000e+01   2.1550960e-01   1.2217747e-01   6.6231293e-01
   1.2300000e+02   1.1015005e-02   1.4309581e-02   9.7467541e-01
   5.0000000e+01   4.1386466e-03   9.9346801e-01   2.3933436e-03
   8.4200000e+02   9.4951961e-01   1.2068545e-02   3.8411845e-02
   9.4000000e+01   4.5655714e-02   1.8563401e-01   7.6871027e-01
   5.1000000e+01   3.7106665e-03   2.3525803e-04   9.9605408e-01
   3.0700000e+02   9.9319349e-01   6.2447873e-03   5.6172218e-04
   3.0700000e+02   1.1493251e-03   9.9170990e-01   7.1407728e-03
   2.0200000e+02   6.7591810e-01   4.7988981e-02   2.7609292e-01
   3.0000000e+02   7.3607785e-02   3.3453856e-01   5.9185365e-01
   5.9000000e+01   9.5880541e-01   3.0603037e-02   1.0591556e-02
   5.3000000e+01   2.7439103e-01   6.3277596e-01   9.2833004e-02
   5.3000000e+01   2.3709399e-02   4.6673342e-01   5.0955718e-01
   2.5300000e+02   0.0000000e+00   1.9336370e-02   9.8066363e-01
   1.6700000e+02   1.7474681e-01   7.6989853e-01   5.5354661e-02
   1.6700000e+02   4.6950049e-02   4.8170748e-02   9.0487920e-01
   5.8000000e+01   1.6216474e-01   6.1058023e-01   2.2725503e-01
   6.0000000e+01   3.2130217e-02   9.6088715e-02   8.7178107e-01
   6.9000000e+01   3.9758895e-01   2.5650903e-01   3.4590202e-01
   3.0400000e+02   1.3354730e-03   9.7625209e-01   2.2412435e-02
   3.0300000e+02   2.2515839e-02   9.5361362e-01   2.3870542e-02
   2.0400000e+02   1.4567567e-02   2.9678450e-03   9.8246459e-01
   1.3700000e+02   6.7158538e-03   9.9229479e-01   9.8935280e-04
   6.4000000e+01   2.9756138e-04   1.5818210e-02   9.8388423e-01
   6.7000000e+01   4.3866209e-01   2.6984839e-02   5.3435308e-01
   3.3000000e+01   9.8581793e-01   1.0997075e-02   3.1849915e-03
   7.4000000e+01   7.5927768e-01   4.8338251e-02   1.9238407e-01
   1.2600000e+02   1.0751477e-02   9.8745996e-01   1.7885619e-03
   1.6228000e+04   1.3355212e-02   9.6930768e-01   1.7337109e-02
   7.6000000e+01   1.6355868e-02   1.6511453e-02   9.6713268e-01
   1.3400000e+02   7.6655802e-03   9.6197532e-01   3.0359104e-02
   8.4000000e+01   1.4693128e-02   9.5675182e-01   2.8555048e-02
   8.3000000e+01   0.0000000e+00   4.8374449e-17   1.0000000e+00
   8.6000000e+01   9.9837938e-01   1.0955853e-03   5.2503030e-04
   1.0200000e+02   9.9911742e-01   3.0910346e-04   5.7348018e-04
   8.6000000e+01   5.5522876e-03   9.7060641e-01   2.3841299e-02
   8.3000000e+01   9.9966608e-01   5.9590654e-15   3.3392425e-04
   8.8000000e+01   2.8438561e-02   9.4570425e-01   2.5857190e-02
   9.9000000e+01   1.2137072e-01   6.2449474e-01   2.5413454e-01
   9.8000000e+01   1.6874878e-02   2.4390734e-03   9.8068605e-01
   1.1700000e+02   9.8717969e-03   4.8773386e-03   9.8525086e-01
   1.1600000e+02   9.8432311e-01   1.5676894e-02   0.0000000e+00
   9.6000000e+01   9.8511387e-01   9.0314534e-03   5.8546799e-03
   1.0000000e+02   9.8266368e-01   1.5494037e-02   1.8422858e-03
   1.0100000e+02   0.0000000e+00  -0.0000000e+00   1.0000000e+00
   1.0800000e+02   4.6042688e-03   7.9862996e-03   9.8740943e-01
   1.1500000e+02   1.2622208e-01   3.5192339e-01   5.2185453e-01
   1.1900000e+02   9.8153636e-01   1.8379951e-02   8.3687517e-05
   1.1000000e+02   1.2835168e-02   1.0858833e-02   9.7630600e-01
   1.1000000e+02   1.1298957e-02   9.8235012e-01   6.3509231e-03
   2.0000000e+02   9.7883521e-01   1.6509598e-02   4.6551874e-03
   1.3100000e+02   9.4463726e-01   1.6633199e-02   3.8729545e-02
   1.9800000e+02   5.1176887e-01   4.5968365e-01   2.8547484e-02
   1.3200000e+02   4.5503683e-03   9.8478743e-01   1.0662201e-02
   1.3300000e+02   4.0493434e-02   9.5739294e-01   2.1136255e-03
   1.3900000e+02   9.8164627e-01   3.0408816e-03   1.5312849e-02
   1.6900000e+02   4.0811200e-04   9.9365702e-01   5.9348652e-03
   4.6900000e+02   9.8946801e-01   5.1578167e-03   5.3741777e-03
   1.4600000e+02   7.5533393e-01   1.9191598e-01   5.2750091e-02
   1.6200000e+02   9.8785896e-01   5.6213796e-03   6.5196620e-03
   2.3900000e+02   1.4206998e-02   2.2472316e-01   7.6106984e-01
   2.3900000e+02   3.6474112e-02   9.4540469e-01   1.8121194e-02
   5.5500000e+02   4.2515926e-02   2.8398750e-01   6.7349658e-01
   1.5900000e+02   5.0450148e-03   3.8768338e-03   9.9107815e-01
   1.5900000e+02   1.2257310e-01   8.6711237e-01   1.0314536e-02
   1.4400000e+02   1.0978193e-02   9.8446498e-01   4.5568299e-03
   1.4700000e+02   7.5860347e-03   9.7777221e-01   1.4641760e-02
   1.4900000e+02   3.7576526e-02   6.8389658e-01   2.7852689e-01
   2.5200000e+02   4.5713929e-01   7.5825516e-02   4.6703519e-01
   1.5200000e+02   1.7644812e-01   1.8921407e-01   6.3433782e-01
   4.6200000e+02   2.1310052e-01   4.1609496e-01   3.7080452e-01
   1.6500000e+02   9.0242003e-01   6.1088923e-02   3.6491047e-02
   1.6600000e+02   1.0408341e-16   9.8944621e-01   1.0553786e-02
   1.6900000e+02   9.4418013e-01   5.1821439e-02   3.9984285e-03
   1.7200000e+02   3.7705334e-02   6.6239414e-01   2.9990053e-01
   1.0160000e+03   3.3656964e-01   1.5887161e-01   5.0455875e-01
   1.0330000e+03   8.2912792e-01   1.5050880e-01   2.0363283e-02
   1.7300000e+02   2.2055268e-01   2.2512558e-01   5.5432174e-01
   2.9800000e+02   2.8538720e-03   9.8309620e-01   1.4049929e-02
   1.8700000e+02   1.8930616e-02   1.3024130e-02   9.6804525e-01
   1.6448000e+04   4.6652686e-01   5.5740363e-02   4.7773278e-01
   1.6443000e+04   7.9565763e-01   1.8159972e-01   2.2742654e-02
   2.9100000e+02   2.4215843e-01   3.8671161e-01   3.7112996e-01
   1.8500000e+02   5.3320745e-02   8.6411880e-01   8.2560453e-02
   1.9500000e+02   7.2758799e-03   9.7338989e-01   1.9334231e-02
   2.2000000e+02   5.9898738e-02   7.5921604e-01   1.8088522e-01
   2.1500000e+02   5.6270687e-02   1.6587785e-02   9.2714153e-01
   2.1800000e+02   1.4341553e-01   8.1128243e-01   4.5302040e-02
   2.2400000e+02   3.5990270e-01   5.5681066e-01   8.3286637e-02
   2.4100000e+02   7.4249208e-03   1.0759483e-03   9.9149913e-01
   2.4400000e+02   9.1756964e-01   7.2798133e-02   9.6322297e-03
   2.2700000e+02   9.8765469e-01   1.0110673e-02   2.2346406e-03
   2.4300000e+02   9.9176320e-01   6.6418870e-03   1.5949137e-03
   2.3000000e+02   4.1547969e-05   4.9850591e-03   9.9497339e-01
   2.4000000e+02   1.2680620e-02   1.0795612e-03   9.8623982e-01
   2.3300000e+02   7.9539120e-05   9.8897769e-01   1.0942773e-02
   2.3200000e+02   1.3626030e-02   9.6531358e-05   9.8627744e-01
   2.3500000e+02   7.0339913e-04   9.8663770e-01   1.2658899e-02
   2.3800000e+02   8.1120114e-03   1.2194952e-03   9.9066849e-01
   2.6400000e+02   8.5567512e-01   1.3953825e-01   4.7866344e-03
   2.4600000e+02   6.7663264e-04   9.9557410e-01   3.7492673e-03
   2.4300000e+02   7.9236918e-02   9.0319474e-01   1.7568339e-02
   2.5100000e+02   8.1500092e-01   1.7639560e-01   8.6034777e-03
   2.4400000e+02   1.0642140e-01   1.0836791e-02   8.8274181e-01
   1.0000000e+00   5.4401368e-02   7.6629228e-01   1.7930635e-01
   2.5800000e+02   1.7225284e-01   2.9198738e-03   8.2482729e-01
   2.5800000e+02   9.9105915e-01   1.5170286e-05   8.9256761e-03
   2.7000000e+02   1.4398243e-02   9.8534289e-01   2.5887129e-04
   2.5900000e+02   2.6526326e-01   6.7952997e-01   5.5206769e-02
   5.7500000e+02   1.2768284e-01   2.8783592e-01   5.8448124e-01
   2.6000000e+02   1.9710954e-01   6.2901448e-02   7.3998901e-01
   2.7100000e+02   3.3005761e-02   8.7352628e-01   9.3467956e-02
   2.6900000e+02   3.0806543e-03   3.5834596e-03   9.9333589e-01
   2.6700000e+02   2.4606398e-02   8.5142101e-01   1.2397259e-01
   2.6600000e+02   9.8994138e-01   9.7399754e-03   3.1864646e-04
   2.7500000e+02   5.0918949e-02   2.5451493e-01   6.9456612e-01
   2.8000000e+02   7.9230581e-01   9.9784871e-02   1.0790932e-01
   6.0100000e+02   8.1988538e-02   7.7799000e-01   1.4002147e-01
   6.0300000e+02   9.4040759e-01   3.9437225e-02   2.0155183e-02
   2.9500000e+02   9.6909331e-03   9.8592992e-01   4.3791464e-03
   2.8700000e+02   9.1533736e-01   4.3967738e-02   4.0694901e-02
   1.6942000e+04   5.1963895e-03   2.0215576e-04   9.9460145e-01
   3.0200000e+02   2.4109213e-01   4.5712534e-01   3.0178253e-01
   3.1000000e+02   3.3633708e-02   3.5822240e-01   6.0814389e-01
   3.8600000e+02   6.6425397e-02   9.1237896e-01   2.1195644e-02
   3.2300000e+02   6.8023269e-03   9.8587386e-01   7.3238092e-03
   3.2500000e+02   9.8398506e-01   1.0882877e-02   5.1320576e-03
   3.2000000e+02   4.0216694e-01   5.2997081e-01   6.7862247e-02
   3.2100000e+02   1.0470250e-01   8.3278056e-01   6.2516944e-02
   3.1400000e+02   2.5981257e-01   4.9298048e-01   2.4720695e-01
   1.2890000e+03   4.7865221e-01   3.3941373e-01   1.8193406e-01
   3.1600000e+02   6.7656409e-02   2.2661571e-01   7.0572788e-01
   6.2000000e+02   9.8261916e-01   9.8040014e-03   7.5768367e-03
   3.2100000e+02   2.9389554e-04   6.5744925e-02   9.3396118e-01
   3.1900000e+02   2.3729992e-02   9.6553194e-01   1.0738066e-02
   4.9600000e+02   1.4914933e-03   1.5535900e-01   8.4314951e-01
   3.2400000e+02   6.4494504e-02   1.7903864e-01   7.5646686e-01
   5.0200000e+02   2.2218121e-02   9.3779553e-01   3.9986353e-02
   3.2800000e+02   2.8637758e-01   1.2526439e-01   5.8835803e-01
   3.3600000e+02   2.5709653e-01   7.3298761e-01   9.9158585e-03
   3.2900000e+02   7.1247585e-03   6.1190657e-04   9.9226333e-01
   1.3740000e+03   3.2282578e-02   9.4958527e-01   1.8132149e-02
   3.5600000e+02   2.9526425e-03   5.6394649e-03   9.9140789e-01
   1.1966000e+04   5.4950644e-02   5.4118319e-03   9.3963752e-01
   5.2100000e+02   2.5930282e-03   9.9046429e-01   6.9426855e-03
   1.1964000e+04   9.2856680e-02   9.0179618e-01   5.3471407e-03
   5.3100000e+02   2.2550500e-01   6.9145240e-01   8.3042605e-02
   6.2600000e+02   2.9267189e-03   6.8496597e-04   9.9638832e-01
   5.1300000e+02   1.6757489e-02   9.8153466e-01   1.7078542e-03
   1.3800000e+03   2.2709705e-03   9.9327237e-01   4.4566574e-03
   5.1700000e+02   4.9520591e-03   9.7744126e-01   1.7606682e-02
   3.4900000e+02   9.0749800e-02   6.1100836e-01   2.9824184e-01
   1.4110000e+03   2.5171886e-02   9.5152251e-01   2.3305608e-02
   3.5200000e+02   9.8669458e-01   7.2098287e-03   6.0955932e-03
   4.3000000e+02   3.7934163e-03   8.2548746e-03   9.8795171e-01
   1.4620000e+03   2.9480362e-02   3.8775563e-01   5.8276401e-01
   4.0300000e+02   1.8550201e-01   4.3636486e-02   7.7086151e-01
   4.2700000e+02   3.4161210e-02   9.0617830e-01   5.9660487e-02
   4.2600000e+02   1.4990811e-01   3.0351089e-01   5.4658100e-01
   6.3100000e+02   4.0665845e-04   1.2427033e-02   9.8716631e-01
   1.4640000e+03   2.4382656e-03   9.7586093e-01   2.1700808e-02
   5.1100000e+02   8.1549249e-03   6.3056449e-03   9.8553943e-01
   3.6700000e+02   2.1894577e-02   3.4741463e-02   9.4336396e-01
   3.6100000e+02   8.1548324e-01   1.0671804e-01   7.7798713e-02
   3.7900000e+02   2.3120225e-01   4.1419428e-01   3.5460347e-01
   5.3600000e+02   5.2320611e-01   4.0368116e-01   7.3112724e-02
   5.3000000e+02   2.0700087e-01   7.4492332e-01   4.8075812e-02
   3.6100000e+02   2.3895089e-01   2.8549896e-01   4.7555015e-01
   3.7500000e+02   4.9776062e-01   5.2117589e-02   4.5012179e-01
   4.7800000e+02   9.4765611e-03   6.6862062e-02   9.2366138e-01
   4.7800000e+02   8.0300448e-01   1.3884082e-01   5.8154699e-02
   3.6600000e+02   1.1148231e-01   6.0695732e-01   2.8156037e-01
   3.7200000e+02   7.0063556e-01   1.7551241e-01   1.2385203e-01
   3.6800000e+02   1.0372377e-02   1.6388292e-01   8.2574470e-01
   6.2900000e+02   8.7387098e-02   8.4543494e-01   6.7177966e-02
   6.2800000e+02   1.4350191e-02   1.9337525e-03   9.8371606e-01
   5.2000000e+02   9.7901320e-01   5.7097465e-03   1.5277056e-02
   3.7700000e+02   1.7222590e-02   9.4276772e-01   4.0009690e-02
   3.8100000e+02   6.1392174e-02   7.4566172e-01   1.9294611e-01
   4.3600000e+02   2.5050846e-02   8.0242283e-01   1.7252633e-01
   3.8000000e+02   8.1956788e-01   1.7940110e-01   1.0310185e-03
   4.4000000e+02   6.8148745e-02   9.8947221e-03   9.2195653e-01
   4.4200000e+02   8.6222963e-03   9.7401550e-01   1.7362203e-02
   3.8900000e+02   8.6147187e-01   8.7965743e-04   1.3764847e-01
   4.0600000e+02   4.1066911e-03   9.8586150e-01   1.0031811e-02
   3.9100000e+02   6.1898938e-03   2.6304159e-03   9.9117969e-01
   5.0200000e+02   9.9584618e-01   2.5524369e-03   1.6013826e-03
   3.9300000e+02   1.9367002e-03   9.9413863e-01   3.9246676e-03
   3.9200000e+02   1.5559055e-02   9.4133444e-01   4.3106501e-02
   3.9600000e+02   9.9472863e-01   2.4466157e-03   2.8247502e-03
   4.1100000e+02   4.7281768e-01   4.5811005e-01   6.9072262e-02
   4.0400000e+02   2.9486609e-03   1.7769888e-04   9.9687364e-01
   4.0300000e+02   9.9704451e-01   2.4026014e-03   5.5289159e-04
   4.0200000e+02   2.8642162e-02   9.6406154e-01   7.2963026e-03
   4.1500000e+02   1.2240474e-02   7.4477317e-01   2.4298636e-01
   4.1200000e+02   4.5966642e-03   5.2099177e-03   9.9019342e-01
   4.2000000e+02   7.5119837e-01   2.3695266e-01   1.1848973e-02
   4.1700000e+02   2.1977888e-01   1.1709250e-01   6.6312862e-01
   1.2147000e+04   9.9054962e-01   2.7657445e-03   6.6846393e-03
   4.3300000e+02   9.9505605e-01   4.3428534e-03   6.0109530e-04
   4.2300000e+02   2.2031550e-01   1.3429756e-01   6.4538695e-01
   5.1400000e+02   2.0575303e-02   9.7595685e-01   3.4678430e-03
   4.3700000e+02   1.6494554e-02   9.4116795e-01   4.2337499e-02
   5.1000000e+02   2.8410931e-02   4.3354114e-01   5.3804793e-01
   5.2000000e+02   2.3187885e-02   1.0168620e-02   9.6664349e-01
   5.1600000e+02   3.0191633e-02   5.7570657e-01   3.9410179e-01
   4.4700000e+02   4.9109282e-02   1.3712202e-02   9.3717852e-01
   4.5100000e+02   1.7178071e-01   7.7392423e-01   5.4295062e-02
   4.6200000e+02   3.9559543e-03   9.9407271e-01   1.9713365e-03
   5.5300000e+02   4.3199562e-02   9.2605248e-01   3.0747962e-02
   4.5000000e+02   9.9620004e-01   1.3638120e-03   2.4361434e-03
   4.7000000e+02   1.0933324e-02   8.7195906e-01   1.1710762e-01
   4.5200000e+02   1.0856793e-02   9.8899107e-01   1.5213556e-04
   5.6100000e+02   6.2208820e-03   7.0736931e-01   2.8640981e-01
   4.5600000e+02   9.6395489e-03   9.7921453e-01   1.1145919e-02
   5.6800000e+02   8.4704926e-02   4.3096668e-01   4.8432840e-01
   4.5800000e+02   1.5282489e-01   1.8800400e-01   6.5917111e-01
   4.6500000e+02   3.7650392e-02   8.9437279e-01   6.7976816e-02
   4.7600000e+02   4.1539999e-03   6.0470117e-03   9.8979899e-01
   1.6150000e+03   1.1290235e-01   3.2094086e-01   5.6615679e-01
   1.6360000e+03   2.0148514e-02   1.4871954e-01   8.3113195e-01
   4.9200000e+02   2.9759150e-02   3.3937585e-02   9.3630327e-01
   4.8500000e+02   2.2250502e-01   1.6679196e-01   6.1070302e-01
   4.9300000e+02   8.2603391e-01   1.4841246e-01   2.5553633e-02
   4.9800000e+02   4.4336471e-02   6.5909224e-01   2.9657129e-01
   4.9700000e+02   8.7059991e-02   8.7792413e-01   3.5015884e-02
   1.2334000e+04   3.9938759e-01   7.6777939e-02   5.2383447e-01
   5.0700000e+02   9.1189792e-01   6.5690145e-02   2.2411931e-02
   5.2400000e+02   9.5375214e-02   6.5303974e-01   2.5158505e-01
   5.2500000e+02   7.2501084e-01   6.0610260e-02   2.1437890e-01
   5.6900000e+02   1.2456067e-02   9.1953750e-01   6.8006429e-02
   5.3900000e+02   8.5627702e-03   6.8249809e-03   9.8461225e-01
   5.5900000e+02   6.5819243e-03   9.2602734e-01   6.7390740e-02
   5.4000000e+02   1.2764519e-02   9.8610869e-01   1.1267864e-03
   5.4500000e+02   4.8859401e-03   9.9404723e-01   1.0668255e-03
   5.4200000e+02   3.8622769e-04   5.9605890e-03   9.9365318e-01
   5.7700000e+02   6.1734324e-04   3.6541849e-03   9.9572847e-01
   5.4300000e+02   3.6180464e-04   6.3958837e-03   9.9324231e-01
   5.4700000e+02   9.2909669e-04   9.0198579e-03   9.9005105e-01
   5.7100000e+02   1.2363393e-03   1.1254888e-02   9.8750877e-01
   5.5100000e+02   9.9979730e-01   1.8283285e-04   1.9869316e-05
   5.6900000e+02   3.9338512e-02   4.4343510e-03   9.5622714e-01
   5.8600000e+02   4.8161827e-03   1.4329982e-01   8.5188400e-01
   6.3400000e+02   3.0456134e-02   4.3007564e-02   9.2653630e-01
   5.5800000e+02   4.4851914e-02   3.1712613e-02   9.2343547e-01
   5.6000000e+02   1.1333127e-02   1.1004026e-01   8.7862661e-01
   6.3300000e+02   9.8248307e-01   1.4919549e-02   2.5973797e-03
   5.6700000e+02   1.4280026e-02   5.2308115e-01   4.6263882e-01
   5.7200000e+02   2.0561394e-01   2.9025717e-03   7.9148349e-01
   5.8100000e+02   9.8912160e-03   3.4638563e-01   6.4372316e-01
   5.7600000e+02   1.6193457e-03   9.0347898e-04   9.9747718e-01
   5.9900000e+02   7.6429350e-02   1.6850686e-01   7.5506379e-01
   5.9100000e+02   6.2336088e-04   4.7683147e-03   9.9460832e-01
   5.8400000e+02   8.5631176e-01   2.0724564e-02   1.2296367e-01
   5.9200000e+02   2.6144718e-03   1.3412193e-03   9.9604431e-01
   5.8900000e+02   1.1014417e-01   2.8151861e-01   6.0833722e-01
   6.0600000e+02   2.2029969e-01   8.3514187e-02   6.9618612e-01
   5.9600000e+02   2.7774167e-01   3.2720637e-01   3.9505196e-01
   6.3800000e+02   4.2854636e-01   9.5336395e-02   4.7611725e-01
   6.4400000e+02   9.7177665e-01   1.7460605e-02   1.0762746e-02
   6.2100000e+02   4.6595442e-01   2.1580416e-01   3.1824142e-01
   6.1300000e+02   1.4633971e-03   9.8904405e-01   9.4925573e-03
   6.1500000e+02   6.6614937e-01   2.4067228e-01   9.3178349e-02
   1.1677000e+04   3.4248693e-03   4.1773887e-03   9.9239774e-01
   6.2700000e+02   4.4451280e-01   2.4102295e-01   3.1446424e-01
   6.4800000e+02   2.9130103e-02   1.2850840e-01   8.4236149e-01
   6.4500000e+02   4.0300110e-02   4.7001070e-01   4.8968919e-01
   6.4100000e+02   1.4883665e-01   8.0045886e-01   5.0704487e-02
   6.3900000e+02   3.2186368e-02   7.5319413e-02   8.9249422e-01
   6.8400000e+02   3.7247372e-01   7.0411921e-02   5.5711436e-01
   1.2030000e+03   7.2377985e-02   8.3146205e-01   9.6159964e-02
   3.9000000e+01   6.4818533e-03   1.6884958e-03   9.9182965e-01
   4.9000000e+01   2.0163995e-02   9.4959508e-01   3.0240922e-02
   1.2030000e+03   9.2468807e-01   5.0545431e-02   2.4766504e-02
   7.6300000e+02   6.7486059e-01   2.6593218e-01   5.9207228e-02
   1.2970000e+03   7.5831437e-01   2.0985420e-01   3.1831430e-02
   1.2990000e+03   2.1952266e-01   5.0356487e-02   7.3012085e-01
   1.8020000e+03   6.3078439e-04   9.9419783e-01   5.1713854e-03
   1.3740000e+03   1.5721192e-02   1.4641622e-02   9.6963719e-01
   1.3840000e+03   5.3252536e-03   3.1553541e-04   9.9435921e-01
   1.4100000e+03   4.0564212e-03   5.5650255e-02   9.4029332e-01
   1.4610000e+03   4.4546859e-02   8.7731458e-01   7.8138564e-02
   1.6250000e+03   5.2451721e-03   9.8920465e-01   5.5501775e-03
   6.0800000e+02   7.9785577e-01   1.0547866e-02   1.9159636e-01
   1.3780000e+03   6.5025839e-02   2.7336331e-01   6.6161085e-01
   6.5300000e+02   1.4726099e-01   5.0174947e-01   3.5098954e-01
   6.6900000e+02   9.2413472e-01   2.1160799e-02   5.4704478e-02
   6.6800000e+02   9.2636947e-02   7.2656340e-01   1.8079966e-01
   6.5500000e+02   9.9771291e-01   1.6863365e-04   2.1184606e-03
   6.5500000e+02   3.1430711e-03   9.8630414e-01   1.0552791e-02
   6.5900000e+02   2.0224307e-01   3.1564496e-01   4.8211197e-01
   7.3700000e+02   1.9372130e-01   1.2245714e-01   6.8382156e-01
   6.7100000e+02   2.0497083e-03   8.7161924e-02   9.1078837e-01
   6.9100000e+02   5.1954495e-01   9.0626991e-02   3.8982806e-01
   6.6300000e+02   9.1015793e-01   4.1742805e-02   4.8099260e-02
   6.6000000e+02   1.3052348e-01   8.0858378e-01   6.0892737e-02
   1.1390000e+03   5.4372604e-02   8.9151857e-02   8.5647554e-01
   6.6100000e+02   8.2386139e-01   9.7065442e-02   7.9073169e-02
   1.1200000e+03   2.6881068e-03   9.8110789e-01   1.6203999e-02
   1.2120000e+03   9.9190878e-01   2.8652623e-03   5.2259626e-03
   6.7400000e+02   1.1467745e-02   1.1375640e-02   9.7715662e-01
   6.7200000e+02   7.6242163e-03   5.9977581e-03   9.8637803e-01
   6.7200000e+02   1.5213020e-01   7.6110451e-01   8.6765290e-02
   2.8300000e+02   1.5753387e-01   8.3494266e-01   7.5234723e-03
   1.2130000e+03   2.7878816e-02   8.8543857e-01   8.6682619e-02
   6.8100000e+02   1.0031723e-02   8.5481537e-02   9.0448674e-01
   6.8700000e+02   9.2355005e-01   5.4628596e-03   7.0987092e-02
   6.8600000e+02   3.0653471e-03   3.0075031e-01   6.9618435e-01
   1.0070000e+03   2.5884921e-01   6.5283041e-01   8.8320374e-02
   1.0240000e+03   9.2378605e-01   7.3261897e-02   2.9520501e-03
   1.0190000e+03   6.3362892e-02   9.3387297e-01   2.7641423e-03
   9.9900000e+02   5.3128747e-02   2.1583372e-03   9.4471292e-01
   1.0050000e+03   2.5877374e-01   4.2181391e-01   3.1941235e-01
   9.0400000e+02   6.6078310e-02   2.7168444e-01   6.6223725e-01
   7.1700000e+02   8.7254163e-01   5.7940432e-02   6.9517941e-02
   7.0600000e+02   5.5725872e-03   9.9127782e-01   3.1495955e-03
   7.1000000e+02   2.2885671e-01   2.1984740e-02   7.4915854e-01
   1.0280000e+03   4.6658057e-02   9.3495274e-01   1.8389199e-02
   1.0090000e+03   6.1753263e-01   3.5407060e-01   2.8396773e-02
   1.3270000e+03   9.9163591e-01   3.4203694e-03   4.9437236e-03
   1.0320000e+03   7.8984491e-03   6.3950114e-03   9.8570654e-01
   1.0250000e+03   3.8014383e-01   1.5649863e-01   4.6335753e-01
   1.3310000e+03   2.2174645e-01   4.1243584e-01   3.6581771e-01
   1.3260000e+03   3.5037620e-03   8.4127141e-01   1.5522483e-01
   7.0600000e+02   6.7586535e-01   1.7742730e-01   1.4670735e-01
   7.1600000e+02   1.2605973e-01   8.3307204e-02   7.9063307e-01
   1.3280000e+03   6.0238528e-01   2.1468507e-01   1.8292965e-01
   7.1800000e+02   1.0829617e-02   1.9173921e-02   9.6999646e-01
   1.1860000e+03   9.4667412e-02   5.7649551e-01   3.2883708e-01
   7.2800000e+02   4.0388224e-01   3.1686222e-01   2.7925554e-01
   7.8800000e+02   3.0897298e-01   1.4958046e-01   5.4144655e-01
   7.5500000e+02   8.2299139e-01   3.1870039e-02   1.4513857e-01
   7.2700000e+02   2.1291605e-02   3.5227507e-01   6.2643333e-01
   7.5200000e+02   8.5019064e-01   5.3541098e-02   9.6268260e-02
   7.3000000e+02   5.4635982e-01   4.0364993e-02   4.1327519e-01
   7.2900000e+02   4.3942032e-02   5.9373362e-01   3.6232435e-01
   7.3400000e+02   6.4724117e-01   3.6900158e-02   3.1585867e-01
   7.4600000e+02   7.0386106e-01   5.6351241e-02   2.3978770e-01
   7.3500000e+02   9.2890231e-03   3.4788200e-01   6.4282897e-01
   7.4200000e+02   1.1165156e-01   6.3356572e-01   2.5478272e-01
   7.5500000e+02   1.4102069e-01   4.4369629e-01   4.1528302e-01
   7.6100000e+02   3.8457503e-01   4.1927072e-01   1.9615425e-01
   7.9500000e+02   3.6243952e-01   1.4418342e-01   4.9337706e-01
   8.0400000e+02   9.9921053e-01   7.8947348e-04   0.0000000e+00
   7.6600000e+02   3.0234622e-04   4.4904099e-06   9.9969316e-01
   7.7100000e+02   5.0539617e-01   4.4160988e-01   5.2993947e-02
   7.7100000e+02   2.6921236e-03   0.0000000e+00   9.9730788e-01
   7.7800000e+02   1.6593132e-03   4.8057609e-03   9.9353493e-01
   7.7400000e+02   0.0000000e+00   0.0000000e+00   1.0000000e+00
   7.7600000e+02   6.9450465e-03   9.8656587e-01   6.4890856e-03
   7.8300000e+02   7.5149336e-01   2.2797258e-01   2.0534065e-02
   7.8000000e+02   2.8711001e-01   2.2983868e-02   6.8990612e-01
   9.1700000e+02   5.1921946e-01   2.9656934e-01   1.8421120e-01
   7.8300000e+02   3.8599434e-03   2.2853405e-03   9.9385472e-01
   7.8500000e+02   8.9265267e-03   9.8237599e-01   8.6974834e-03
   7.9200000e+02   5.4018813e-01   2.9770261e-01   1.6210926e-01
   8.2700000e+02   2.7137805e-03   6.9756212e-04   9.9658866e-01
   8.4000000e+02   9.7166922e-03   9.8306278e-01   7.2205274e-03
   7.9000000e+02   1.7335206e-01   2.6847937e-02   7.9980000e-01
   7.9100000e+02   8.8970230e-01   3.0755977e-02   7.9541720e-02
   8.2500000e+02   6.3384966e-01   3.1886582e-01   4.7284517e-02
   8.0100000e+02   1.5471217e-03   0.0000000e+00   9.9845288e-01
   8.0000000e+02   6.3111234e-04   5.6411906e-03   9.9372770e-01
   8.0800000e+02   6.8043919e-03   1.6917144e-03   9.9150389e-01
   8.1400000e+02   9.9791905e-01   1.2598059e-04   1.9549714e-03
   8.0700000e+02   3.0024124e-03   5.6771612e-03   9.9132043e-01
   8.2800000e+02   4.9935551e-03   9.8813498e-01   6.8714603e-03
   8.1800000e+02   9.8475959e-01   7.2389038e-03   8.0015014e-03
   8.1200000e+02   6.8644030e-04   5.7381537e-05   9.9925618e-01
   8.5200000e+02   1.5805856e-02   9.7889343e-01   5.3007115e-03
   8.1600000e+02   1.6992096e-02   9.5659416e-01   2.6413745e-02
   8.1800000e+02   0.0000000e+00   1.0000000e+00  -0.0000000e+00
   8.2900000e+02   9.9742620e-01   5.4474108e-04   2.0290586e-03
   8.2300000e+02   5.8672824e-03   9.9027111e-01   3.8616084e-03
   8.3500000e+02   6.0480835e-01   6.7547708e-03   3.8843688e-01
   8.4800000e+02   3.8588037e-01   3.5080586e-02   5.7903905e-01
   9.0200000e+02   9.4915121e-02   7.1634277e-01   1.8874211e-01
   8.8700000e+02   2.2473644e-02   8.9045666e-03   9.6862179e-01
   9.1500000e+02   1.5891036e-01   8.2795114e-02   7.5829452e-01
   9.1800000e+02   3.5056712e-02   9.3078915e-01   3.4154134e-02
   9.0900000e+02   5.3787147e-02   7.4940122e-01   1.9681163e-01
   9.2000000e+02   4.2555416e-03   3.4817160e-03   9.9226274e-01
   9.2300000e+02   1.4750036e-01   8.2881894e-02   7.6961774e-01
   1.6080000e+03   5.9588822e-01   3.0176499e-01   1.0234679e-01
   9.8400000e+02   5.7776023e-02   6.3866725e-01   3.0355672e-01
   1.0210000e+03   1.5387476e-02   9.5995028e-01   2.4662241e-02
   9.9000000e+02   1.7206467e-01   8.0277264e-02   7.4765806e-01
   1.0080000e+03   8.5641635e-01   4.0251361e-02   1.0333229e-01
   9.9500000e+02   9.7542595e-01   1.5526237e-02   9.0478097e-03
   9.9700000e+02   9.3529262e-01   4.6505054e-02   1.8202328e-02
   1.0110000e+03   1.6328377e-02   9.8318203e-01   4.8959256e-04
   1.0230000e+03   5.7641710e-02   1.7426303e-01   7.6809526e-01
   1.0270000e+03   8.6071301e-03   3.9286267e-01   5.9853020e-01
   1.1880000e+03   2.3352149e-02   4.4583435e-02   9.3206442e-01
   1.1900000e+03   8.8331226e-01   5.6897675e-02   5.9790067e-02
   1.1870000e+03   5.8457614e-01   3.3254925e-01   8.2874610e-02
   1.2270000e+03   3.1185586e-04   9.9693468e-01   2.7534674e-03
   1.1890000e+03   2.9642309e-02   8.4491562e-01   1.2544207e-01
   1.1910000e+03   4.9469119e-02   3.5299308e-01   5.9753780e-01
   1.1910000e+03   5.3717038e-01   3.6114755e-01   1.0168207e-01
   1.7910000e+03   1.4924484e-01   6.8155992e-01   1.6919524e-01
   1.1950000e+03   8.0233849e-01   1.8062287e-01   1.7038643e-02
   1.7960000e+03   8.0423614e-01   4.1517880e-02   1.5424598e-01
   1.1990000e+03   2.2472020e-02   7.1670001e-01   2.6082797e-01
   1.2110000e+03   4.2390963e-02   4.1114455e-01   5.4646449e-01
   1.2190000e+03   8.7301459e-02   5.4285685e-01   3.6984169e-01
   1.2050000e+03   3.8413950e-01   3.7749287e-01   2.3836763e-01
   1.2080000e+03   6.9176937e-01   3.0323406e-02   2.7790723e-01
   1.2220000e+03   8.2164823e-01   1.1292220e-01   6.5429572e-02
   1.2670000e+03   4.5964969e-01   1.6046174e-01   3.7988856e-01
   1.2800000e+03   7.6613737e-02   8.2994687e-01   9.3439390e-02
   1.2660000e+03   9.9135916e-01   3.6292289e-04   8.2779188e-03
   1.2920000e+03   9.9159989e-01   6.4496637e-03   1.9504458e-03
   1.2750000e+03   2.5873371e-01   5.0426131e-01   2.3700498e-01
   1.2700000e+03   3.2957754e-01   2.1229443e-01   4.5812803e-01
   1.2680000e+03   1.7614691e-03   8.8420468e-02   9.0981806e-01
   1.2870000e+03   7.8052099e-01   1.8436737e-01   3.5111644e-02
   1.3540000e+03   6.8847024e-01   1.3557819e-01   1.7595157e-01
   1.2760000e+03   6.3806931e-02   9.1509042e-01   2.1102650e-02
   1.2730000e+03   1.0452410e-01   8.1190423e-01   8.3571672e-02
   1.2720000e+03   8.4234401e-02   7.9519946e-01   1.2056613e-01
   1.7370000e+03   8.2968422e-02   5.5464560e-02   8.6156702e-01
   1.3690000e+03   1.2356621e-02   9.7426145e-01   1.3381931e-02
   1.2850000e+03   9.8911882e-01   9.5180014e-03   1.3631752e-03
   1.8120000e+03   3.7414435e-03   9.9289200e-01   3.3665594e-03
   1.2850000e+03   6.4610767e-02   8.7242888e-01   6.2960357e-02
   1.2840000e+03   8.6201502e-02   7.6482905e-01   1.4896944e-01
   1.2910000e+03   8.9432219e-01   8.6669428e-02   1.9008379e-02
   1.8100000e+03   9.0247862e-01   3.2793592e-02   6.4727790e-02
   1.2990000e+03   9.2359559e-01   2.2246108e-02   5.4158297e-02
   1.3010000e+03   1.9810186e-01   6.3177614e-01   1.7012200e-01
   1.5940000e+03   7.6487483e-02   7.1638426e-01   2.0712826e-01
   1.6180000e+03   9.6872741e-01   1.3275532e-02   1.7997060e-02
   1.5990000e+03   8.0611675e-03   1.2787619e-01   8.6406265e-01
   1.6240000e+03   2.2576000e-02   8.1429630e-02   8.9599437e-01
   1.6060000e+03   6.7128810e-01   2.2685801e-01   1.0185389e-01
   1.5210000e+03   3.0126227e-01   5.4325607e-01   1.5548165e-01
   1.3330000e+03   7.3346511e-01   1.4258842e-01   1.2394647e-01
   1.3350000e+03   1.9382035e-03   9.9755903e-01   5.0276497e-04
   1.3230000e+03   1.2533044e-01   1.4106631e-02   8.6056293e-01
   1.6280000e+03   3.3706653e-02   9.3598174e-01   3.0311603e-02
   1.6100000e+03   2.6642713e-02   3.3070614e-01   6.4265115e-01
   1.6250000e+03   5.6784004e-01   1.2661817e-01   3.0554179e-01
   1.6310000e+03   5.1511177e-01   2.2497784e-01   2.5991039e-01
   1.3300000e+03   7.5177237e-02   3.2206663e-01   6.0275613e-01
   1.3320000e+03   1.8737246e-02   2.1374854e-02   9.5988790e-01
   1.3670000e+03   9.7521135e-01   1.2846237e-02   1.1942411e-02
   1.3400000e+03   9.7003585e-01   2.6457278e-02   3.5068717e-03
   1.4050000e+03   9.6665832e-01   3.0506874e-02   2.8348074e-03
   1.3400000e+03   1.3884325e-02   9.7848395e-01   7.6317292e-03
   1.3600000e+03   2.1205214e-02   1.0702336e-02   9.6809245e-01
   1.3450000e+03   8.8214074e-03   7.4217102e-03   9.8375688e-01
   1.3490000e+03   7.8865088e-03   9.6746516e-01   2.4648328e-02
   1.3730000e+03   9.2289486e-01   7.0224965e-02   6.8801703e-03
   1.3470000e+03   2.2960306e-02   9.3776104e-01   3.9278651e-02
   1.3500000e+03   6.3561218e-01   3.2527974e-01   3.9108076e-02
   1.3590000e+03   8.0115154e-02   6.7451812e-01   2.4536673e-01
   1.3570000e+03   6.1536589e-01   8.3798050e-02   3.0083606e-01
   1.3720000e+03   4.7770490e-01   1.1703442e-01   4.0526069e-01
   1.6900000e+03   1.2679262e-01   0.0000000e+00   8.7320738e-01
   1.3760000e+03   4.2415306e-01   3.7107193e-01   2.0477502e-01
   1.4240000e+03   9.8294724e-01   7.9910319e-04   1.6253658e-02
   1.3870000e+03   6.0208913e-02   4.6496201e-01   4.7482908e-01
   1.4180000e+03   9.9334880e-01   2.4831604e-03   4.1680356e-03
   1.3900000e+03   3.5312151e-04   9.9462471e-01   5.0221654e-03
   1.3920000e+03   3.1354889e-02   6.9030014e-01   2.7834497e-01
   1.3930000e+03   9.9265360e-01   4.0619985e-04   6.9401962e-03
   1.4120000e+03   9.9550688e-01   4.3063335e-03   1.8678522e-04
   1.4300000e+03   5.7084174e-03   9.9240976e-01   1.8818260e-03
   1.3940000e+03   6.6131710e-01   4.8306661e-02   2.9037624e-01
   1.5340000e+03   2.7001357e-01   5.3019012e-01   1.9979631e-01
   1.5290000e+03   1.1646746e-03   9.9329107e-01   5.5442564e-03
   1.3980000e+03   2.3032587e-02   9.7025231e-01   6.7151071e-03
   1.4060000e+03   2.7400725e-01   8.9684607e-02   6.3630815e-01
   1.4530000e+03   3.7112727e-03   9.8663909e-01   9.6496380e-03
   1.4030000e+03   1.3659823e-02   5.4778316e-01   4.3855702e-01
   1.4540000e+03   2.1420710e-02   6.3299437e-01   3.4558492e-01
   1.4020000e+03   7.4353523e-02   8.5376676e-01   7.1879714e-02
   1.4150000e+03   1.1792823e-02   1.0178192e-02   9.7802899e-01
   1.4120000e+03   0.0000000e+00  -0.0000000e+00   1.0000000e+00
   1.4210000e+03   1.4113846e-02   9.6766543e-01   1.8220728e-02
   1.4200000e+03   1.3915795e-01   8.0224947e-01   5.8592576e-02
   1.4370000e+03   9.7469741e-01   1.6826253e-02   8.4763381e-03
   1.4680000e+03   9.8282609e-02   3.0235101e-02   8.7148229e-01
   1.4360000e+03   5.2482774e-02   9.3327917e-01   1.4238055e-02
   1.4420000e+03   4.9799000e-01   6.4714986e-02   4.3729502e-01
   1.4300000e+03   1.8513309e-02   1.0812140e-02   9.7067455e-01
   1.4270000e+03   9.4536098e-02   4.9075337e-02   8.5638856e-01
   1.4450000e+03   2.0612700e-02   7.9698111e-03   9.7141749e-01
   1.4330000e+03   6.6928121e-04   6.7878896e-03   9.9254283e-01
   1.4390000e+03   1.3606648e-02   3.4218695e-03   9.8297148e-01
   1.4450000e+03   1.9843698e-02   9.6748770e-01   1.2668604e-02
   1.4460000e+03   1.6608594e-01   5.2302848e-01   3.1088557e-01
   1.4470000e+03   1.5385051e-01   8.0063334e-01   4.5516150e-02
   1.4490000e+03   5.9037101e-01   8.5335023e-03   4.0109549e-01
   1.5230000e+03   3.1249783e-01   5.7715440e-01   1.1034777e-01
   1.5170000e+03   6.7870414e-01   1.2691881e-01   1.9437705e-01
   1.5250000e+03   3.0127165e-01   2.1107235e-01   4.8765600e-01
   1.5220000e+03   2.0692182e-03   9.9168600e-01   6.2447820e-03
   1.5280000e+03   1.1384205e-03   9.9721273e-01   1.6488462e-03
   1.5380000e+03   8.1762081e-02   1.5227073e-01   7.6596719e-01
   1.6020000e+03   6.9934191e-02   2.5230664e-02   9.0483515e-01
   1.5910000e+03   2.4162238e-02   9.3415364e-01   4.1684123e-02
   1.5900000e+03   7.3393678e-01   1.6890921e-01   9.7154015e-02
   1.6240000e+03   9.4102942e-03   9.3130610e-01   5.9283603e-02
   1.6090000e+03   1.8451479e-02   9.3945075e-01   4.2097771e-02
   1.3200000e+03   8.8731682e-01   3.2515823e-03   1.0943159e-01
   1.5930000e+03   8.0213816e-03   9.1465858e-03   9.8283203e-01
   1.6010000e+03   4.4573071e-01   4.1949045e-02   5.1232025e-01
   1.6050000e+03   1.2604697e-02   9.6678754e-02   8.9071655e-01
   1.6120000e+03   1.7717489e-02   8.3569292e-01   1.4658959e-01
   1.6180000e+03   1.3890702e-01   7.4682993e-01   1.1426305e-01
   1.6230000e+03   7.9567893e-01   1.6486435e-01   3.9456722e-02
   1.6270000e+03   3.9682858e-01   7.7361668e-03   5.9543525e-01
   1.6900000e+03   7.3816536e-01   1.5335683e-02   2.4649896e-01
   1.7880000e+03   2.8114505e-02   7.0528674e-02   9.0135682e-01
   1.7850000e+03   1.0512416e-01   5.2823830e-01   3.6663754e-01
   1.7880000e+03   1.5810718e-01   8.0136056e-01   4.0532262e-02
   1.7890000e+03   1.0615712e-02   9.8587039e-01   3.5138959e-03
   1.7980000e+03   5.1379643e-03   7.2056267e-01   2.7429936e-01
   1.8220000e+03   5.4732633e-01   7.5734769e-02   3.7693890e-01
   1.8110000e+03   5.3180166e-01   4.5311066e-01   1.5087679e-02
   1.8030000e+03   1.9313598e-01   4.1725579e-01   3.8960823e-01
   1.8050000e+03   7.7964460e-02   6.8032511e-01   2.4171043e-01
   1.8060000e+03   2.6029688e-01   3.1419528e-01   4.2550784e-01
   1.1678000e+04   9.6456878e-01   1.9396103e-02   1.6035113e-02
   1.1657000e+04   5.3088721e-03   9.9147021e-01   3.2209216e-03
   3.3700000e+02   0.0000000e+00   4.3886336e-17   1.0000000e+00
   1.1661000e+04   9.9980112e-01   1.9887991e-04   0.0000000e+00
   1.2347000e+04   1.1531073e-04   9.9988469e-01   8.4944317e-16
   3.4500000e+02   1.0000000e+00  -0.0000000e+00  -0.0000000e+00
   1.1663000e+04   8.7613919e-01   9.0678331e-02   3.3182479e-02
   1.2617000e+04   6.5727890e-02   5.6637613e-02   8.7763450e-01
   1.1967000e+04   5.0090296e-04   1.5685783e-02   9.8381331e-01
   5.2300000e+02   1.6049585e-02   6.9696736e-03   9.7698074e-01
   3.4200000e+02   1.1683636e-01   7.6581860e-01   1.1734504e-01
   1.2619000e+04   1.3032270e-02   9.7482873e-01   1.2139001e-02
   1.2671000e+04   1.0311029e-01   5.8004370e-01   3.1684601e-01
   1.2634000e+04   5.5692011e-02   4.5109492e-02   8.9919850e-01
   1.1671000e+04   1.1553336e-01   3.5851374e-01   5.2595290e-01
   1.2113000e+04   5.1049498e-01   4.1092795e-01   7.8577073e-02
   4.4400000e+02   7.6073722e-02   9.0357919e-01   2.0347084e-02
   3.8500000e+02   1.7068809e-02   9.1455467e-01   6.8376522e-02
   4.0900000e+02   1.7119338e-03   1.0566112e-02   9.8772195e-01
   5.0400000e+02   9.8736548e-01   1.6109896e-03   1.1023528e-02
   1.2333000e+04   2.3822754e-02   4.5680369e-01   5.1937355e-01
   1.2367000e+04   1.8978437e-02   9.5284527e-01   2.8176292e-02
   1.2366000e+04   1.5028729e-03   9.9422935e-01   4.2677777e-03
   1.2328000e+04   1.5263519e-01   6.3492530e-01   2.1243951e-01
   1.2371000e+04   2.2807806e-01   6.6382850e-01   1.0809344e-01
   5.0800000e+02   7.4542311e-01   1.7310789e-01   8.1468999e-02
   5.0500000e+02   5.1295959e-03   1.9044306e-02   9.7582610e-01
   1.2342000e+04   1.3154934e-01   6.3692894e-01   2.3152172e-01
   5.2600000e+02   3.5063313e-01   5.5431138e-01   9.5055494e-02
   5.6400000e+02   2.3879028e-02   4.0427569e-01   5.7184528e-01
   5.8300000e+02   1.9638260e-02   6.9342465e-01   2.8693709e-01
   5.9000000e+02   9.9464927e-01   3.8733313e-03   1.4773977e-03
   5.9700000e+02   6.2874640e-01   3.0420310e-01   6.7050507e-02
   1.1679000e+04   6.5738286e-02   9.0004663e-01   3.4215085e-02
   1.1680000e+04   5.2126277e-01   3.8319524e-01   9.5541985e-02
   1.1684000e+04   6.5290904e-03   1.0586262e-01   8.8760829e-01
   1.2250000e+04   3.0110855e-01   2.7497432e-02   6.7139401e-01
   1.2322000e+04   2.2862066e-02   3.2609834e-02   9.4452810e-01
   1.1684000e+04   1.8131999e-01   6.2579322e-01   1.9288678e-01
   1.2134000e+04   2.3721002e-01   1.4813912e-01   6.1465086e-01
   1.1701000e+04   4.4096316e-01   1.6598765e-01   3.9304919e-01
   1.1702000e+04   9.9151504e-01   4.7271673e-03   3.7577972e-03
   1.1960000e+04   9.1594944e-02   5.9439665e-01   3.1400841e-01
   1.1690000e+04   9.2848556e-01   1.6844836e-02   5.4669604e-02
   1.1689000e+04   5.6932260e-02   3.0616523e-01   6.3690251e-01
   1.1711000e+04   2.4699383e-01   4.8057704e-02   7.0494847e-01
   1.1694000e+04   2.2777663e-02   9.4920584e-01   2.8016501e-02
   1.1732000e+04   8.6065503e-02   8.9499998e-01   1.8934521e-02
   1.1698000e+04   9.3770595e-01   3.9197892e-02   2.3096156e-02
   1.1707000e+04   8.0971027e-01   9.9723332e-02   9.0566398e-02
   1.1697000e+04   5.7381237e-04   2.0818817e-03   9.9734431e-01
   1.2801000e+04   7.9306309e-01   2.3532496e-02   1.8340441e-01
