   2.4880000e+03   2.1883124e-02   1.4742583e-01   8.3069104e-01
   2.4720000e+03   2.8995041e-01   9.5755516e-02   6.1429407e-01
   2.4710000e+03   3.0464547e-03   9.8977641e-01   7.1771360e-03
   2.6820000e+03   2.7493254e-02   9.6754838e-01   4.9583678e-03
   2.5190000e+03   1.1268253e-02   6.5289416e-01   3.3583759e-01
   2.6810000e+03   2.6120080e-01   7.0875920e-01   3.0040009e-02
   2.5020000e+03   1.1230518e-01   7.7488498e-01   1.1280984e-01
   2.5000000e+03   3.0157542e-01   6.3704742e-01   6.1377167e-02
   2.4810000e+03   8.6149308e-03   9.8556479e-01   5.8202769e-03
   2.5090000e+03   3.8422534e-02   1.0665866e-01   8.5491880e-01
   2.4870000e+03   2.5122122e-02   8.1263796e-03   9.6675150e-01
   2.4690000e+03   3.6510251e-01   5.7790956e-01   5.6987931e-02
   2.5090000e+03   7.9175412e-02   2.4183008e-01   6.7899451e-01
   2.4650000e+03   6.0734245e-01   3.7969511e-01   1.2962443e-02
   2.4660000e+03   6.6076122e-01   2.9190749e-01   4.7331299e-02
   2.5090000e+03   1.1302793e-01   3.9496541e-01   4.9200666e-01
   2.4650000e+03   1.8591853e-01   8.0356759e-01   1.0513879e-02
   2.4660000e+03   2.4112903e-01   7.3662721e-01   2.2243762e-02
   2.4800000e+03   8.5586038e-02   2.6882265e-01   6.4559131e-01
   2.4730000e+03   3.3060155e-01   5.3014551e-01   1.3925294e-01
   2.4920000e+03   6.8760994e-02   4.7138589e-01   4.5985311e-01
   2.4750000e+03   3.5937921e-01   6.2138709e-01   1.9233704e-02
   2.5040000e+03   4.9633063e-01   3.7482856e-01   1.2884081e-01
   2.6780000e+03   4.3668252e-03   9.9516353e-01   4.6964007e-04
   2.7040000e+03   1.0626903e-02   1.4350600e-01   8.4586710e-01
   2.7100000e+03   9.4708393e-03   1.8059443e-01   8.0993474e-01
   2.4840000e+03   1.1154702e-02   2.4386141e-01   7.4498389e-01
   2.7100000e+03   4.0250703e-02   3.6835532e-01   5.9139397e-01
   2.7150000e+03   9.5251052e-01   4.4994036e-02   2.4954459e-03
   2.7100000e+03   5.8866531e-02   5.7226980e-01   3.6886367e-01
   2.4940000e+03   1.1890610e-01   8.7210505e-01   8.9888440e-03
   2.4500000e+03   2.6721788e-01   5.2116757e-01   2.1161455e-01
   2.6880000e+03   1.0520554e-01   4.3262980e-01   4.6216466e-01
   2.6790000e+03   7.8126637e-01   2.1116610e-01   7.5675266e-03
   2.6780000e+03   1.0753409e-01   6.8528279e-03   8.8561308e-01
   2.5060000e+03   5.3374752e-02   2.0957920e-01   7.3704605e-01
   2.5080000e+03   5.4396174e-02   2.1266622e-01   7.3293760e-01
   2.4520000e+03   5.1748454e-03   9.9482515e-01   2.1454972e-16
   2.5090000e+03   1.2431493e-01   5.8337415e-01   2.9231092e-01
   2.5120000e+03   5.0298348e-02   2.2638833e-01   7.2331332e-01
   2.5420000e+03   1.6314210e-02   1.4817018e-02   9.6886877e-01
   2.5170000e+03   3.9866633e-01   9.0265288e-02   5.1106838e-01
   2.4470000e+03   8.9721646e-01   4.7710697e-02   5.5072841e-02
   2.7180000e+03   2.7105142e-01   3.4997677e-01   3.7897181e-01
   2.5140000e+03   5.7260997e-01   1.4172736e-01   2.8566267e-01
   2.5230000e+03   8.3863018e-02   2.0480607e-02   8.9565637e-01
   2.7170000e+03   6.0277348e-01   1.1855365e-01   2.7867287e-01
   2.7220000e+03   1.9025426e-01   3.3191230e-01   4.7783344e-01
   2.7240000e+03   1.9559823e-02   3.0543839e-01   6.7500178e-01
   2.5250000e+03   2.9215476e-02   6.2616792e-02   9.0816773e-01
   2.5240000e+03   7.1795746e-01   2.3179112e-01   5.0251420e-02
   2.7280000e+03   2.2828438e-02   3.4417382e-01   6.3299774e-01
   2.7280000e+03   5.9843933e-01   1.2134423e-01   2.8021644e-01
   2.7260000e+03   4.7673334e-03   1.8369617e-03   9.9339570e-01
   2.5330000e+03   9.7216228e-04   8.5492529e-01   1.4410254e-01
   2.4480000e+03   4.0314723e-01   1.0382322e-01   4.9302955e-01
   2.5420000e+03   6.5134348e-01   1.0619756e-01   2.4245897e-01
   2.4480000e+03   5.0030725e-02   6.0270547e-01   3.4726380e-01
   2.6860000e+03   8.9129158e-01   3.8642990e-03   1.0484412e-01
   2.7170000e+03   1.5048001e-01   1.6136573e-01   6.8815427e-01
   2.6800000e+03   1.7371615e-01   1.8831277e-01   6.3797109e-01
   2.5380000e+03   3.1084912e-01   6.7937497e-01   9.7759092e-03
   2.5390000e+03   7.2004100e-02   7.7204531e-01   1.5595059e-01
   2.5690000e+03   9.5449355e-01   4.3360594e-02   2.1458555e-03
   2.5480000e+03   2.4485296e-02   1.9009960e-01   7.8541510e-01
   2.5510000e+03   9.8547312e-01   5.7912189e-03   8.7356562e-03
   2.5460000e+03   1.7668889e-02   7.0185227e-01   2.8047884e-01
   2.5510000e+03   5.3340781e-03   4.8492158e-03   9.8981671e-01
   2.6000000e+03   1.4583127e-02   2.6354295e-01   7.2187392e-01
   2.6020000e+03   5.4033251e-03   4.4243258e-03   9.9017235e-01
   2.5920000e+03   6.0502064e-03   4.7014457e-03   9.8924835e-01
   2.5630000e+03   6.1297675e-03   5.1851734e-03   9.8868506e-01
   2.5810000e+03   6.9048117e-03   5.3956904e-03   9.8769950e-01
   2.5940000e+03   6.7067315e-03   4.8402407e-03   9.8845303e-01
   2.7440000e+03   7.3514362e-03   4.9502371e-03   9.8769833e-01
   2.5680000e+03   3.0218431e-02   7.4156300e-01   2.2821857e-01
   2.5710000e+03   2.1045865e-03   2.4068117e-01   7.5721424e-01
   2.7680000e+03   1.7827133e-01   9.1384236e-03   8.1259024e-01
   2.6660000e+03   5.9674645e-03   4.6693632e-03   9.8936317e-01
   2.5830000e+03   7.9932373e-03   5.5882799e-03   9.8641848e-01
   2.6160000e+03   8.4205981e-03   5.4436254e-03   9.8613578e-01
   2.7460000e+03   7.8956712e-03   4.8210816e-03   9.8728325e-01
   2.5820000e+03   1.6818900e-02   9.6258372e-01   2.0597379e-02
   2.5960000e+03   5.8869236e-03   4.1452109e-03   9.8996787e-01
   2.5980000e+03   6.4916734e-03   4.2459681e-03   9.8926236e-01
   2.7480000e+03   7.0140378e-03   4.3224671e-03   9.8866350e-01
   2.6000000e+03   1.3464911e-02   7.9723118e-01   1.8930391e-01
   2.6050000e+03   5.3614831e-03   2.7306472e-03   9.9190787e-01
   2.6200000e+03   5.9393554e-02   7.8992090e-01   1.5068555e-01
   2.6180000e+03   9.8029012e-03   4.1411758e-03   9.8605592e-01
   2.4540000e+03   9.8595794e-01   7.5638959e-03   6.4781592e-03
   2.6150000e+03   7.2674699e-02   8.8836600e-01   3.8959304e-02
   2.7760000e+03   2.5616406e-02   5.7697892e-02   9.1668570e-01
   2.6250000e+03   7.7000579e-03   6.3563485e-03   9.8594359e-01
   2.6430000e+03   5.3402147e-01   1.6708324e-01   2.9889529e-01
   2.6470000e+03   7.9245783e-03   3.4184908e-03   9.8865693e-01
   2.6480000e+03   8.8963848e-03   3.2301581e-03   9.8787346e-01
   2.6420000e+03   7.8497370e-02   5.0082772e-01   4.2067491e-01
   2.6350000e+03   2.9267955e-02   4.1387226e-01   5.5685979e-01
   2.6370000e+03   6.7364979e-03   5.5348818e-03   9.8772862e-01
   2.6550000e+03   7.3250714e-03   4.4697423e-03   9.8820519e-01
   2.9710000e+03   1.0384965e-02   1.2084777e-01   8.6876727e-01
   3.0880000e+03   1.1403661e-02   1.9589505e-03   9.8663739e-01
   2.6470000e+03   2.0242546e-02   7.7722718e-01   2.0253028e-01
   2.6510000e+03   6.7659853e-03   6.9413221e-03   9.8629269e-01
   2.7610000e+03   5.0659431e-01   4.1713198e-01   7.6273709e-02
   2.6570000e+03   6.1352851e-03   4.0805770e-03   9.8978414e-01
   2.6580000e+03   5.6852590e-03   2.3309704e-03   9.9198377e-01
   2.6640000e+03   6.3599806e-04   7.3702359e-01   2.6234042e-01
   2.6660000e+03   1.1002233e-02   6.7595856e-01   3.1303921e-01
   2.7870000e+03   8.8762512e-01   7.3017820e-02   3.9357058e-02
   2.6680000e+03   4.4811998e-02   2.9662171e-01   6.5856629e-01
   2.6680000e+03   2.8004951e-02   6.9196975e-01   2.8002530e-01
   2.7880000e+03   8.7283788e-01   7.7861068e-02   4.9301052e-02
   2.6690000e+03   4.7918282e-02   2.5105121e-01   7.0103050e-01
   2.6690000e+03   2.2423543e-02   6.4155710e-01   3.3601936e-01
   2.7320000e+03   6.6117614e-01   4.5074675e-02   2.9374919e-01
   2.6710000e+03   9.0417533e-01   8.4113686e-02   1.1710983e-02
   2.7800000e+03   1.3980732e-01   4.6663887e-01   3.9355381e-01
   2.6710000e+03   1.0146455e-02   3.4186761e-01   6.4798593e-01
   2.6740000e+03   7.2681412e-01   3.0468185e-02   2.4271769e-01
   2.6890000e+03   1.7177714e-02   3.5721683e-01   6.2560546e-01
   2.6840000e+03   7.4456102e-02   2.9501036e-01   6.3053354e-01
   2.6860000e+03   4.5583040e-02   3.4927348e-01   6.0514348e-01
   2.6910000e+03   6.0706519e-03   1.4490206e-03   9.9248033e-01
   2.6930000e+03   6.3219388e-03   5.8653929e-03   9.8781267e-01
   2.6940000e+03   1.0568120e-01   3.0335569e-01   5.9096311e-01
   2.7060000e+03   5.9610553e-02   2.7641235e-01   6.6397709e-01
   2.6980000e+03   1.3092175e-02   2.3983150e-01   7.4707633e-01
   2.6950000e+03   3.3157343e-01   3.7224073e-02   6.3120250e-01
   2.6980000e+03   4.8455057e-02   6.3421883e-01   3.1732611e-01
   2.7100000e+03   4.9672163e-02   8.0189324e-01   1.4843460e-01
   2.7140000e+03   2.8897336e-01   1.0872294e-01   6.0230370e-01
   2.7160000e+03   5.6693502e-02   1.1859624e-01   8.2471026e-01
   2.7170000e+03   1.8884660e-01   4.7995845e-01   3.3119496e-01
   2.7220000e+03   1.0531747e-01   7.3693168e-01   1.5775084e-01
   2.7230000e+03   3.1155413e-01   1.6545053e-01   5.2299534e-01
   2.7350000e+03   7.1976549e-01   2.2308758e-01   5.7146928e-02
   2.7300000e+03   1.4519703e-02   4.4493714e-01   5.4054316e-01
   2.7270000e+03   2.2628117e-01   7.5909909e-01   1.4619741e-02
   2.7290000e+03   2.9903412e-01   6.9092194e-01   1.0043937e-02
   2.7310000e+03   5.1167784e-02   8.8812931e-01   6.0702910e-02
   2.7330000e+03   1.1602733e-02   8.6287145e-01   1.2552582e-01
   2.7500000e+03   7.6363696e-03   4.3266715e-03   9.8803696e-01
   2.7510000e+03   9.8778027e-01   3.9942555e-03   8.2254746e-03
   2.7530000e+03   4.9571779e-01   7.9756729e-03   4.9630653e-01
   2.7770000e+03   4.1268404e-01   7.0289847e-02   5.1702611e-01
   2.7560000e+03   2.6701869e-01   4.1187355e-01   3.2110776e-01
   2.7570000e+03   5.3735141e-01   4.5846262e-01   4.1859740e-03
   3.0910000e+03   9.7456117e-02   2.9755602e-01   6.0498786e-01
   2.7620000e+03   8.1697350e-01   1.1817305e-01   6.4853452e-02
   2.7690000e+03   3.1786911e-03   1.5376673e-01   8.4305457e-01
   2.7750000e+03   4.0981132e-03   9.9290234e-01   2.9995428e-03
   2.8700000e+03   1.0546135e-01   8.6182928e-01   3.2709369e-02
   3.0080000e+03   3.3946793e-03   9.7414988e-01   2.2455439e-02
   2.8360000e+03   1.0519864e-01   4.2215314e-02   8.5258605e-01
   2.8360000e+03   5.7111272e-02   4.2699084e-01   5.1589789e-01
   2.8360000e+03   3.9568901e-01   1.1308294e-01   4.9122806e-01
   2.8130000e+03   5.1721188e-02   6.8785181e-01   2.6042700e-01
   2.7930000e+03   6.1149909e-01   1.7920200e-01   2.0929891e-01
   2.8020000e+03   1.9493233e-01   4.2908387e-01   3.7598381e-01
   2.8200000e+03   4.0782682e-03   2.5954895e-02   9.6996684e-01
   2.7970000e+03   4.5257769e-02   9.0875136e-01   4.5990876e-02
   2.8330000e+03   5.5355562e-01   6.1214058e-02   3.8523032e-01
   2.8190000e+03   6.6561025e-01   3.3220468e-01   2.1850674e-03
   2.8290000e+03   1.1432377e-01   7.7072339e-01   1.1495284e-01
   2.8050000e+03   7.1553636e-02   1.8156076e-01   7.4688561e-01
   3.0310000e+03   4.1177976e-01   7.2788258e-02   5.1543199e-01
   2.8110000e+03   2.4458053e-01   1.1195829e-02   7.4422364e-01
   3.0350000e+03   9.1677914e-01   6.6839427e-02   1.6381430e-02
   3.0380000e+03   1.8099276e-01   1.4437214e-02   8.0457003e-01
   3.0380000e+03   3.6910904e-01   4.0599973e-02   5.9029099e-01
   3.0380000e+03   5.7310632e-01   5.8833646e-02   3.6806003e-01
   2.8180000e+03   1.0616180e-01   5.9179573e-01   3.0204248e-01
   3.0150000e+03   4.7201008e-01   1.3230263e-01   3.9568729e-01
   3.0030000e+03   2.5976422e-01   2.6817096e-01   4.7206483e-01
   3.0050000e+03   1.5739700e-02   9.1099119e-02   8.9316118e-01
   2.8300000e+03   8.9029256e-01   4.5888622e-02   6.3818815e-02
   2.8320000e+03   2.1432122e-01   5.6118616e-02   7.2956017e-01
   2.8350000e+03   2.1770311e-01   5.5093788e-02   7.2720310e-01
   2.4600000e+03   2.8753701e-01   6.9896210e-01   1.3500893e-02
   2.8360000e+03   5.7975198e-01   1.3334189e-01   2.8690613e-01
   2.8390000e+03   2.2952097e-01   5.6599505e-02   7.1387953e-01
   2.4560000e+03   7.5250513e-01   2.1945745e-01   2.8037427e-02
   2.8600000e+03   9.1727605e-02   3.2618120e-01   5.8209120e-01
   3.0440000e+03   3.4314609e-01   8.9084734e-02   5.6776918e-01
   2.8570000e+03   8.7781953e-03   7.0804274e-03   9.8414138e-01
   2.8690000e+03   1.5826291e-01   5.5202906e-01   2.8970802e-01
   2.8490000e+03   9.1466694e-01   7.4996696e-02   1.0336359e-02
   3.0490000e+03   3.3511249e-01   1.9309163e-01   4.7179588e-01
   3.0510000e+03   3.0825567e-01   2.3254225e-02   6.6849010e-01
   3.0500000e+03   6.0073609e-02   2.4705324e-01   6.9287315e-01
   2.8520000e+03   6.2813463e-02   1.6093406e-02   9.2109313e-01
   2.8540000e+03   8.9790683e-02   3.3534284e-02   8.7667503e-01
   2.4570000e+03   4.6438847e-01   2.2450722e-01   3.1110431e-01
   3.0130000e+03   1.9151637e-01   4.2500999e-01   3.8347364e-01
   3.0440000e+03   6.8655377e-01   1.6615216e-01   1.4729407e-01
   2.8640000e+03   5.3035220e-01   1.9761650e-01   2.7203130e-01
   2.8630000e+03   8.1794584e-02   2.6087267e-01   6.5733275e-01
   2.8730000e+03   7.0459716e-01   1.5732589e-02   2.7967025e-01
   2.9270000e+03   2.6613779e-01   1.3178347e-02   7.2068386e-01
   2.8780000e+03   8.8063575e-03   2.9655627e-03   9.8822808e-01
   2.9300000e+03   7.1350485e-03   2.7920368e-03   9.9007291e-01
   2.8860000e+03   7.6107224e-03   2.0560737e-03   9.9033320e-01
   2.9190000e+03   6.5806474e-03   2.0788468e-03   9.9134051e-01
   2.8900000e+03   6.5037930e-03   1.2189305e-03   9.9227728e-01
   2.9230000e+03   6.3475968e-03   1.5014140e-03   9.9215099e-01
   2.9060000e+03   5.9126323e-03   2.5457789e-15   9.9408737e-01
   3.0710000e+03   6.2081092e-03   9.7601083e-04   9.9281588e-01
   2.8950000e+03   6.9510287e-01   7.8114133e-02   2.2678300e-01
   2.8980000e+03   2.1844780e-01   5.3416338e-02   7.2813586e-01
   2.9050000e+03   5.0752400e-04   4.8143303e-03   9.9467815e-01
   3.0750000e+03   6.1083013e-03   4.7188081e-04   9.9341982e-01
   2.9090000e+03   1.1156637e-03   3.9223723e-03   9.9496196e-01
   2.9090000e+03   2.9098431e-02   9.5516718e-01   1.5734385e-02
   2.9210000e+03   7.8573980e-03   3.2561529e-03   9.8888645e-01
   2.9250000e+03   7.6451552e-03   2.8192301e-03   9.8953561e-01
   3.0730000e+03   7.6108694e-03   2.4784910e-03   9.8991064e-01
   2.9270000e+03   8.0020132e-01   1.2477209e-02   1.8732147e-01
   2.9320000e+03   5.6359953e-03   3.7536918e-03   9.9061031e-01
   2.9400000e+03   1.3527316e-03   3.3551571e-03   9.9529211e-01
   2.9400000e+03   4.8601443e-02   8.8075895e-01   7.0639603e-02
   2.9440000e+03   2.6972955e-03   2.6660056e-03   9.9463670e-01
   3.1000000e+03   9.4374822e-01   4.8026001e-03   5.1449180e-02
   2.9630000e+03   4.3230177e-03   5.0534007e-04   9.9517164e-01
   2.9830000e+03   5.1263922e-03   3.9532609e-04   9.9447828e-01
   2.9490000e+03   4.9919072e-03   9.9471906e-01   2.8903159e-04
   2.9740000e+03   4.2660442e-03   9.9395302e-01   1.7809363e-03
   2.9700000e+03   1.6698270e-01   5.1493278e-01   3.1808451e-01
   2.9690000e+03   4.4447283e-01   4.8187952e-01   7.3647652e-02
   2.4640000e+03   1.3923149e-03   9.9453105e-01   4.0766342e-03
   3.1000000e+03   4.3152160e-03   6.1778408e-03   9.8950694e-01
   2.9590000e+03   4.2160344e-03   4.7083180e-04   9.9531313e-01
   2.9790000e+03   4.7952784e-03   1.0352891e-03   9.9416943e-01
   2.9740000e+03   7.7888539e-01   1.0634269e-02   2.1048034e-01
   2.9750000e+03   3.8863254e-03   3.3519244e-03   9.9276175e-01
   2.9770000e+03   9.7666372e-03   3.9051400e-01   5.9971936e-01
   3.1030000e+03   2.3255048e-03   7.4537539e-03   9.9022074e-01
   2.9810000e+03   2.7055388e-03   4.3244645e-03   9.9297000e-01
   2.9910000e+03   7.4075850e-01   2.3720990e-03   2.5686940e-01
   2.9930000e+03   6.8006375e-01   1.1103670e-02   3.0883258e-01
   3.1170000e+03   1.1419267e-01   3.1944372e-01   5.6636361e-01
   2.9950000e+03   6.2809824e-01   3.3098809e-01   4.0913664e-02
   2.9990000e+03   3.3468301e-01   6.3747153e-01   2.7845464e-02
   3.0520000e+03   1.1360213e-02   9.7167477e-01   1.6965016e-02
   2.9980000e+03   2.9372945e-01   6.5211653e-01   5.4154016e-02
   3.1090000e+03   6.1141444e-02   5.7565532e-01   3.6320324e-01
   3.0110000e+03   3.0111380e-01   7.4233023e-02   6.2465318e-01
   3.0200000e+03   2.2463446e-02   7.1684665e-03   9.7036809e-01
   3.0210000e+03   6.2641239e-02   6.1243094e-02   8.7611567e-01
   3.0220000e+03   2.1930591e-01   1.3787400e-01   6.4282009e-01
   3.0330000e+03   4.7077288e-01   6.2113599e-02   4.6711352e-01
   3.0250000e+03   6.3455298e-01   5.3100521e-02   3.1234650e-01
   3.0290000e+03   1.8008653e-02   1.2191096e-02   9.6980025e-01
   3.0380000e+03   8.0301570e-01   6.0872868e-02   1.3611143e-01
   3.0400000e+03   8.0625580e-01   1.7270263e-01   2.1041572e-02
   3.0430000e+03   1.2015643e-01   6.7679696e-02   8.1216387e-01
   3.0440000e+03   1.6559812e-01   6.4004834e-01   1.9435354e-01
   3.0500000e+03   4.6421526e-01   2.1966103e-01   3.1612371e-01
   3.0620000e+03   7.7182967e-03   4.3491694e-01   5.5736476e-01
   3.0540000e+03   3.1017943e-02   3.1087656e-01   6.5810550e-01
   3.0540000e+03   1.0117983e-02   7.6711914e-01   2.2276287e-01
   3.0610000e+03   4.5643374e-01   1.5106078e-01   3.9250549e-01
   3.0590000e+03   1.3340730e-01   8.5954540e-01   7.0472988e-03
   3.1070000e+03   7.5523548e-03   9.8935283e-01   3.0948181e-03
   3.0770000e+03   7.6077768e-03   2.3368091e-03   9.9005541e-01
   3.0790000e+03   2.2279837e-03   9.9244851e-01   5.3235092e-03
   3.0810000e+03   4.9615047e-01   5.0179873e-01   2.0507938e-03
   3.1050000e+03   2.2813258e-01   1.9810796e-01   5.7375945e-01
   3.0830000e+03   5.1942025e-02   2.8474329e-01   6.6331469e-01
   3.0890000e+03   6.8567705e-01   1.4720158e-01   1.6712136e-01
   3.0960000e+03   3.2657757e-01   6.2832912e-01   4.5093303e-02
   2.5060000e+03   8.5086648e-02   6.5559726e-01   2.5931609e-01
   2.5080000e+03   1.2077500e-01   6.8263787e-01   1.9658714e-01
   3.4010000e+03   1.5846699e-15   9.9485902e-01   5.1409799e-03
   2.5090000e+03   6.1696896e-02   8.2231015e-01   1.1599295e-01
   2.5120000e+03   7.4695694e-02   6.3581532e-01   2.8948898e-01
   2.7200000e+03   2.7549402e-02   8.1742080e-01   1.5502980e-01
   3.3740000e+03   3.7756953e-03   9.9069664e-01   5.5276642e-03
   3.3720000e+03   3.8508776e-03   9.9019341e-01   5.9557128e-03
   3.3010000e+03   3.9526894e-03   9.8972905e-01   6.3182632e-03
   3.3550000e+03   3.0803702e-01   6.8499293e-01   6.9700474e-03
   2.6050000e+03   1.1236118e-02   6.7993360e-01   3.0883028e-01
   3.3270000e+03   4.0362522e-01   5.8318107e-01   1.3193712e-02
   2.6510000e+03   1.8385234e-02   6.8790087e-01   2.9371390e-01
   2.7610000e+03   1.0300022e-02   8.5014396e-01   1.3955602e-01
   3.3170000e+03   4.8184572e-03   9.9049183e-01   4.6897168e-03
   3.3150000e+03   7.9029717e-03   9.8766180e-01   4.4352290e-03
   3.3480000e+03   2.5901232e-01   2.9998743e-04   7.4068770e-01
   3.3440000e+03   2.5627500e-01   7.4166607e-01   2.0589288e-03
   2.6840000e+03   4.9194371e-03   7.8459059e-01   2.1048997e-01
   3.4260000e+03   1.3658486e-04   9.9593575e-01   3.9276693e-03
   3.4130000e+03   5.6041910e-03   9.9439581e-01   3.2129275e-15
   3.4070000e+03   1.0464868e-01   8.2991142e-01   6.5439900e-02
   3.4060000e+03   1.5316655e-01   8.4043707e-01   6.3963775e-03
   3.4500000e+03   1.3294448e-03   9.9543253e-01   3.2380238e-03
   2.7190000e+03   1.0273774e-01   8.8275354e-01   1.4508727e-02
   3.4190000e+03   2.4494664e-03   8.4764330e-01   1.4990723e-01
   3.4210000e+03   4.9853036e-01   3.6598725e-01   1.3548239e-01
   3.4380000e+03   5.1682471e-02   8.1195571e-01   1.3636182e-01
   3.4360000e+03   5.3314826e-02   8.6026818e-01   8.6416993e-02
   2.7310000e+03   3.7513463e-02   3.1784158e-01   6.4464496e-01
   2.7700000e+03   4.6257734e-03   9.9510736e-01   2.6686358e-04
   3.2990000e+03   4.0797469e-03   9.8928441e-01   6.6358404e-03
   3.2880000e+03   4.1819970e-03   9.8911333e-01   6.7046694e-03
   3.2860000e+03   4.4371364e-03   9.8896156e-01   6.6013075e-03
   3.2930000e+03   3.8717333e-03   9.8989227e-01   6.2359927e-03
   3.8090000e+03   2.6802772e-03   7.5379008e-01   2.4352964e-01
   3.3340000e+03   1.2246980e-01   1.4074354e-01   7.3678666e-01
   3.1380000e+03   1.3623660e-02   3.2081276e-01   6.6556358e-01
   3.1400000e+03   4.0213550e-03   1.8012439e-01   8.1585425e-01
   3.1390000e+03   7.8732105e-01   1.7967236e-01   3.3006584e-02
   3.1510000e+03   2.0887548e-03   9.9236381e-01   5.5474362e-03
   3.1400000e+03   4.3019169e-02   7.0457999e-01   2.5240084e-01
   3.3560000e+03   1.5436950e-02   8.4149920e-01   1.4306385e-01
   3.1550000e+03   3.3716405e-03   9.9095964e-01   5.6687192e-03
   3.3710000e+03   3.5609398e-02   3.0821601e-01   6.5617459e-01
   3.3530000e+03   2.4798584e-02   4.0787047e-01   5.6733095e-01
   3.1430000e+03   2.3967121e-02   1.8359549e-01   7.9243739e-01
   3.1440000e+03   1.7861649e-02   1.6861377e-01   8.1352459e-01
   3.1460000e+03   3.9461850e-03   2.1859546e-03   9.9386786e-01
   3.1480000e+03   4.0835727e-03   5.4871455e-03   9.9042928e-01
   3.1580000e+03   1.4943459e-02   3.5231239e-01   6.3274415e-01
   3.1500000e+03   9.0411588e-02   4.0609482e-01   5.0349360e-01
   3.1520000e+03   3.8702145e-02   3.1211877e-01   6.4917908e-01
   3.1240000e+03   1.0979450e-03   3.7728690e-03   9.9512919e-01
   3.1490000e+03   1.7292815e-03   9.9200170e-01   6.2690149e-03
   3.2770000e+03   2.0495745e-03   9.9522011e-01   2.7303167e-03
   3.1530000e+03   2.7790702e-03   9.9175330e-01   5.4676283e-03
   3.1570000e+03   6.6141947e-01   3.3106173e-01   7.5188015e-03
   3.1590000e+03   6.9995479e-01   2.8701248e-01   1.3032727e-02
   3.1610000e+03   1.4424328e-02   3.5524315e-01   6.3033252e-01
   3.1720000e+03   6.9568149e-01   2.8637119e-01   1.7947321e-02
   3.1670000e+03   7.9303512e-01   1.9981129e-01   7.1535850e-03
   3.3030000e+03   9.9596816e-01   8.4442692e-04   3.1874116e-03
   3.1650000e+03   2.7892140e-02   2.5740894e-01   7.1469892e-01
   3.2760000e+03   4.0549621e-02   2.5752345e-01   7.0192693e-01
   3.3060000e+03   9.9561950e-01   3.1478579e-03   1.2326381e-03
   3.1650000e+03   2.5425219e-02   7.1107055e-01   2.6350423e-01
   3.2760000e+03   4.5398084e-02   6.6511574e-01   2.8948617e-01
   3.2770000e+03   8.2670985e-01   1.3456387e-01   3.8726277e-02
   3.1680000e+03   9.0314324e-03   2.2627941e-01   7.6468915e-01
   3.2810000e+03   6.8676653e-01   2.9941129e-01   1.3822187e-02
   3.1710000e+03   2.7306664e-03   2.2716941e-03   9.9499764e-01
   3.1670000e+03   2.5360424e-01   7.4058822e-01   5.8075321e-03
   3.1770000e+03   1.3837870e-03   4.5142092e-03   9.9410200e-01
   3.1760000e+03   7.2845450e-01   2.4677364e-01   2.4771862e-02
   3.4510000e+03   6.9481857e-01   3.1014381e-02   2.7416705e-01
   3.1800000e+03   3.1182914e-01   8.2454225e-02   6.0571664e-01
   3.1250000e+03   7.1462839e-02   4.6826621e-01   4.6027095e-01
   3.3240000e+03   1.4845647e-02   3.2331504e-02   9.5282285e-01
   3.1790000e+03   5.7113309e-03   9.9217667e-01   2.1119998e-03
   3.3260000e+03   3.7965451e-03   2.4467288e-01   7.5153057e-01
   3.1810000e+03   4.8183228e-03   9.9405044e-01   1.1312408e-03
   3.3070000e+03   1.7383838e-01   2.1077669e-01   6.1538494e-01
   3.1840000e+03   9.4947884e-02   3.1902442e-01   5.8602769e-01
   3.1830000e+03   1.2109309e-01   5.9240682e-01   2.8650008e-01
   3.1880000e+03   4.5674270e-01   1.5420626e-01   3.8905104e-01
   3.1890000e+03   5.9704339e-01   8.8891734e-02   3.1406488e-01
   3.3610000e+03   3.9178162e-03   1.6317152e-03   9.9445047e-01
   3.2060000e+03   9.9515082e-01   4.8491805e-03   6.7925077e-16
   3.2070000e+03   3.5166233e-03   8.9843989e-04   9.9558494e-01
   3.3370000e+03   9.9567119e-01   2.5571951e-15   4.3288071e-03
   3.1900000e+03   5.4414466e-03   9.9455855e-01   3.4634392e-15
   3.1920000e+03   1.2353791e-03   9.9503386e-01   3.7307615e-03
   3.1950000e+03   3.4735539e-03   6.8367038e-01   3.1285607e-01
   3.1940000e+03   3.9506136e-03   9.9179642e-01   4.2529700e-03
   3.1960000e+03   1.5639531e-03   9.9450613e-01   3.9299193e-03
   3.1990000e+03   1.2097315e-03   9.9630485e-01   2.4854192e-03
   3.2010000e+03   8.9572283e-04   9.9645792e-01   2.6463532e-03
   3.4670000e+03   5.9536103e-04   9.9655053e-01   2.8541123e-03
   3.4330000e+03   1.9663422e-02   7.1917197e-01   2.6116461e-01
   3.2050000e+03   5.7685766e-04   9.9646000e-01   2.9631406e-03
   3.4860000e+03   9.9559339e-01   4.4066149e-03   0.0000000e+00
   3.2110000e+03   3.3320256e-03   5.1785228e-04   9.9615012e-01
   3.2100000e+03   9.9705142e-01   2.9165438e-03   3.2037933e-05
   3.2120000e+03   9.9710207e-01   2.7616025e-03   1.3633109e-04
   3.4280000e+03   1.3732064e-01   1.2564206e-01   7.3703731e-01
   3.2140000e+03   5.2370950e-01   4.5942948e-02   4.3034755e-01
   3.2360000e+03   1.4798960e-01   6.3998642e-03   8.4561054e-01
   3.4270000e+03   9.9572994e-01   0.0000000e+00   4.2700608e-03
   3.2170000e+03   6.1003615e-01   3.5078156e-01   3.9182284e-02
   3.2350000e+03   2.9089898e-01   1.6817054e-03   7.0741932e-01
   3.2170000e+03   4.4365482e-02   6.9226761e-01   2.6336691e-01
   3.2160000e+03   3.5138047e-02   6.1094164e-01   3.5392031e-01
   3.4160000e+03   1.9599322e-01   7.7876361e-02   7.2613042e-01
   3.2260000e+03   3.0237091e-02   3.4632649e-01   6.2343642e-01
   3.2380000e+03   4.7879081e-04   3.0708622e-01   6.9243499e-01
   3.2410000e+03   8.6585963e-01   1.3336526e-01   7.7510178e-04
   3.2220000e+03   4.3345314e-02   1.8705785e-01   7.6959683e-01
   3.2210000e+03   8.3102335e-01   3.7201373e-02   1.3177528e-01
   3.2240000e+03   5.0294186e-01   4.5360321e-01   4.3454933e-02
   3.4850000e+03   4.3918887e-01   5.1828038e-01   4.2530744e-02
   3.2280000e+03   5.4845401e-02   4.5763882e-01   4.8751578e-01
   3.2280000e+03   9.9902692e-01   4.2532812e-04   5.4775569e-04
   3.2260000e+03   1.5285353e-02   7.2086215e-01   2.6385249e-01
   3.2280000e+03   1.3340448e-04   9.9868510e-01   1.1814926e-03
   3.2270000e+03   3.4304315e-01   5.8353750e-01   7.3419349e-02
   3.4170000e+03   9.0608502e-01   6.5879099e-02   2.8035879e-02
   3.2300000e+03   4.4774870e-02   6.5738482e-01   2.9784031e-01
   3.4240000e+03   7.9752611e-01   1.4359954e-01   5.8874347e-02
   3.1190000e+03   1.8620021e-01   1.0739661e-01   7.0640318e-01
   3.1210000e+03   6.2241455e-01   5.9657039e-03   3.7161974e-01
   3.4090000e+03   8.8853939e-01   8.9488323e-02   2.1972291e-02
   3.2340000e+03   3.0218256e-01   8.0949080e-03   6.8972253e-01
   3.2340000e+03   5.4205006e-01   2.3517795e-01   2.2277200e-01
   3.2330000e+03   1.5097354e-03   7.8873032e-04   9.9770153e-01
   3.2330000e+03   8.8262684e-02   6.0560958e-01   3.0612773e-01
   3.4630000e+03   2.2420354e-02   1.6960011e-01   8.0797953e-01
   3.2380000e+03   4.7836249e-02   6.7133519e-01   2.8082857e-01
   3.4180000e+03   3.4972629e-02   1.6853778e-02   9.4817359e-01
   3.2400000e+03   8.9234280e-01   8.2222825e-02   2.5434377e-02
   3.3770000e+03   4.8518268e-02   3.9438994e-01   5.5709179e-01
   3.2690000e+03   3.6181100e-02   2.8993761e-01   6.7388129e-01
   3.2590000e+03   9.9695596e-01   2.1291764e-03   9.1486529e-04
   3.2640000e+03   6.2886149e-01   3.5318312e-01   1.7955385e-02
   3.2440000e+03   7.1642786e-01   2.7466386e-01   8.9082797e-03
   3.2460000e+03   6.0573310e-01   3.8927790e-01   4.9890044e-03
   3.4020000e+03   7.1667396e-02   8.7536084e-01   5.2971760e-02
   3.2480000e+03   1.1156544e-01   3.4047632e-01   5.4795824e-01
   3.2560000e+03   9.9734923e-01   1.0606072e-03   1.5901656e-03
   3.4450000e+03   6.5987234e-01   3.3725453e-01   2.8731270e-03
   3.4420000e+03   5.1947418e-03   2.0227446e-02   9.7457781e-01
   3.4590000e+03   1.5090212e-03   6.7149102e-03   9.9177607e-01
   3.4590000e+03   8.0550151e-01   4.1999166e-02   1.5249933e-01
   3.2590000e+03   2.6297449e-02   6.8213112e-01   2.9157143e-01
   3.2670000e+03   1.2045592e-02   7.0280916e-01   2.8514525e-01
   3.3920000e+03   3.7546574e-01   1.6422375e-02   6.0811188e-01
   3.3780000e+03   6.2519659e-02   3.2280799e-01   6.1467235e-01
   3.3910000e+03   9.9863574e-01   5.6201281e-04   8.0224781e-04
   3.2620000e+03   5.1566468e-01   4.3120921e-01   5.3126108e-02
   3.3940000e+03   9.9607377e-01   0.0000000e+00   3.9262336e-03
   3.2690000e+03   2.1139790e-02   7.6779653e-01   2.1106368e-01
   3.2700000e+03   9.9747949e-01   9.0375354e-04   1.6167614e-03
   3.1220000e+03   2.0117299e-01   3.8509665e-01   4.1373036e-01
   3.2770000e+03   4.4581276e-01   4.8892434e-01   6.5262902e-02
   3.2710000e+03   6.8837800e-01   2.7594574e-01   3.5676258e-02
   3.2730000e+03   7.9850815e-01   1.8457948e-01   1.6912371e-02
   3.2780000e+03   1.9604336e-02   4.1571007e-01   5.6468560e-01
   3.2750000e+03   4.0530237e-03   9.9285776e-01   3.0892198e-03
   3.2790000e+03   8.3046583e-01   1.2077869e-01   4.8755483e-02
   3.2930000e+03   8.5333376e-01   1.3039605e-01   1.6270189e-02
   3.2830000e+03   3.7654608e-03   9.9079744e-01   5.4371006e-03
   3.2840000e+03   3.9848407e-03   9.9012488e-01   5.8902832e-03
   3.3130000e+03   4.6530326e-03   9.9189563e-01   3.4513330e-03
   3.2940000e+03   7.6672396e-03   2.6195841e-01   7.3037435e-01
   3.2910000e+03   3.4255002e-03   9.9121481e-01   5.3596872e-03
   3.2950000e+03   4.1188723e-03   9.8942614e-01   6.4549878e-03
   3.2970000e+03   4.1819729e-03   9.8943728e-01   6.3807461e-03
   3.3030000e+03   4.7864255e-02   2.0071125e-01   7.5142449e-01
   3.3070000e+03   9.9602528e-01   1.0254062e-03   2.9493111e-03
   3.3090000e+03   9.9730773e-01   8.8250646e-05   2.6040173e-03
   3.3090000e+03   3.0334571e-01   7.2881804e-02   6.2377249e-01
   3.3250000e+03   5.0494114e-03   9.9312416e-01   1.8264318e-03
   3.3110000e+03   4.5223184e-03   9.9258863e-01   2.8890539e-03
   3.3190000e+03   6.3879777e-01   2.7917693e-01   8.2025297e-02
   3.3240000e+03   2.3192713e-02   7.2561249e-01   2.5119480e-01
   3.3260000e+03   2.4310368e-03   7.3615298e-01   2.6141599e-01
   3.3310000e+03   9.4404496e-01   2.3037708e-02   3.2917335e-02
   3.4520000e+03   8.8904695e-01   3.3205315e-02   7.7747737e-02
   3.6820000e+03   3.8823695e-04   9.6126286e-01   3.8348901e-02
   3.6840000e+03   5.0152173e-01   3.8200356e-01   1.1647471e-01
   3.3630000e+03   4.1721820e-03   2.8383778e-03   9.9298944e-01
   3.3410000e+03   9.9438892e-01   4.6832531e-03   9.2783050e-04
   3.3390000e+03   1.5056761e-02   6.6455769e-01   3.2038555e-01
   3.3420000e+03   1.0019899e-02   3.3614177e-01   6.5383833e-01
   3.3420000e+03   2.0191983e-02   7.4565997e-01   2.3414804e-01
   3.3450000e+03   4.5981333e-04   1.9872739e-01   8.0081279e-01
   3.3470000e+03   7.8624575e-03   2.5286030e-01   7.3927724e-01
   3.3460000e+03   7.4267848e-01   2.5676279e-01   5.5873369e-04
   2.7710000e+03   7.1482421e-01   5.5111177e-04   2.8462468e-01
   3.3520000e+03   3.2772913e-01   6.4979827e-03   6.6577289e-01
   3.3520000e+03   2.6306334e-03   9.9572225e-01   1.6471130e-03
   3.3590000e+03   5.3587665e-02   5.6728001e-01   3.7913232e-01
   3.3700000e+03   2.1013340e-03   9.9265491e-01   5.2437560e-03
   3.3590000e+03   2.3273522e-02   8.5493558e-01   1.2179090e-01
   3.3590000e+03   3.0887629e-02   2.5749470e-01   7.1161767e-01
   3.3640000e+03   9.9478668e-01   5.2133182e-03   2.3954280e-16
   3.3680000e+03   2.8257459e-03   9.9145332e-01   5.7209291e-03
   3.3820000e+03   6.1084338e-05   1.0834833e-03   9.9885543e-01
   3.3810000e+03   7.1050302e-01   2.4137693e-01   4.8120046e-02
   3.3830000e+03   9.9960966e-02   6.2472968e-01   2.7530935e-01
   3.3910000e+03   2.1095955e-01   3.2421738e-01   4.6482307e-01
   3.4800000e+03   1.1629921e-01   5.8841463e-01   2.9528617e-01
   3.4800000e+03   2.6768821e-01   1.1118595e-01   6.2112584e-01
   3.3880000e+03   8.1479896e-03   8.1475221e-01   1.7709980e-01
   3.3900000e+03   3.6126953e-02   9.0394621e-01   5.9926842e-02
   3.4030000e+03   4.3814206e-02   7.7836660e-01   1.7781919e-01
   3.3950000e+03   4.0295447e-01   7.6090796e-02   5.2095473e-01
   3.3950000e+03   9.9856878e-01   1.8225427e-04   1.2489683e-03
   3.4110000e+03   4.0407610e-03   9.9595924e-01   1.7036362e-15
   3.3970000e+03   2.8373465e-01   6.7807902e-01   3.8186326e-02
   3.4100000e+03   2.8901475e-03   7.0303784e-01   2.9407201e-01
   3.4090000e+03   4.5837480e-03   9.9531563e-01   1.0062114e-04
   3.4820000e+03   2.9889722e-02   4.1940820e-02   9.2816946e-01
   3.4190000e+03   1.7700038e-01   3.1482243e-01   5.0817720e-01
   3.4160000e+03   4.8708765e-01   5.1132155e-01   1.5908022e-03
   3.4170000e+03   4.4722450e-01   5.3289281e-01   1.9882693e-02
   3.4200000e+03   9.0822117e-02   3.4282293e-01   5.6635496e-01
   3.4260000e+03   2.3286305e-02   3.1937553e-01   6.5733817e-01
   3.4870000e+03   6.3928406e-04   3.3724961e-03   9.9598822e-01
   3.4310000e+03   9.9604538e-01   4.4554194e-15   3.9546196e-03
   3.4290000e+03   6.5421705e-02   6.1963791e-01   3.1494039e-01
   3.4360000e+03   4.6241265e-02   3.3946204e-01   6.1429669e-01
   3.4380000e+03   8.5716274e-02   2.8732809e-01   6.2695563e-01
   3.4390000e+03   4.1821222e-01   5.6907108e-01   1.2716703e-02
   3.4560000e+03   9.6764624e-01   2.2729553e-02   9.6242082e-03
   3.4550000e+03   2.3504575e-01   1.5397046e-01   6.1098378e-01
   3.4600000e+03   7.4502415e-02   2.2917364e-01   6.9632395e-01
   3.4640000e+03   6.0842105e-01   2.1141417e-01   1.8016478e-01
   3.4830000e+03   9.9949044e-01   4.7024418e-04   3.9312171e-05
   3.4690000e+03   1.6218816e-04   9.9661310e-01   3.2247151e-03
   3.4720000e+03   1.7100787e-03   1.3662388e-03   9.9692368e-01
   3.4740000e+03   1.9808782e-02   6.9135927e-01   2.8883194e-01
   3.4790000e+03   4.1421481e-01   5.6846727e-01   1.7317922e-02
   3.4870000e+03   1.4917503e-01   7.8612684e-01   6.4698128e-02
   2.8320000e+03   6.5998952e-01   8.9910582e-02   2.5009989e-01
   2.8350000e+03   6.8661726e-01   1.2502270e-01   1.8836003e-01
   3.7660000e+03   5.6124370e-03   9.8436052e-01   1.0027043e-02
   2.8360000e+03   8.2257841e-01   6.4929919e-02   1.1249167e-01
   2.8390000e+03   6.3962148e-01   7.9582975e-02   2.8079555e-01
   3.0120000e+03   4.6866294e-01   4.4832119e-01   8.3015874e-02
   3.7060000e+03   8.5043634e-01   9.3930135e-02   5.5633526e-02
   3.7220000e+03   5.6726316e-03   9.8329363e-01   1.1033741e-02
   3.6530000e+03   4.8036555e-03   9.8584794e-01   9.3484058e-03
   3.6970000e+03   6.6230837e-01   4.1770037e-02   2.9592160e-01
   2.9280000e+03   4.9347127e-02   7.0748400e-01   2.4316887e-01
   3.6790000e+03   6.8328421e-03   5.8461125e-01   4.0855591e-01
   2.9780000e+03   6.8396394e-01   1.0924123e-02   3.0511193e-01
   3.0870000e+03   8.5017780e-01   1.0498832e-03   1.4877231e-01
   3.6690000e+03   1.0408341e-16   9.9405228e-01   5.9477150e-03
   3.6700000e+03   9.9419099e-01   1.3005611e-03   4.5084517e-03
   3.6960000e+03   4.4406073e-03   7.3344272e-01   2.6211667e-01
   3.0110000e+03   7.8920836e-01   1.0099485e-02   2.0069215e-01
   3.7630000e+03   5.9889220e-03   9.8284893e-01   1.1162150e-02
   3.7590000e+03   3.2357914e-03   9.8479696e-01   1.1967248e-02
   3.7560000e+03   1.1192868e-02   8.3140950e-01   1.5739763e-01
   3.7970000e+03   2.6880640e-03   9.8744295e-01   9.8689882e-03
   3.7690000e+03   9.2880383e-02   9.0458877e-01   2.5308510e-03
   3.7740000e+03   5.1272556e-01   3.7889696e-01   1.0837748e-01
   3.7890000e+03   4.7903327e-01   3.3339564e-01   1.8757109e-01
   3.0580000e+03   4.2421137e-01   1.0887892e-01   4.6690970e-01
   3.7010000e+03   9.7438183e-01   1.2971232e-02   1.2646940e-02
   3.6490000e+03   4.1306886e-03   9.8768868e-01   8.1806305e-03
   3.6400000e+03   3.4185586e-03   9.8931452e-01   7.2669215e-03
   3.6360000e+03   2.5713110e-03   9.9032269e-01   7.1059995e-03
   3.6450000e+03   1.5558701e-03   9.9267522e-01   5.7689137e-03
   3.5060000e+03   3.3141562e-01   6.2795274e-01   4.0631644e-02
   3.5050000e+03   4.1357666e-03   9.9143475e-01   4.4294797e-03
   3.5070000e+03   4.3887681e-03   9.8852652e-01   7.0847093e-03
   3.4930000e+03   1.7798221e-01   4.2883800e-03   8.1772941e-01
   3.7250000e+03   4.8019413e-02   4.3324868e-02   9.0865572e-01
   3.4920000e+03   3.2947870e-02   1.7705657e-01   7.8999556e-01
   3.7050000e+03   1.3126809e-01   1.2863078e-02   8.5586883e-01
   3.4950000e+03   1.8753423e-01   2.4078317e-02   7.8838746e-01
   3.4940000e+03   1.0000000e+00  -0.0000000e+00  -0.0000000e+00
   3.4980000e+03   1.7290408e-01   1.7592470e-02   8.0950345e-01
   3.5000000e+03   2.5904538e-02   8.6022290e-03   9.6549323e-01
   3.5100000e+03   3.5952779e-01   1.8476158e-02   6.2199605e-01
   3.1330000e+03   1.7410050e-01   3.8103721e-01   4.4486229e-01
   3.1330000e+03   3.5458849e-04   3.5694473e-03   9.9607596e-01
   3.6290000e+03   7.3598390e-04   9.9486607e-01   4.3979445e-03
   3.5010000e+03   4.5828677e-03   9.9100826e-01   4.4088755e-03
   3.5030000e+03   4.5935193e-03   9.8840129e-01   7.0051923e-03
   3.5120000e+03   2.9166183e-01   4.8505040e-01   2.2328777e-01
   3.5130000e+03   3.5153627e-01   1.5710406e-02   6.3275332e-01
   3.5130000e+03   9.9513716e-01   1.2936793e-04   4.7334737e-03
   3.6600000e+03   1.5292722e-03   9.9288145e-01   5.5892728e-03
   3.5240000e+03   2.0120105e-02   2.8669650e-01   6.9318340e-01
   3.5170000e+03   2.5656349e-01   3.1928691e-02   7.1150782e-01
   3.5170000e+03   7.0932590e-01   2.6732427e-02   2.6394168e-01
   3.5210000e+03   9.9516229e-03   2.0015007e-01   7.8989830e-01
   3.6280000e+03   2.5690872e-01   4.4828852e-02   6.9826243e-01
   3.6280000e+03   6.6334714e-01   4.6702167e-02   2.8995069e-01
   3.6290000e+03   3.5969789e-02   1.3579541e-01   8.2823480e-01
   3.6340000e+03   2.5653516e-01   5.0014091e-01   2.4332393e-01
   3.5220000e+03   2.2949496e-01   6.1148071e-03   7.6439023e-01
   3.5230000e+03   9.5025036e-03   3.5980536e-03   9.8689944e-01
   3.5210000e+03   3.9345417e-03   7.4630796e-01   2.4975750e-01
   3.5290000e+03   3.4548763e-02   1.1142535e-01   8.5402589e-01
   3.5280000e+03   2.2443487e-02   2.5247534e-01   7.2508118e-01
   3.6810000e+03   4.9158110e-02   3.2323059e-02   9.1851883e-01
   3.6760000e+03   3.5650012e-02   6.5218506e-03   9.5782814e-01
   3.5320000e+03   8.7641634e-01   1.1905673e-02   1.1167799e-01
   3.5310000e+03   1.9323451e-02   1.8284142e-01   7.9783513e-01
   3.6610000e+03   7.5349533e-02   9.1532224e-01   9.3282235e-03
   3.6570000e+03   3.0003343e-01   6.5661168e-01   4.3354888e-02
   3.6730000e+03   1.0649785e-01   5.0160789e-01   3.9189426e-01
   3.5370000e+03   9.4640748e-01   1.5491559e-02   3.8100965e-02
   3.5390000e+03   6.3676865e-01   1.0006392e-01   2.6316743e-01
   3.7120000e+03   9.6416795e-01   3.3020289e-02   2.8117576e-03
   3.6900000e+03   5.7741710e-03   9.9095267e-01   3.2731606e-03
   3.7000000e+03   1.7884364e-01   1.6220208e-01   6.5895427e-01
   3.5470000e+03   4.4034443e-01   6.0971621e-02   4.9868394e-01
   3.7040000e+03   5.9314469e-02   4.6175305e-01   4.7893248e-01
   3.5460000e+03   1.6556427e-02   4.1545762e-01   5.6798595e-01
   3.8270000e+03   1.8289803e-01   7.7675676e-01   4.0345205e-02
   3.8260000e+03   4.0315683e-01   5.5369095e-01   4.3152214e-02
   3.7880000e+03   2.1586222e-01   2.5451328e-02   7.5868646e-01
   3.5540000e+03   4.3021639e-01   3.7867914e-01   1.9110447e-01
   3.7810000e+03   7.4774712e-02   4.8612635e-01   4.3909894e-01
   3.8390000e+03   3.8272479e-03   5.2538796e-01   4.7078479e-01
   3.8230000e+03   3.8429904e-01   1.4806654e-02   6.0089431e-01
   3.5580000e+03   1.1102230e-16   1.0000000e+00   0.0000000e+00
   3.5670000e+03   2.6246291e-01   1.8506230e-01   5.5247480e-01
   3.5690000e+03   1.7878110e-01   2.6581710e-01   5.5540180e-01
   3.7830000e+03   3.6299430e-01   1.3474416e-01   5.0226154e-01
   3.7720000e+03   2.1492152e-01   1.7286686e-01   6.1221162e-01
   3.5880000e+03   5.8741674e-01   1.7904861e-01   2.3353465e-01
   3.7680000e+03   2.2193644e-01   3.3450878e-02   7.4461268e-01
   3.5900000e+03   3.4447516e-01   5.9823966e-01   5.7285177e-02
   3.5930000e+03   8.0110252e-04   1.3304523e-01   8.6615367e-01
   3.5740000e+03   1.7790214e-01   3.7205372e-01   4.5004415e-01
   3.5750000e+03   1.8671038e-01   2.7927673e-01   5.3401289e-01
   3.5890000e+03   3.8707982e-01   3.1495002e-01   2.9797017e-01
