   5.2100000e+02   3.3806473e-01   6.3726411e-01   2.4671158e-02
   1.1964000e+04   7.9096710e-01   5.8844040e-02   1.5018886e-01
   3.4400000e+02   7.4506029e-01   2.4936303e-01   5.5766839e-03
   3.5000000e+02   2.8633220e-04   2.4341955e-03   9.9727947e-01
   1.3850000e+03   1.3818943e-03   9.8884351e-01   9.7745978e-03
   5.1100000e+02   2.9847678e-02   9.4923699e-01   2.0915331e-02
   1.3910000e+03   3.7526648e-02   9.6016607e-01   2.3072846e-03
   5.1300000e+02   8.5657344e-01   1.2626093e-01   1.7165630e-02
   3.6900000e+02   4.4158605e-01   3.3168621e-01   2.2672773e-01
   5.3200000e+02   3.9256849e-01   5.5304583e-02   5.5212692e-01
   3.6600000e+02   3.5825319e-01   3.2692506e-01   3.1482175e-01
   5.6700000e+02   1.3051521e-01   8.2842369e-01   4.1061103e-02
   3.6400000e+02   6.5125819e-02   1.4844676e-01   7.8642742e-01
   3.6500000e+02   8.9780887e-01   7.9259396e-02   2.2931739e-02
   3.6400000e+02   9.4270989e-01   1.3001158e-02   4.4288949e-02
   4.6400000e+02   5.2689182e-01   3.2688754e-01   1.4622064e-01
   3.7900000e+02   2.8347231e-01   3.9808330e-01   3.1844439e-01
   3.7200000e+02   4.2364716e-01   1.6789169e-02   5.5956367e-01
   6.3200000e+02   4.2242660e-01   8.6846615e-02   4.9072679e-01
   6.3000000e+02   5.2967138e-01   4.0754457e-01   6.2784048e-02
   5.1500000e+02   7.1000657e-01   2.6742739e-01   2.2566045e-02
   3.7800000e+02   6.8396889e-01   2.4068637e-01   7.5344746e-02
   4.4000000e+02   7.0786155e-02   3.4530424e-02   8.9468342e-01
   4.4200000e+02   3.5697383e-03   8.9308912e-01   1.0334114e-01
   5.1900000e+02   5.6151037e-01   4.3236401e-01   6.1256211e-03
   5.1800000e+02   6.0895461e-01   2.3848787e-02   3.6719661e-01
   4.5100000e+02   4.1830750e-01   5.5550467e-01   2.6187838e-02
   4.4900000e+02   1.0470904e-02   0.0000000e+00   9.8952910e-01
   4.6800000e+02   1.1020277e-02   9.3091080e-04   9.8804881e-01
   4.7300000e+02   9.7754197e-01   5.6003161e-03   1.6857715e-02
   4.5000000e+02   9.9396294e-01   1.3564899e-03   4.6805675e-03
   4.6000000e+02   8.8276308e-01   7.8270390e-02   3.8966534e-02
   4.5400000e+02   9.8729437e-01   1.0508031e-02   2.1976003e-03
   4.7200000e+02   9.7703691e-01   5.7051995e-04   2.2392573e-02
   4.5700000e+02   9.9370733e-01   8.3981768e-04   5.4528566e-03
   4.6500000e+02   3.8528465e-01   6.1001204e-01   4.7033160e-03
   3.6200000e+02   5.5610494e-01   4.2398712e-01   1.9907941e-02
   4.5800000e+02   3.1110443e-01   3.0582979e-01   3.8306578e-01
   4.7600000e+02   3.0235816e-02   3.8863001e-02   9.3090118e-01
   4.6200000e+02   9.9026926e-01   3.3537688e-03   6.3769762e-03
   4.6700000e+02   1.4554145e-01   5.1250416e-01   3.4195439e-01
   1.6800000e+02   6.1213579e-03   1.4222967e-03   9.9245635e-01
   1.6160000e+03   2.8231854e-01   2.4327801e-02   6.9335366e-01
   1.6360000e+03   1.7918741e-02   1.2841807e-01   8.5366319e-01
   1.6150000e+03   9.1693479e-01   5.9989356e-02   2.3075850e-02
   5.2400000e+02   1.3569898e-01   8.2589313e-01   3.8407891e-02
   5.2900000e+02   5.8664314e-01   7.2064879e-02   3.4129198e-01
   5.5800000e+02   2.0366567e-03   9.7704240e-01   2.0920947e-02
   5.6000000e+02   5.1535437e-03   9.7821243e-01   1.6634027e-02
   5.4500000e+02   9.5841604e-01   3.9905777e-02   1.6781855e-03
   4.5600000e+02   9.6372378e-01   1.9690258e-02   1.6585959e-02
   5.5700000e+02   7.2645752e-02   2.3020903e-01   6.9714521e-01
   5.5600000e+02   2.4210184e-01   2.5363868e-02   7.3253429e-01
   5.5300000e+02   9.7270885e-01   1.9522398e-02   7.7687497e-03
   5.5700000e+02   9.3952956e-01   1.5215570e-02   4.5254871e-02
   5.6000000e+02   9.2564181e-03   6.7564828e-03   9.8398710e-01
   5.6700000e+02   1.2007971e-01   4.0446749e-01   4.7545280e-01
   6.3000000e+02   7.2326973e-02   5.2979354e-01   3.9787949e-01
   1.3780000e+03   8.7049456e-02   3.4557478e-01   5.6737576e-01
   3.0500000e+02   9.8364281e-02   4.1744063e-01   4.8419508e-01
   6.1000000e+01   3.3568042e-01   4.1247258e-01   2.5184700e-01
   5.8000000e+01   3.1649886e-01   5.5514319e-01   1.2835795e-01
   6.9000000e+01   4.2930424e-01   2.1573428e-01   3.5496148e-01
   5.6000000e+01   1.3563580e-01   7.7525790e-02   7.8683841e-01
   5.5000000e+01   5.9528282e-03   9.1705518e-01   7.6991992e-02
   1.5500000e+02   1.6377395e-01   3.0209913e-01   5.3412693e-01
   6.5000000e+01   6.0383121e-01   3.9297021e-01   3.1985844e-03
   1.4500000e+02   8.4123061e-03   9.8993432e-01   1.6533752e-03
   1.5800000e+02   1.5981840e-02   3.5004910e-04   9.8366811e-01
   1.4600000e+02   3.6722673e-03   2.4130154e-03   9.9391472e-01
   1.4400000e+02   9.8445851e-01   2.7123143e-03   1.2829179e-02
   1.4300000e+02   6.8975840e-03   3.0544726e-03   9.9004794e-01
   1.0330000e+03   9.8653721e-01   1.1249977e-02   2.2128155e-03
   1.5600000e+02   4.1206935e-03   9.9418113e-01   1.6981734e-03
   1.6200000e+02   9.7179885e-03   6.4890956e-03   9.8379292e-01
   5.4000000e+01   2.3515367e-02   4.9226605e-01   4.8421858e-01
   1.5600000e+02   5.2038635e-01   8.1509299e-02   3.9810435e-01
   1.0160000e+03   9.9178892e-01   2.7375583e-03   5.4735181e-03
   1.6600000e+02   6.9134355e-01   1.4206994e-01   1.6658651e-01
   1.6300000e+02   8.7104505e-01   8.5265386e-02   4.3689560e-02
   1.5700000e+02   5.1379514e-01   1.2523605e-01   3.6096881e-01
   1.7100000e+02   7.1606471e-01   2.6487529e-01   1.9060003e-02
   2.2500000e+02   9.7384875e-01   1.5095207e-02   1.1056041e-02
   2.2800000e+02   1.0054362e-02   9.5739607e-01   3.2549566e-02
   1.4200000e+02   9.8375393e-01   1.1315326e-02   4.9307433e-03
   2.2800000e+02   4.2767400e-02   1.6674854e-01   7.9048406e-01
   5.5500000e+02   7.5285339e-03   9.4729716e-01   4.5174308e-02
   2.4400000e+02   1.6162592e-02   7.8800939e-03   9.7595731e-01
   3.0200000e+02   7.1893489e-02   4.8488252e-01   4.4322399e-01
   5.6000000e+01   8.4237659e-02   8.8920336e-01   2.6558981e-02
   1.3840000e+03   2.4973115e-03   1.3470121e-02   9.8403257e-01
   1.3860000e+03   7.2846085e-02   6.6439733e-01   2.6275659e-01
   4.8100000e+02   9.9932715e-01   3.8115961e-04   2.9168567e-04
   1.6340000e+03   2.2699350e-01   7.4521782e-01   2.7788682e-02
   1.6230000e+03   8.3835353e-01   1.0720259e-01   5.4443872e-02
   1.0110000e+03   2.5625943e-01   7.1031618e-01   3.3424391e-02
   7.6300000e+02   1.4408347e-01   1.7171842e-01   6.8419811e-01
   1.2620000e+03   1.6159742e-01   5.8507740e-01   2.5332518e-01
   1.5590000e+03   8.1903759e-01   1.5957865e-01   2.1383754e-02
   9.4800000e+02   5.5089135e-01   2.6870315e-01   1.8040550e-01
   9.4100000e+02   3.8082823e-01   6.0268610e-01   1.6485669e-02
   1.5890000e+03   9.7336294e-02   1.0413334e-01   7.9853037e-01
   1.5940000e+03   7.3716127e-02   6.7964689e-01   2.4663698e-01
   1.5820000e+03   9.6622927e-01   7.6193847e-03   2.6151344e-02
   1.3160000e+03   8.6548097e-01   1.0119239e-01   3.3326638e-02
   1.5820000e+03   6.1832085e-03   3.7021955e-03   9.9011460e-01
   1.5990000e+03   1.1021628e-01   4.9667309e-01   3.9311063e-01
   1.5900000e+03   3.4448883e-02   9.6030501e-01   5.2461055e-03
   1.6180000e+03   9.7592778e-01   9.6497772e-03   1.4422441e-02
   1.6060000e+03   7.2962148e-01   8.0817967e-02   1.8956056e-01
   1.3330000e+03   5.2472255e-01   2.6788196e-01   2.0739550e-01
   1.0060000e+03   9.5308507e-01   4.0587670e-02   6.3272632e-03
   7.0700000e+02   5.7199297e-02   1.1616836e-01   8.2663234e-01
   1.5850000e+03   1.5594166e-02   1.5231894e-02   9.6917394e-01
   1.6280000e+03   3.5595969e-02   9.2114460e-01   4.3259432e-02
   1.6270000e+03   9.3724892e-01   2.8079099e-02   3.4671983e-02
   1.3250000e+03   2.9388445e-03   9.9083606e-01   6.2250912e-03
   1.6310000e+03   5.3119997e-01   2.1519364e-01   2.5360639e-01
   7.1200000e+02   4.0284169e-01   4.3948959e-01   1.5766872e-01
   1.6250000e+03   7.1135076e-01   1.4249053e-01   1.4615871e-01
   1.3310000e+03   5.1521689e-02   6.2322506e-01   3.2525326e-01
   1.6320000e+03   4.7734851e-01   4.2451457e-01   9.8136916e-02
   1.3300000e+03   6.7870103e-01   1.3637311e-01   1.8492586e-01
   1.3290000e+03   5.7957089e-01   3.6202418e-01   5.8404925e-02
   1.6330000e+03   9.8023180e-01   1.4308028e-02   5.4601700e-03
   1.3340000e+03   9.4408146e-01   5.5017540e-02   9.0100267e-04
   1.6560000e+03   2.6956263e-01   1.5131957e-01   5.7911780e-01
   1.3760000e+03   7.2824479e-01   1.8102453e-01   9.0730680e-02
   1.3820000e+03   5.2963911e-05   9.9942419e-01   5.2284445e-04
   1.3870000e+03   5.0463810e-02   4.5228987e-01   4.9724632e-01
   1.4000000e+03   9.8408832e-01   2.7024130e-03   1.3209272e-02
   1.4120000e+03   9.9788408e-01   2.0279643e-03   8.7956669e-05
   1.3980000e+03   4.8449297e-03   3.1174662e-02   9.6398041e-01
   1.4000000e+03   1.9800837e-01   7.5225613e-01   4.9735508e-02
   1.3940000e+03   2.8585046e-01   5.6430762e-01   1.4984192e-01
   1.5340000e+03   6.6529971e-01   1.2259362e-01   2.1210667e-01
   1.5260000e+03   9.5539054e-01   4.1632748e-03   4.0446182e-02
   1.5280000e+03   6.0199438e-03   2.9420727e-02   9.6455933e-01
   1.4180000e+03   1.6817025e-02   9.8152791e-01   1.6550660e-03
   1.4150000e+03   9.6210408e-01   1.6448525e-02   2.1447395e-02
   1.4290000e+03   2.8235411e-05   9.9953359e-01   4.3817796e-04
   1.4650000e+03   9.5716307e-01   3.7349171e-02   5.4877636e-03
   1.5380000e+03   2.5501806e-03   9.7116492e-01   2.6284899e-02
   1.4290000e+03   9.9941119e-01   2.6141467e-04   3.2739233e-04
   1.8590000e+03   9.7119745e-01   1.5702958e-02   1.3099597e-02
   1.4320000e+03   3.7076719e-01   1.0971239e-01   5.1952042e-01
   1.8560000e+03   2.1142673e-01   5.9532299e-01   1.9325028e-01
   1.4670000e+03   2.3103427e-01   6.9471240e-01   7.4253331e-02
   1.4690000e+03   6.9295785e-02   3.8500765e-01   5.4569656e-01
   1.5110000e+03   4.4068213e-03   9.1305443e-01   8.2538753e-02
   1.5090000e+03   1.5076083e-01   8.0636351e-01   4.2875663e-02
   1.5060000e+03   1.9594377e-01   7.6417604e-01   3.9880192e-02
   1.5030000e+03   8.4130409e-03   9.8973957e-01   1.8473885e-03
   1.6640000e+03   2.3791231e-03   2.1397715e-02   9.7622316e-01
   1.6530000e+03   3.8226877e-01   3.9569369e-01   2.2203754e-01
   1.4750000e+03   2.5114967e-01   3.3499101e-02   7.1535123e-01
   1.4770000e+03   8.8839678e-02   8.3673112e-01   7.4429200e-02
   1.4740000e+03   7.5251914e-03   7.2932219e-01   2.6315262e-01
   1.4780000e+03   2.2347053e-01   2.0218216e-01   5.7434732e-01
   1.4790000e+03   2.2758543e-02   7.0943454e-01   2.6780692e-01
   2.9990000e+03   3.0192739e-03   2.1112815e-01   7.8585257e-01
   3.0020000e+03   8.0681613e-02   6.1129429e-01   3.0802410e-01
   1.4830000e+03   1.9081792e-02   5.5585341e-01   4.2506479e-01
   1.4950000e+03   1.0189393e-02   8.5973736e-01   1.3007324e-01
   1.4820000e+03   1.3518682e-01   8.3667261e-02   7.8114592e-01
   1.4980000e+03   1.6320991e-01   2.1238096e-02   8.1555200e-01
   1.5580000e+03   4.9584075e-02   9.1744216e-01   3.2973767e-02
   1.4880000e+03   6.9621933e-01   1.0195023e-01   2.0183044e-01
   1.4850000e+03   4.9752593e-02   9.3699023e-01   1.3257175e-02
   1.5530000e+03   7.3856224e-02   4.2736835e-01   4.9877543e-01
   1.4960000e+03   2.1034205e-02   1.8035728e-01   7.9860852e-01
   1.5140000e+03   9.0473560e-01   6.8018328e-02   2.7246072e-02
   1.5170000e+03   4.0212693e-01   2.4158390e-01   3.5628917e-01
   1.4970000e+03   4.7563924e-02   5.5952603e-01   3.9291005e-01
   1.4990000e+03   2.7003530e-02   7.6271018e-01   2.1028629e-01
   1.5030000e+03   3.1309884e-01   7.4927970e-03   6.7940837e-01
   1.5060000e+03   4.0016404e-02   1.1437960e-02   9.4854564e-01
   1.5330000e+03   6.2514229e-01   3.4853788e-01   2.6319828e-02
   1.5970000e+03   2.4744566e-01   2.7724281e-01   4.7531153e-01
   1.5250000e+03   4.1571870e-01   4.8724055e-01   9.7040749e-02
   1.5230000e+03   1.4150952e-02   1.6624435e-02   9.6922461e-01
   1.5350000e+03   9.8540729e-01   5.3689542e-03   9.2237518e-03
   1.5240000e+03   3.1237082e-02   8.1249840e-01   1.5626452e-01
   1.5220000e+03   8.8515833e-03   9.8333652e-01   7.8118999e-03
   1.5420000e+03   9.3466335e-01   4.1297170e-04   6.4923675e-02
   1.8590000e+03   3.0951260e-03   9.3437208e-01   6.2532796e-02
   1.8580000e+03   7.0140556e-02   3.7812225e-02   8.9204722e-01
   1.5050000e+03   0.0000000e+00   1.8314287e-02   9.8168571e-01
   1.5510000e+03   5.3116956e-01   9.0948826e-02   3.7788162e-01
   1.8730000e+03   9.1311467e-01   7.6112084e-02   1.0773242e-02
   1.5450000e+03   4.4960072e-01   1.2802323e-01   4.2237605e-01
   1.5480000e+03   4.0404291e-02   8.6983218e-01   8.9763532e-02
   1.5500000e+03   5.3302480e-01   6.5897684e-02   4.0107752e-01
   1.5510000e+03   8.1195049e-02   1.2006671e-01   7.9873824e-01
   1.5540000e+03   1.6537211e-02   8.8998220e-01   9.3480585e-02
   1.5600000e+03   8.4417429e-01   5.6731773e-02   9.9093941e-02
   1.8700000e+03   3.8720049e-01   3.0130167e-01   3.1149784e-01
   1.5660000e+03   5.0820793e-01   4.5896652e-01   3.2825557e-02
   1.5680000e+03   1.3449012e-01   5.7021341e-01   2.9529647e-01
   1.5610000e+03   5.1210966e-01   4.0082519e-01   8.7065154e-02
   1.8610000e+03   1.5838891e-01   3.7416406e-01   4.6744703e-01
   1.5650000e+03   3.6263312e-01   5.3414151e-01   1.0322536e-01
   1.8620000e+03   6.6259369e-03   9.7597684e-01   1.7397226e-02
   1.8650000e+03   5.6947757e-01   2.1432466e-01   2.1619778e-01
   1.8710000e+03   6.9873940e-03   9.7664426e-01   1.6368349e-02
   1.5720000e+03   3.7354882e-01   1.3168639e-01   4.9476479e-01
   1.6020000e+03   3.7639214e-01   1.8277069e-01   4.4083717e-01
   1.5760000e+03   1.7650965e-02   9.7580574e-01   6.5432950e-03
   1.8670000e+03   1.5924423e-02   9.3819194e-01   4.5883632e-02
   9.7700000e+02   4.8268612e-01   3.9586331e-02   4.7772755e-01
   1.5790000e+03   1.0536611e-02   2.5766731e-02   9.6369666e-01
   1.5830000e+03   2.3216268e-02   9.6746756e-01   9.3161704e-03
   1.5910000e+03   4.6957633e-02   8.0985080e-01   1.4319157e-01
   1.6100000e+03   2.6459005e-02   4.0789166e-01   5.6564933e-01
   1.6080000e+03   5.4776223e-01   1.5144267e-01   3.0079510e-01
   1.5920000e+03   5.9925102e-02   4.4147801e-01   4.9859688e-01
   1.5910000e+03   5.5754157e-03   7.8256322e-04   9.9364202e-01
   1.6010000e+03   6.6712757e-03   1.1547332e-02   9.8178139e-01
   1.5970000e+03   8.7161109e-01   1.0615972e-01   2.2229193e-02
   1.6210000e+03   9.6486639e-01   9.6715915e-03   2.5462022e-02
   1.6190000e+03   7.6530306e-01   1.2592834e-01   1.0876859e-01
   1.6370000e+03   9.8587919e-01   3.5177659e-03   1.0603041e-02
   1.6470000e+03   9.0785220e-01   5.5684258e-02   3.6463539e-02
   1.6390000e+03   1.4695584e-01   5.7711043e-01   2.7593373e-01
   1.6430000e+03   1.5084074e-01   4.9471255e-02   7.9968800e-01
   1.6500000e+03   8.2746034e-01   4.1255114e-02   1.3128455e-01
   1.6580000e+03   4.1017642e-01   2.5258407e-01   3.3723951e-01
   1.8570000e+03   1.5563789e-01   5.8519917e-01   2.5916294e-01
   1.6590000e+03   6.9799223e-02   4.2553237e-01   5.0466841e-01
   1.6610000e+03   5.0107263e-02   2.1766451e-01   7.3222823e-01
   1.6640000e+03   5.8053764e-01   2.5098823e-01   1.6847413e-01
   6.5100000e+02   1.2723200e-01   4.3197860e-01   4.4078941e-01
   9.4600000e+02   5.6269143e-01   4.1134187e-01   2.5966697e-02
   9.8800000e+02   8.4167785e-02   3.3063631e-02   8.8276858e-01
   9.6900000e+02   9.0692753e-01   1.9525822e-02   7.3546643e-02
   9.8200000e+02   2.6663736e-01   1.5536382e-02   7.1782626e-01
   7.0500000e+02   8.8208938e-01   3.3451902e-02   8.4458722e-02
   9.9700000e+02   7.6727730e-03   7.5452768e-01   2.3779954e-01
   9.0400000e+02   2.5205337e-01   2.0637313e-01   5.4157350e-01
   7.0600000e+02   5.7966222e-01   2.8450389e-01   1.3583389e-01
   7.0800000e+02   9.8407431e-01   1.4947028e-02   9.7866375e-04
   7.0900000e+02   2.0897406e-02   9.5410322e-01   2.4999374e-02
   7.1900000e+02   9.6552362e-01   1.7601140e-02   1.6875243e-02
   1.0090000e+03   9.6768087e-01   1.6839997e-02   1.5479130e-02
   7.2000000e+02   5.7564476e-01   1.8898013e-01   2.3537511e-01
   7.1800000e+02   9.2971967e-01   5.5171594e-02   1.5108740e-02
   1.0070000e+03   9.4813883e-01   2.7159567e-02   2.4701606e-02
   7.6100000e+02   8.4174728e-02   5.3292077e-01   3.8290450e-01
   7.6000000e+02   5.6729105e-01   1.9437614e-01   2.3833281e-01
   7.7700000e+02   1.8072022e-01   7.3898676e-01   8.0293019e-02
   7.7500000e+02   2.5928762e-02   2.1252864e-02   9.5281837e-01
   7.7900000e+02   2.8556905e-02   7.6355715e-03   9.6380752e-01
   7.9700000e+02   1.6617265e-02   9.1450336e-01   6.8879378e-02
   9.1800000e+02   5.7042257e-01   4.2397497e-01   5.6024596e-03
   7.8400000e+02   7.3754389e-02   1.6758404e-02   9.0948721e-01
   9.1300000e+02   7.5157475e-01   2.4680549e-01   1.6197560e-03
   8.1400000e+02   4.2049597e-02   2.2146571e-02   9.3580383e-01
   8.8600000e+02   4.0153475e-02   4.8871111e-01   4.7113541e-01
   8.9600000e+02   1.6636207e-02   9.7518713e-01   8.1766634e-03
   8.8700000e+02   1.5188610e-02   6.2719763e-01   3.5761376e-01
   8.9100000e+02   2.9265704e-01   3.9438545e-02   6.6790442e-01
   8.5600000e+02   8.9862121e-02   2.5577658e-01   6.5436130e-01
   1.0620000e+03   9.5988296e-01   5.2631145e-03   3.4853929e-02
   1.0510000e+03   1.0176174e-01   7.4681159e-01   1.5142667e-01
   2.0490000e+03   7.9691092e-01   4.8280994e-02   1.5480809e-01
   8.7900000e+02   4.6223007e-02   7.8834749e-01   1.6542950e-01
   2.0460000e+03   1.2389157e-01   8.7295782e-01   3.1506117e-03
   8.6200000e+02   5.5083922e-01   2.3812140e-01   2.1103938e-01
   2.0720000e+03   9.6310876e-03   9.6849181e-01   2.1877100e-02
   8.8400000e+02   4.4290091e-01   1.0980388e-02   5.4611871e-01
   9.4300000e+02   1.6171457e-02   4.3955421e-01   5.4427434e-01
   9.3100000e+02   4.4709519e-01   2.3910349e-01   3.1380132e-01
   8.7200000e+02   3.7966189e-01   1.0943517e-02   6.0939459e-01
   8.5700000e+02   5.1380230e-02   8.2649565e-01   1.2212412e-01
   2.0420000e+03   5.3330039e-01   8.8698523e-03   4.5782976e-01
   8.7800000e+02   6.2103255e-02   5.1164268e-01   4.2625407e-01
   8.6800000e+02   8.4152531e-01   9.1824439e-02   6.6650250e-02
   8.9700000e+02   4.9031313e-03   6.9498982e-01   3.0010705e-01
   9.0200000e+02   2.0922877e-01   5.8327805e-01   2.0749318e-01
   8.8100000e+02   8.2342618e-03   6.3315171e-01   3.5861403e-01
   9.1000000e+02   7.8115935e-02   5.4450057e-01   3.7738350e-01
   9.0900000e+02   3.8993511e-02   6.5347465e-01   3.0753184e-01
   8.9200000e+02   5.2022424e-01   4.1007418e-01   6.9701587e-02
   9.2600000e+02   8.7113889e-01   5.5519021e-02   7.3342085e-02
   1.0600000e+03   9.8540555e-01   4.4619293e-03   1.0132525e-02
   9.3700000e+02   1.5806643e-02   9.6208654e-01   2.2106818e-02
   2.0600000e+03   3.6852850e-01   5.3145401e-01   1.0001749e-01
   9.3300000e+02   6.3135157e-01   1.1497919e-01   2.5366924e-01
   2.0530000e+03   5.4867557e-01   8.0348868e-02   3.7097556e-01
   9.4200000e+02   1.6030702e-01   7.7187472e-01   6.7818263e-02
   9.4000000e+02   1.2600550e-01   8.3940796e-01   3.4586538e-02
   9.4400000e+02   2.4738133e-02   9.1521627e-01   6.0045594e-02
   9.7300000e+02   9.5283709e-02   2.9900371e-01   6.0571258e-01
   9.5500000e+02   6.6789612e-01   1.0506514e-01   2.2703874e-01
   9.4900000e+02   1.1778977e-01   7.5022821e-01   1.3198201e-01
   9.6000000e+02   8.6295351e-01   4.3038986e-03   1.3274259e-01
   9.6200000e+02   9.2143741e-01   5.4566528e-03   7.3105940e-02
   9.7000000e+02   4.7124809e-01   2.7228404e-01   2.5646787e-01
   1.0030000e+03   5.4801997e-01   2.5655224e-01   1.9542779e-01
   9.7500000e+02   1.9493170e-01   1.3764111e-01   6.6742719e-01
   9.9000000e+02   9.8214232e-01   2.5585598e-03   1.5299119e-02
   9.9200000e+02   3.6700762e-02   9.4684551e-01   1.6453725e-02
   9.8900000e+02   1.1632760e-02   9.7975581e-01   8.6114285e-03
   1.0080000e+03   9.6713178e-01   1.0170167e-02   2.2698055e-02
   9.9900000e+02   6.0878496e-01   3.5363379e-01   3.7581253e-02
   1.0110000e+03   9.9928977e-03   1.0809786e-01   8.8190924e-01
   1.0160000e+03   1.8348554e-03   9.3596267e-02   9.0456888e-01
   1.0330000e+03   1.4856953e-02   9.5592973e-01   2.9213313e-02
   1.0340000e+03   2.0687907e-03   9.8558485e-01   1.2346363e-02
   1.0400000e+03   9.9442938e-01   3.4506154e-03   2.1200084e-03
   1.0640000e+03   2.7076829e-02   7.3657872e-03   9.6555738e-01
   1.0640000e+03   5.6869744e-01   3.0957984e-01   1.2172272e-01
   9.6800000e+02   2.7029702e-01   1.6370522e-01   5.6599776e-01
   1.9140000e+03   5.5053741e-01   1.5115129e-02   4.3434747e-01
   1.9340000e+03   3.1009539e-01   8.6303092e-02   6.0360151e-01
   1.9230000e+03   3.9301562e-01   5.0336430e-01   1.0362008e-01
   1.9170000e+03   7.2507681e-01   2.6168249e-01   1.3240693e-02
   1.9360000e+03   1.1636836e-01   2.3407605e-01   6.4955559e-01
   3.3640000e+03   3.6027210e-01   8.5513454e-03   6.3117655e-01
   1.9370000e+03   2.8528879e-02   4.9977382e-03   9.6647338e-01
   1.9370000e+03   2.2859491e-01   6.1923541e-01   1.5216968e-01
   1.9300000e+03   6.5168711e-02   8.0078473e-01   1.3404656e-01
   1.9380000e+03   9.7384051e-01   2.0712665e-02   5.4468304e-03
   1.9210000e+03   9.2801185e-03   9.6702730e-01   2.3692577e-02
   1.9250000e+03   6.9191192e-02   5.7499544e-01   3.5581337e-01
   1.9400000e+03   1.8273774e-01   2.9462857e-01   5.2263369e-01
   3.3550000e+03   3.9445700e-01   2.4149803e-02   5.8139320e-01
   1.9280000e+03   1.4781158e-01   2.2902005e-02   8.2928641e-01
   3.3560000e+03   7.6263612e-01   9.0031470e-02   1.4733241e-01
   1.9290000e+03   2.1104317e-01   3.0946652e-01   4.7949031e-01
   3.3600000e+03   2.6355704e-01   5.2105416e-02   6.8433755e-01
   1.9060000e+03   3.1401955e-01   5.7182707e-01   1.1415338e-01
   1.8890000e+03   5.6385341e-01   2.1109448e-01   2.2505211e-01
   1.9020000e+03   3.1098334e-01   2.1122926e-01   4.7778739e-01
   1.9040000e+03   5.4538608e-01   2.4042350e-01   2.1419043e-01
   1.8910000e+03   1.5963026e-01   4.3294619e-02   7.9707512e-01
   1.9090000e+03   1.4590137e-01   2.4998296e-01   6.0411567e-01
   2.4060000e+03   5.0892455e-01   1.0857018e-02   4.8021844e-01
   1.8930000e+03   8.8183996e-01   5.6167787e-03   1.1254327e-01
   1.8950000e+03   8.8751963e-01   3.3077640e-02   7.9402727e-02
   2.3910000e+03   3.1115362e-02   4.8690702e-03   9.6401557e-01
   1.9120000e+03   2.8724109e-02   9.2933420e-01   4.1941691e-02
   1.9120000e+03   3.2565072e-02   5.0338072e-02   9.1709686e-01
   1.8970000e+03   8.0323492e-01   8.2543308e-02   1.1422178e-01
   2.3960000e+03   1.6056286e-01   1.1552552e-01   7.2391162e-01
   1.9060000e+03   1.5128101e-02   2.8894327e-01   6.9592863e-01
   1.8990000e+03   7.0142844e-01   1.2174996e-01   1.7682160e-01
   2.3990000e+03   1.8707813e-01   6.3343888e-01   1.7948298e-01
   1.8910000e+03   4.2603839e-02   6.7253372e-01   2.8486244e-01
   2.4030000e+03   1.5581510e-01   2.3200839e-01   6.1217651e-01
   2.4110000e+03   7.7904809e-01   1.8006833e-01   4.0883579e-02
   2.4180000e+03   2.1937298e-02   1.0117277e-02   9.6794542e-01
   2.4200000e+03   1.4063361e-01   3.4213852e-01   5.1722787e-01
   2.3600000e+03   3.6845996e-01   2.7601652e-01   3.5552352e-01
   3.0490000e+03   4.5752429e-02   7.4942210e-01   2.0482548e-01
   9.3090000e+03   7.5888267e-01   2.1140128e-01   2.9716056e-02
   2.1210000e+03   3.0814977e-01   6.2494549e-01   6.6904741e-02
   2.9000000e+03   2.4452260e-01   6.2231243e-01   1.3316497e-01
   2.8990000e+03   8.4956031e-02   8.4669697e-01   6.8347001e-02
   3.1330000e+03   3.0709967e-02   7.7960220e-01   1.8968784e-01
   2.9000000e+03   5.1159582e-02   1.8086845e-02   9.3075357e-01
   2.9050000e+03   6.0688776e-02   3.4611227e-01   5.9319896e-01
   2.9020000e+03   9.2489060e-01   5.1141823e-02   2.3967577e-02
   3.0370000e+03   6.7839345e-02   1.0340753e-01   8.2875312e-01
   3.1430000e+03   2.9574330e-02   9.6930878e-01   1.1168884e-03
   3.1410000e+03   9.3915153e-01   4.1971592e-02   1.8876877e-02
   3.0230000e+03   7.2533290e-02   8.3373762e-01   9.3729091e-02
   2.9030000e+03   1.3533890e-01   7.2640266e-01   1.3825844e-01
   2.9040000e+03   4.0601024e-01   5.5627737e-01   3.7712396e-02
   2.9060000e+03   1.4362506e-01   3.8190096e-01   4.7447399e-01
   2.9740000e+03   5.6119839e-01   1.4239217e-01   2.9640944e-01
   3.0370000e+03   6.7093458e-01   3.7782015e-02   2.9128340e-01
   2.9160000e+03   6.6789427e-02   3.0173052e-04   9.3290884e-01
   2.9140000e+03   4.9465822e-01   2.8315403e-01   2.2218775e-01
   3.1020000e+03   6.7684489e-01   1.4429599e-01   1.7885912e-01
   3.8270000e+03   4.4930929e-02   9.4705511e-01   8.0139619e-03
   3.1480000e+03   8.2458449e-03   9.1630783e-01   7.5446325e-02
   2.9190000e+03   8.7691123e-01   4.2627855e-02   8.0460913e-02
   3.1510000e+03   4.8530343e-02   6.4245932e-03   9.4504506e-01
   2.9220000e+03   3.9197830e-01   6.0630631e-01   1.7153829e-03
   3.4150000e+03   1.3354937e-01   8.5747381e-01   8.9768156e-03
   3.8560000e+03   1.0339379e-01   4.8477338e-01   4.1183283e-01
   2.9290000e+03   2.6353959e-03   9.9559995e-01   1.7646513e-03
   2.9460000e+03   9.7234653e-01   3.2296884e-03   2.4423783e-02
   1.9790000e+03   2.7700389e-02   7.2373318e-01   2.4856643e-01
   3.1540000e+03   1.1202928e-01   7.3411664e-02   8.1455906e-01
   3.1530000e+03   9.1967181e-01   2.8272317e-02   5.2055875e-02
   2.9260000e+03   8.8184248e-03   1.8000271e-02   9.7318130e-01
   3.1690000e+03   4.3382794e-01   5.0605632e-01   6.0115743e-02
   3.0100000e+03   7.5212550e-01   5.7834685e-02   1.9003981e-01
   2.9290000e+03   9.8357922e-01   6.0375352e-03   1.0383248e-02
   2.9300000e+03   8.2029709e-03   9.6001536e-01   3.1781671e-02
   3.0050000e+03   3.4764547e-02   6.6757894e-01   2.9765651e-01
   3.0210000e+03   3.0472488e-03   7.8039257e-01   2.1656019e-01
   2.9320000e+03   1.2885178e-02   9.3187186e-01   5.5242967e-02
   2.9340000e+03   2.8020942e-01   1.7252790e-02   7.0253779e-01
   2.9360000e+03   4.2364652e-01   4.9645502e-01   7.9898463e-02
   2.9500000e+03   5.1237515e-02   2.5598730e-02   9.2316375e-01
   2.9370000e+03   0.0000000e+00   1.0000000e+00  -0.0000000e+00
   3.1620000e+03   1.1599409e-01   8.3609846e-01   4.7907444e-02
   3.1610000e+03   3.7985607e-03   6.1186023e-03   9.9008284e-01
   3.4390000e+03   1.3614101e-02   5.8422293e-04   9.8580168e-01
   3.1660000e+03   2.2881808e-02   5.7741538e-01   3.9970281e-01
   3.1670000e+03   2.4839016e-02   1.8199842e-02   9.5696114e-01
   3.1100000e+03   3.8041589e-02   2.0513949e-01   7.5681892e-01
   2.9490000e+03   1.2468323e-03   9.7773065e-01   2.1022519e-02
   2.1530000e+03   1.1578954e-01   4.7674316e-01   4.0746730e-01
   2.9670000e+03   3.0180326e-02   2.2795149e-02   9.4702453e-01
   3.0770000e+03   7.8777782e-01   1.0006986e-01   1.1215232e-01
   2.9530000e+03   1.3826512e-01   7.0405079e-01   1.5768409e-01
   3.1190000e+03   5.3929917e-02   2.0921440e-01   7.3685568e-01
   2.9520000e+03   3.2715849e-02   1.2497921e-01   8.4230494e-01
   3.0780000e+03   1.1537605e-01   9.4708851e-02   7.8991510e-01
   2.9530000e+03   5.8427413e-01   3.1338446e-01   1.0234141e-01
   2.9880000e+03   1.1881525e-01   2.9684099e-01   5.8434377e-01
   3.4690000e+03   1.3004241e-01   4.6352148e-01   4.0643611e-01
   3.0980000e+03   3.1961292e-02   6.3045535e-02   9.0499317e-01
   1.9990000e+03   1.1102230e-16   6.5111264e-02   9.3488874e-01
   2.9550000e+03   1.4927107e-04   9.9952929e-01   3.2143613e-04
   3.4610000e+03   2.4865037e-02   9.3417338e-01   4.0961579e-02
   6.7730000e+03   2.3696126e-01   7.0101707e-01   6.2021677e-02
   3.4520000e+03   1.7184167e-01   6.5673269e-01   1.7142564e-01
   6.7670000e+03   2.9723272e-03   8.4025799e-01   1.5676969e-01
   3.7060000e+03   1.8390556e-01   4.2310986e-01   3.9298459e-01
   3.7090000e+03   1.6028123e-01   4.7561771e-01   3.6410106e-01
   3.7020000e+03   5.2661896e-01   9.6374632e-02   3.7700640e-01
   3.7140000e+03   4.2580305e-02   9.4638967e-01   1.1030028e-02
   2.9650000e+03   2.6776955e-01   2.9779501e-01   4.3443544e-01
   2.9670000e+03   8.7258632e-01   9.0739308e-02   3.6674374e-02
   3.7900000e+03   7.7913178e-01   8.2188379e-02   1.3867984e-01
   3.6990000e+03   1.0617024e-01   5.3946116e-01   3.5436860e-01
   2.9820000e+03   8.1210812e-01   3.1252120e-02   1.5663976e-01
   3.7550000e+03   6.9185390e-01   2.4340248e-01   6.4743618e-02
   3.7590000e+03   2.1081229e-01   6.8916265e-01   1.0002506e-01
   3.7130000e+03   1.8949078e-01   3.3503379e-01   4.7547543e-01
   3.7560000e+03   4.8437854e-01   1.6938109e-01   3.4624037e-01
   3.7680000e+03   5.3375260e-01   1.6416408e-01   3.0208332e-01
   2.9960000e+03   2.8783469e-01   3.4739185e-01   3.6477346e-01
   2.9910000e+03   6.1727942e-01   1.1228344e-01   2.7043714e-01
   3.6970000e+03   5.8904677e-01   7.9830723e-02   3.3112250e-01
   3.6950000e+03   7.5058605e-01   2.1128912e-01   3.8124831e-02
   3.7430000e+03   3.5690870e-01   9.7916503e-02   5.4517480e-01
   3.7170000e+03   2.4663120e-01   4.6826477e-01   2.8510403e-01
   3.7000000e+03   6.8824212e-01   1.3852429e-01   1.7323359e-01
   3.7200000e+03   5.0214171e-01   3.2370993e-01   1.7414836e-01
   3.7220000e+03   2.4068058e-01   7.9375925e-02   6.7994350e-01
   3.0000000e+03   6.5586643e-02   7.2879369e-01   2.0561967e-01
   2.9240000e+03   9.2388286e-01   5.2731722e-02   2.3385420e-02
   1.4920000e+03   7.1113573e-02   8.6055773e-02   8.4283065e-01
   2.9190000e+03   8.1532003e-17   9.9542361e-01   4.5763950e-03
   3.0150000e+03   2.1148402e-01   2.9694721e-01   4.9156877e-01
   2.9980000e+03   8.2804348e-01   9.9170373e-02   7.2786149e-02
   3.0160000e+03   8.5446950e-01   1.3839738e-01   7.1331227e-03
   2.9260000e+03   1.4124948e-02   9.5852383e-01   2.7351225e-02
   3.0200000e+03   8.9417155e-02   6.2453905e-02   8.4812894e-01
   3.0400000e+03   1.4775656e-01   6.7150504e-01   1.8073839e-01
   3.0260000e+03   1.9009924e-01   4.4515398e-01   3.6474678e-01
   1.4800000e+03   1.8035248e-02   7.2860337e-02   9.0910442e-01
   3.0330000e+03   2.6933484e-02   9.2231635e-01   5.0750164e-02
   3.0290000e+03   4.4216190e-02   6.9941127e-01   2.5637254e-01
   3.0330000e+03   2.9290145e-01   1.5738949e-01   5.4970906e-01
   3.0310000e+03   4.4871746e-01   3.8937065e-01   1.6191189e-01
   3.0470000e+03   3.2927829e-01   4.9137642e-02   6.2158407e-01
   3.4540000e+03   1.2635372e-01   5.3180079e-01   3.4184549e-01
   3.0480000e+03   4.3804735e-01   6.8558025e-02   4.9339463e-01
   3.0750000e+03   2.5818242e-01   6.9899939e-01   4.2818198e-02
   3.0500000e+03   2.4731142e-01   5.1508778e-01   2.3760080e-01
   3.0520000e+03   1.8960164e-01   3.0555195e-01   5.0484641e-01
   3.1000000e+03   2.4536705e-01   3.4571121e-01   4.0892174e-01
   3.0590000e+03   8.4119993e-02   8.8989849e-01   2.5981520e-02
   3.0770000e+03   1.6800015e-02   7.5799144e-01   2.2520855e-01
   3.0560000e+03   5.9596640e-01   2.5412835e-01   1.4990525e-01
   3.4450000e+03   1.2078924e-01   6.2016547e-01   2.5904530e-01
   3.0660000e+03   8.1684941e-01   4.9300185e-03   1.7822057e-01
   3.0710000e+03   8.4195751e-02   8.8122681e-01   3.4577443e-02
   3.0710000e+03   6.2470080e-01   5.9269763e-02   3.1602943e-01
   3.0580000e+03   1.7912579e-02   6.6424530e-02   9.1566289e-01
   3.0930000e+03   2.0606318e-01   7.8786146e-01   6.0753622e-03
   3.0940000e+03   1.4423207e-03   4.0175447e-01   5.9680321e-01
   3.0760000e+03   5.6246426e-01   1.5104411e-01   2.8649163e-01
   3.0620000e+03   6.6610383e-01   7.2394733e-02   2.6150144e-01
   3.0640000e+03   6.8822872e-01   2.4333201e-02   2.8743808e-01
   3.0680000e+03   3.5622788e-01   2.0574357e-01   4.3802856e-01
   3.0810000e+03   5.9069514e-02   2.4818493e-01   6.9274556e-01
   3.0690000e+03   1.5722602e-01   3.1124419e-01   5.3152979e-01
   3.0700000e+03   3.1035590e-01   1.0095654e-01   5.8868756e-01
   3.0890000e+03   2.2734197e-01   5.6203723e-01   2.1062080e-01
   3.0840000e+03   6.4637296e-01   1.8962098e-01   1.6400606e-01
   3.0690000e+03   6.6285762e-01   1.6574087e-01   1.7140151e-01
   3.0840000e+03   2.6567120e-01   7.1665363e-01   1.7675167e-02
   3.0750000e+03   5.2614076e-01   9.8058139e-02   3.7580110e-01
   3.0800000e+03   2.2779424e-01   1.6315006e-02   7.5589076e-01
   3.0810000e+03   8.4136832e-01   5.2236467e-02   1.0639521e-01
   3.1830000e+03   8.2659155e-03   8.3101473e-01   1.6071936e-01
   3.0830000e+03   1.9737476e-01   4.3530754e-01   3.6731770e-01
   3.1880000e+03   6.5040882e-01   3.4267588e-02   3.1532360e-01
   3.0850000e+03   4.8920958e-01   1.4186953e-01   3.6892090e-01
   3.0840000e+03   2.7998917e-01   5.9429761e-02   6.6058107e-01
   3.0860000e+03   6.1831492e-01   3.7785797e-01   3.8271060e-03
   3.0870000e+03   4.3574766e-01   1.4173743e-01   4.2251490e-01
   3.0880000e+03   5.6020685e-03   1.5558116e-02   9.7883982e-01
   3.0870000e+03   3.6528355e-02   7.0556153e-01   2.5791011e-01
   3.2050000e+03   9.8258379e-01   3.9065315e-04   1.7025560e-02
   3.1010000e+03   6.1210117e-01   3.0832670e-01   7.9572130e-02
   3.2050000e+03   1.2676773e-02   9.8726244e-01   6.0785900e-05
   3.0950000e+03   1.0000000e+00  -0.0000000e+00  -0.0000000e+00
   3.1050000e+03   5.4223614e-01   5.2339639e-03   4.5252989e-01
   3.1030000e+03   9.3630598e-02   6.9922990e-01   2.0713950e-01
   3.1030000e+03   6.1313139e-01   2.9611109e-01   9.0757521e-02
   3.4090000e+03   9.6072539e-01   3.3403474e-02   5.8711351e-03
   3.1070000e+03   1.0278011e-01   2.3854758e-02   8.7336513e-01
   3.1090000e+03   1.8656577e-01   4.7697501e-01   3.3645922e-01
   3.1110000e+03   2.2698074e-02   9.4491730e-01   3.2384629e-02
   3.1200000e+03   3.3692205e-01   2.4674898e-01   4.1632896e-01
   3.1240000e+03   9.2445920e-02   5.4964250e-02   8.5258983e-01
   3.1120000e+03   1.9696253e-01   1.5334138e-01   6.4969609e-01
   3.1140000e+03   9.4365616e-02   7.9744228e-01   1.0819210e-01
   3.3790000e+03   2.1787474e-02   8.0514639e-01   1.7306613e-01
   3.1130000e+03   2.2670568e-01   9.0841790e-02   6.8245253e-01
   3.1130000e+03   7.0914608e-02   8.2497453e-01   1.0411086e-01
   3.1800000e+03   1.8096761e-01   4.2168389e-01   3.9734851e-01
   3.1750000e+03   9.5820756e-01   1.8468501e-03   3.9945592e-02
   3.4120000e+03   2.5670410e-01   7.4245863e-01   8.3727004e-04
   3.1740000e+03   1.0167763e-03   9.9355315e-01   5.4300762e-03
   3.1260000e+03   4.4502184e-02   2.9875808e-03   9.5251024e-01
   3.1230000e+03   3.7080657e-02   8.8215900e-02   8.7470344e-01
   3.1310000e+03   5.9525968e-01   1.1608200e-01   2.8865832e-01
   3.1860000e+03   4.7056947e-01   4.2509948e-01   1.0433105e-01
   3.3870000e+03   3.1244872e-02   1.5178959e-01   8.1696554e-01
   3.1870000e+03   3.8912468e-01   1.8842043e-01   4.2245489e-01
   3.1710000e+03   1.3822892e-01   3.6356292e-01   4.9820816e-01
   3.3820000e+03   6.0397123e-02   6.6776838e-01   2.7183450e-01
   3.3990000e+03   1.3817801e-02   1.3903857e-01   8.4714362e-01
   3.1380000e+03   1.2301848e-03   2.3307027e-03   9.9643911e-01
   3.1340000e+03   2.0213433e-01   7.0407340e-01   9.3792276e-02
   3.1390000e+03   6.8900124e-01   6.1973865e-02   2.4902490e-01
   3.1430000e+03   9.4934959e-01   3.9953487e-02   1.0696927e-02
   3.1440000e+03   4.2764397e-03   1.1295336e-02   9.8442822e-01
   3.1470000e+03   9.5680382e-01   2.3666340e-02   1.9529838e-02
   3.1480000e+03   1.3176902e-02   7.5753039e-02   9.1107006e-01
   3.4290000e+03   1.0225634e-02   5.2344812e-03   9.8453988e-01
   3.1530000e+03   4.6220188e-02   9.2648721e-01   2.7292602e-02
   3.4200000e+03   9.8601976e-01   5.1122470e-03   8.8679928e-03
   3.4360000e+03   5.4010660e-02   7.8098754e-01   1.6500180e-01
   3.1620000e+03   9.4845987e-01   4.8904729e-03   4.6649655e-02
   3.4430000e+03   1.2059041e-02   9.0481236e-03   9.7889283e-01
   3.1700000e+03   1.7712850e-01   5.3585503e-01   2.8701647e-01
   3.2020000e+03   1.4847497e-01   6.6016644e-01   1.9135860e-01
   3.1790000e+03   3.5841478e-03   1.3550511e-03   9.9506080e-01
   3.1910000e+03   2.1481872e-03   9.9501086e-01   2.8409526e-03
   3.1770000e+03   8.4322414e-01   1.6429170e-02   1.4034669e-01
   3.3940000e+03   8.9863098e-04   9.9886944e-01   2.3192559e-04
   3.1820000e+03   6.8288534e-02   1.4128529e-01   7.9042617e-01
   3.1850000e+03   1.5929739e-01   3.7925542e-01   4.6144719e-01
   3.3950000e+03   8.6408843e-01   5.0363109e-02   8.5548465e-02
   3.1910000e+03   9.9425178e-01   5.5196622e-04   5.1962570e-03
   3.1970000e+03   9.6796776e-01   1.1212609e-02   2.0819630e-02
   3.3970000e+03   7.6547864e-02   9.5855668e-02   8.2759647e-01
   3.3900000e+03   4.6271053e-02   8.7268406e-01   8.1044888e-02
   3.1990000e+03   3.0637155e-02   1.9486618e-02   9.4987623e-01
   3.2090000e+03   7.0643650e-02   2.6130881e-02   9.0322547e-01
   3.4160000e+03   9.7296382e-03   9.6693222e-01   2.3338143e-02
   3.3400000e+03   4.7513289e-01   0.0000000e+00   5.2486711e-01
   3.3440000e+03   5.9755388e-01   3.9772004e-01   4.7260734e-03
   3.2090000e+03   9.0504161e-01   6.8777718e-02   2.6180669e-02
   3.4390000e+03   2.9794673e-02   9.6636453e-01   3.8407981e-03
   3.2130000e+03   2.3778788e-02   6.3344802e-01   3.4277319e-01
   3.4170000e+03   4.9952399e-02   5.2577067e-01   4.2427693e-01
   3.2140000e+03   0.0000000e+00   3.3047133e-01   6.6952867e-01
   3.2160000e+03   7.4682301e-02   9.0543864e-01   1.9879063e-02
   3.2200000e+03   3.1038199e-01   3.1010836e-02   6.5860717e-01
   3.2220000e+03   5.6398836e-03   2.0748486e-01   7.8687525e-01
   3.4220000e+03   9.7420007e-01   1.5455992e-02   1.0343939e-02
   3.2990000e+03   4.8615282e-01   6.7601889e-02   4.4624529e-01
   3.3060000e+03   1.3367320e-01   2.6676953e-01   5.9955728e-01
   3.2210000e+03   9.9605109e-01   3.9489125e-03   0.0000000e+00
   3.2980000e+03   7.5116302e-02   3.8736368e-01   5.3752002e-01
   3.4230000e+03   1.4726439e-02   3.1094347e-02   9.5417921e-01
   3.4300000e+03   9.8090842e-01   1.3485263e-02   5.6063137e-03
   3.2250000e+03   2.9880579e-01   1.6841319e-02   6.8435289e-01
   3.3830000e+03   5.5535481e-01   4.7838334e-02   3.9680686e-01
   3.2240000e+03   2.5313085e-14   7.5307510e-03   9.9246925e-01
   3.2270000e+03   5.8895920e-02   6.2728940e-01   3.1381468e-01
   3.3070000e+03   9.9489797e-01   1.7114423e-03   3.3905887e-03
   3.3100000e+03   1.2293404e-03   9.9461301e-01   4.1576466e-03
   3.2310000e+03   5.7173566e-03   6.1433248e-04   9.9366831e-01
   3.2330000e+03   1.5513632e-14   9.9196859e-01   8.0314077e-03
   3.2350000e+03   9.9173279e-01   4.9190125e-03   3.3481935e-03
   3.2320000e+03   7.4614461e-03   9.9253855e-01   5.5720973e-15
   3.3100000e+03   7.2185990e-01   2.1868915e-01   5.9450955e-02
   3.3120000e+03   4.7253615e-01   2.8656283e-01   2.4090101e-01
   3.2360000e+03   4.6288459e-02   6.3377653e-01   3.1993501e-01
   3.4080000e+03   6.4207304e-01   3.6718323e-02   3.2120864e-01
   3.2370000e+03   2.9315499e-01   4.8707139e-01   2.1977362e-01
   3.3170000e+03   2.5610739e-01   4.2013721e-01   3.2375540e-01
   3.3950000e+03   1.8951337e-01   4.8141794e-02   7.6234484e-01
   3.3160000e+03   1.9049667e-02   4.9671958e-02   9.3127837e-01
   3.3180000e+03   3.9079020e-01   1.6104866e-01   4.4816114e-01
   3.3910000e+03   8.8231053e-02   7.7101644e-03   9.0405878e-01
   3.3210000e+03   8.7544745e-01   5.1856248e-02   7.2696301e-02
   3.3930000e+03   1.5387053e-01   2.5768107e-01   5.8844841e-01
   3.3210000e+03   8.0273126e-02   1.1476042e-01   8.0496645e-01
   3.3250000e+03   7.8852777e-01   5.2469819e-02   1.5900241e-01
   3.3250000e+03   5.5419333e-01   4.3358799e-01   1.2218680e-02
   3.2460000e+03   4.0272309e-01   2.1534096e-01   3.8193595e-01
   3.2440000e+03   1.5664807e-02   8.5697824e-01   1.2735695e-01
   3.3260000e+03   8.6086652e-01   1.3057512e-01   8.5583605e-03
   3.2430000e+03   3.9881050e-03   7.3463881e-01   2.6137309e-01
   3.2490000e+03   2.7411208e-01   1.4945387e-01   5.7643405e-01
   3.4350000e+03   4.4978878e-01   3.4281166e-01   2.0739956e-01
   3.3270000e+03   5.7776733e-02   6.2737976e-01   3.1484351e-01
   3.2510000e+03   7.7828983e-02   6.3111272e-01   2.9105830e-01
   3.2500000e+03   8.9156431e-01   6.1739912e-02   4.6695782e-02
   3.2550000e+03   2.2548692e-02   1.7721018e-02   9.5973029e-01
   3.2570000e+03   9.8283263e-01   1.5871847e-02   1.2955195e-03
