   3.8780000e+03   2.4821239e-04   7.1534024e-04   9.9903645e-01
   3.8060000e+03   9.9936531e-01   3.5521596e-04   2.7947354e-04
   3.8580000e+03   9.9945505e-01   4.9640281e-04   4.8550887e-05
   3.7860000e+03   9.9943160e-01   4.2806550e-04   1.4033341e-04
   3.8560000e+03   3.9596771e-04   8.0207224e-04   9.9880196e-01
   3.8080000e+03   9.9924326e-01   4.6109701e-04   2.9564655e-04
   3.8480000e+03   9.9912567e-01   4.3852168e-04   4.3580944e-04
   3.7940000e+03   9.9908822e-01   3.6298368e-04   5.4880007e-04
   3.8030000e+03   5.2245739e-04   3.4142768e-04   9.9913611e-01
   3.8970000e+03   4.3080026e-04   1.1967646e-04   9.9944952e-01
   3.8010000e+03   5.3277771e-04   2.1648774e-05   9.9944557e-01
   3.8380000e+03   4.9388590e-04   7.3320079e-04   9.9877291e-01
   3.7840000e+03   1.8072530e-04   6.6845559e-04   9.9915082e-01
   3.8620000e+03   1.9483538e-04   9.1975116e-04   9.9888541e-01
   3.8170000e+03   8.4618075e-04   9.9884300e-01   3.1082398e-04
   3.8600000e+03   9.9939128e-01   3.0237393e-04   3.0634970e-04
   3.8950000e+03   5.0482827e-04   9.9915125e-01   3.4392453e-04
   3.8400000e+03   4.2990177e-04   5.7998559e-04   9.9899011e-01
   3.8270000e+03   3.9247265e-04   1.4226151e-04   9.9946527e-01
   3.8800000e+03   7.5310588e-05   8.0042280e-04   9.9912427e-01
   3.8290000e+03   7.7682613e-04   9.9908527e-01   1.3790547e-04
   4.2210000e+03   4.0198390e-04   2.3707532e-04   9.9936094e-01
   4.2770000e+03   9.9951948e-01   4.3911913e-04   4.1405804e-05
   4.2030000e+03   3.3096072e-04   5.5657827e-04   9.9911246e-01
   4.4060000e+03   7.2468667e-04   9.9893450e-01   3.4081058e-04
   4.5190000e+03   1.0567389e-03   9.9758644e-01   1.3568246e-03
   4.0880000e+03   9.9832225e-01   1.2142702e-03   4.6348139e-04
   4.3110000e+03   9.9920170e-01   1.8569913e-04   6.1260005e-04
   4.1730000e+03   9.9917742e-01   0.0000000e+00   8.2258410e-04
   4.5360000e+03   9.9827947e-01   1.7205280e-03   0.0000000e+00
   4.4900000e+03   9.9881633e-01   1.0805148e-03   1.0315285e-04
   4.2990000e+03   1.2150043e-03   6.6472465e-04   9.9812027e-01
   4.2300000e+03   9.9827235e-01   1.3209274e-03   4.0671763e-04
   4.1350000e+03   6.8059467e-04   3.8423461e-04   9.9893517e-01
   4.3930000e+03   7.7255405e-04   6.1858303e-04   9.9860886e-01
   4.2320000e+03   6.3071129e-04   9.9846529e-01   9.0399498e-04
   4.3900000e+03   9.9910195e-01   6.1658151e-04   2.8147257e-04
   4.2350000e+03   2.2826705e-03   5.0133507e-04   9.9721599e-01
   4.2960000e+03   9.9808110e-01   1.7020429e-03   2.1685937e-04
   4.5000000e+03   1.6696062e-03   9.9485714e-01   3.4732537e-03
   4.1410000e+03   4.4994127e-04   7.0149950e-04   9.9884856e-01
   4.3730000e+03   8.1111557e-04   4.7813496e-04   9.9871075e-01
   4.3710000e+03   9.9942334e-01   5.0332557e-04   7.3330379e-05
   4.5070000e+03   1.4807552e-05   1.7040185e-03   9.9828117e-01
   4.5230000e+03   9.9861740e-01   1.4005856e-04   1.2425366e-03
   4.4970000e+03   8.3165056e-05   1.2390823e-03   9.9867775e-01
   4.5270000e+03   6.8293389e-05   1.4679031e-03   9.9846380e-01
   4.5060000e+03   9.9790045e-01   1.5809043e-03   5.1864846e-04
   4.5260000e+03   9.9843357e-01   1.5664263e-03   0.0000000e+00
   4.4960000e+03   9.9870214e-01   1.2978612e-03   2.3318172e-16
   4.5110000e+03   9.9841183e-01   1.5179836e-04   1.4363749e-03
   4.5130000e+03   2.4234053e-04   1.1332716e-03   9.9862439e-01
   4.5460000e+03   2.5974446e-04   7.7585117e-04   9.9896440e-01
   4.4940000e+03   1.1509941e-03   9.9870915e-01   1.3985408e-04
   4.5290000e+03   1.4622822e-04   1.1660107e-03   9.9868776e-01
   4.4930000e+03   7.2577867e-04   1.7280645e-03   9.9754616e-01
   4.5440000e+03   1.9662188e-03   9.9760930e-01   4.2448012e-04
   4.5140000e+03   2.0498455e-03   9.9737225e-01   5.7790157e-04
   4.5330000e+03   9.9827592e-01   5.5578866e-04   1.1682945e-03
   4.5170000e+03   5.4131673e-04   1.8062250e-03   9.9765246e-01
   4.5350000e+03   9.9866929e-01   5.7091744e-04   7.5978805e-04
   4.4910000e+03   3.3780971e-04   1.2714943e-03   9.9839070e-01
   4.5370000e+03   6.1306283e-04   1.6200319e-03   9.9776691e-01
   4.1920000e+03   7.6511292e-04   9.9832884e-01   9.0604553e-04
   4.2850000e+03   9.2539692e-04   9.9907460e-01   6.4770659e-16
   4.2560000e+03   3.7263781e-04   9.9454590e-04   9.9863282e-01
   4.3940000e+03   1.7268606e-04   5.3697901e-04   9.9929033e-01
   4.3950000e+03   8.9674874e-04   1.0456205e-15   9.9910325e-01
   4.3910000e+03   1.6269215e-04   1.0110219e-03   9.9882629e-01
   4.2580000e+03   4.4702149e-04   9.3822131e-04   9.9861476e-01
   4.3980000e+03   2.9762497e-04   2.7815605e-04   9.9942422e-01
   4.1320000e+03   6.1930189e-04   9.9915635e-01   2.2434612e-04
   4.3970000e+03   4.5743007e-04   1.0033962e-03   9.9853917e-01
   4.4550000e+03   2.3737324e-04   6.8026121e-04   9.9908237e-01
   4.4030000e+03   9.9944886e-01   3.6359585e-04   1.8754361e-04
   4.1300000e+03   5.7693594e-04   9.9914366e-01   2.7940807e-04
   4.4010000e+03   3.2665883e-04   7.5830978e-04   9.9891503e-01
   4.5310000e+03   2.4253500e-04   1.6451526e-03   9.9811231e-01
   4.4530000e+03   4.3548587e-04   9.6909794e-04   9.9859542e-01
   4.1280000e+03   9.8607993e-04   9.9871547e-01   2.9845094e-04
   4.4050000e+03   2.3581161e-04   9.8302812e-04   9.9878116e-01
   4.3780000e+03   1.9037568e-03   9.9791491e-01   1.8133786e-04
   4.4510000e+03   4.8892946e-04   2.2057285e-04   9.9929050e-01
   4.4140000e+03   2.7328464e-04   9.9951187e-01   2.1484187e-04
   4.2050000e+03   4.3883319e-04   3.6852929e-04   9.9919264e-01
   4.4110000e+03   6.0068140e-04   9.9887449e-01   5.2482648e-04
   4.4100000e+03   2.8421995e-04   9.1278311e-04   9.9880300e-01
   4.1260000e+03   2.0302334e-04   9.9935035e-01   4.4662370e-04
   4.4160000e+03   4.3023408e-04   2.8615608e-04   9.9928361e-01
   4.1500000e+03   4.8432473e-04   9.9928432e-01   2.3135400e-04
   4.3580000e+03   3.9528501e-04   3.8928391e-05   9.9956579e-01
   4.3770000e+03   9.9911380e-01   1.1134230e-04   7.7485669e-04
   4.1380000e+03   1.2069612e-03   9.9874608e-01   4.6960805e-05
   4.4870000e+03   2.5380460e-04   6.6014498e-04   9.9908605e-01
   4.2710000e+03   9.9937261e-01   3.0945169e-04   3.1793756e-04
   4.3560000e+03   3.0355070e-04   3.8707375e-04   9.9930938e-01
   4.1880000e+03   7.8079424e-04   9.9889120e-01   3.2800625e-04
   4.2730000e+03   1.3372650e-04   1.4702222e-03   9.9839605e-01
   4.1390000e+03   9.2957552e-05   9.9826578e-01   1.6412613e-03
   4.3750000e+03   2.5266999e-03   4.7739094e-04   9.9699591e-01
   4.2970000e+03   8.8817842e-16   1.7699270e-03   9.9823007e-01
   4.3120000e+03   1.6863136e-04   9.9894853e-01   8.8283975e-04
   4.1720000e+03   1.8124755e-04   9.9899720e-01   8.2154804e-04
   4.2740000e+03   2.9186303e-04   9.9680263e-01   2.9055093e-03
   4.3090000e+03   4.0385698e-04   9.9753401e-01   2.0621362e-03
   4.1700000e+03   9.9907441e-01   8.0503403e-04   1.2055334e-04
   4.2140000e+03   1.3740234e-02   9.8617320e-01   8.6565655e-05
   4.2160000e+03   8.4515409e-03   9.9142961e-01   1.1884852e-04
   4.5030000e+03   3.0335062e-03   9.9527860e-01   1.6878958e-03
   4.4800000e+03   9.9453296e-01   4.2367604e-03   1.2302790e-03
   4.5210000e+03   4.5904975e-03   1.6384509e-03   9.9377105e-01
   4.4840000e+03   9.9774707e-01   2.1857723e-03   6.7154659e-05
   4.4820000e+03   9.9627621e-01   3.2613759e-03   4.6241088e-04
   4.4850000e+03   7.1635284e-05   1.3829903e-03   9.9854537e-01
   4.1130000e+03   3.9987754e-03   9.9586654e-01   1.3468585e-04
   4.5430000e+03   9.9794903e-01   1.8379481e-04   1.8671757e-03
   6.1960000e+03   1.9808718e-03   9.9525946e-01   2.7596656e-03
   6.1660000e+03   1.9942138e-03   9.9736803e-01   6.3775825e-04
   6.1990000e+03   1.4309492e-03   9.9710454e-01   1.4645070e-03
   6.0610000e+03   9.9581308e-01   3.2691403e-03   9.1778181e-04
   4.5050000e+03   4.5979991e-03   1.8173018e-03   9.9358470e-01
   4.0890000e+03   2.0923652e-03   1.3083397e-03   9.9659930e-01
   6.1440000e+03   2.6364259e-03   7.6652869e-04   9.9659705e-01
   6.2160000e+03   1.0487805e-03   9.9612859e-01   2.8226277e-03
   6.1670000e+03   1.5516632e-03   9.9507784e-01   3.3704983e-03
   6.2020000e+03   9.9705522e-01   2.1200300e-03   8.2474729e-04
   6.1700000e+03   2.8766208e-03   1.8974788e-03   9.9522590e-01
   6.2010000e+03   2.2085904e-03   9.9531608e-01   2.4753312e-03
   6.0600000e+03   9.9416495e-01   4.4975862e-03   1.3374605e-03
   6.2100000e+03   1.7749789e-03   9.9500457e-01   3.2204536e-03
   4.2870000e+03   9.9778051e-01   1.2493562e-04   2.0945573e-03
   4.0920000e+03   9.9664245e-01   2.7571136e-03   6.0043276e-04
   4.5480000e+03   9.9795099e-01   1.2754170e-03   7.7359628e-04
   6.1340000e+03   5.5511151e-16   1.4886527e-03   9.9851135e-01
   4.5080000e+03   9.9813541e-01   1.5893862e-03   2.7520115e-04
   6.1830000e+03   4.4408921e-16   2.1248183e-03   9.9787518e-01
   4.4990000e+03   9.9920072e-16   2.2201733e-03   9.9777983e-01
   6.2430000e+03   4.8151228e-04   1.8976942e-03   9.9762079e-01
   6.1820000e+03   9.9789594e-01   1.5064629e-03   5.9759944e-04
   6.2470000e+03   9.4709127e-05   1.9648448e-03   9.9794045e-01
   6.2440000e+03   2.9620766e-03   9.3733893e-04   9.9610058e-01
   4.3140000e+03   9.9649000e-01   3.3334316e-03   1.7656735e-04
   6.1330000e+03   9.9839931e-01   1.3745149e-03   2.2617801e-04
   6.2220000e+03   6.0935086e-04   9.9749737e-01   1.8932816e-03
   6.1920000e+03   7.1653064e-04   9.9691418e-01   2.3692918e-03
   6.2180000e+03   9.9785380e-01   1.7170652e-03   4.2913139e-04
   6.1560000e+03   1.1188966e-16   9.9472359e-01   5.2764078e-03
   6.1580000e+03  -9.7144515e-17   9.9574457e-01   4.2554332e-03
   6.2410000e+03   3.3191497e-03   9.9377499e-01   2.9058636e-03
   6.1940000e+03   4.9903390e-03   9.9206810e-01   2.9415626e-03
   6.1320000e+03   1.5070863e-03   9.9849291e-01   0.0000000e+00
   6.2260000e+03   9.9815640e-01   6.1564405e-05   1.7820307e-03
   6.0650000e+03   4.5003308e-04   9.9792848e-01   1.6214903e-03
   6.2200000e+03   9.9783993e-01   5.8538502e-04   1.5746805e-03
   6.1570000e+03   4.7727692e-03   9.9213462e-01   3.0926067e-03
   6.1350000e+03   2.3363311e-03   9.9482539e-01   2.8382817e-03
   6.1590000e+03   4.4931427e-03   9.9231386e-01   3.1929936e-03
   6.2140000e+03   9.9712525e-01   3.9039838e-04   2.4843550e-03
   6.1610000e+03   4.7742858e-03   9.9244601e-01   2.7797047e-03
   6.1450000e+03   9.9718463e-01   5.8158646e-04   2.2337836e-03
   6.1630000e+03   6.0546117e-03   9.9212553e-01   1.8198590e-03
   6.2130000e+03   2.2983999e-03   9.9722384e-01   4.7775628e-04
   6.1370000e+03   6.6779640e-03   9.9161997e-01   1.7020706e-03
   6.1480000e+03   1.6115602e-03   4.3151412e-03   9.9407330e-01
   6.0850000e+03   2.0067683e-02   9.7963687e-01   2.9544802e-04
   6.1510000e+03   2.5651390e-03   9.9346899e-01   3.9658716e-03
   4.5380000e+03   3.7818156e-03   9.9047048e-01   5.7477022e-03
   4.5400000e+03   4.4539824e-04   2.1281702e-03   9.9742643e-01
   6.2620000e+03   1.4308485e-04   5.9382134e-03   9.9391870e-01
   4.1140000e+03   1.0074759e-04   9.9484793e-01   5.0513218e-03
   4.4880000e+03   2.3031486e-03   9.9728933e-01   4.0752139e-04
   6.2630000e+03   2.1681822e-03   2.6813650e-04   9.9756368e-01
   7.1870000e+03   2.1059759e-04   4.8730864e-04   9.9930209e-01
   7.1490000e+03   1.7058753e-03   9.9809939e-01   1.9473153e-04
   7.1860000e+03   1.8903158e-04   6.2308034e-04   9.9918789e-01
   7.1810000e+03   5.7454636e-04   9.9869079e-01   7.3466483e-04
   7.1580000e+03   8.0122541e-17   9.9903599e-01   9.6401472e-04
   7.1310000e+03   1.9230554e-04   9.9814087e-01   1.6668280e-03
   7.1740000e+03   4.2886366e-04   9.9873991e-01   8.3122988e-04
   7.1950000e+03   2.5758070e-04   3.4754982e-04   9.9939487e-01
   7.1820000e+03   9.9925553e-01   9.9552798e-16   7.4446571e-04
   7.1320000e+03   9.7122556e-04   9.9896019e-01   6.8586053e-05
   7.1590000e+03   9.2481231e-04   9.9894526e-01   1.2992300e-04
   7.1640000e+03   9.8765982e-04   8.9349966e-04   9.9811884e-01
   7.7210000e+03   7.1726054e-04   9.9896006e-01   3.2267830e-04
   7.1650000e+03   9.9912989e-01   6.1105927e-05   8.0900455e-04
   7.1670000e+03   9.9863081e-01   5.1474798e-04   8.5444441e-04
   7.1700000e+03   8.7552974e-04   7.5264967e-05   9.9904921e-01
   7.1720000e+03   9.0699152e-04   1.1382657e-04   9.9897918e-01
   7.1710000e+03   0.0000000e+00   9.5292636e-04   9.9904707e-01
   7.1920000e+03   0.0000000e+00   9.3934288e-04   9.9906066e-01
   7.3280000e+03   9.9904357e-01   2.9443957e-04   6.6199278e-04
   7.2670000e+03   5.0794331e-04   5.6713482e-04   9.9892492e-01
   7.3060000e+03   3.8716104e-04   1.5337013e-04   9.9945947e-01
   7.2530000e+03   4.3097323e-04   3.8975633e-04   9.9917927e-01
   7.2910000e+03   6.8681518e-04   0.0000000e+00   9.9931318e-01
   7.3440000e+03   9.9937992e-01   1.7059678e-04   4.4948276e-04
   7.3390000e+03   4.4232724e-04   9.9907002e-01   4.8765222e-04
   7.3300000e+03   9.9934609e-01   2.2479117e-04   4.2911636e-04
   7.3320000e+03   9.9932582e-01   2.2147638e-04   4.5270842e-04
   7.3450000e+03   7.4624565e-04   9.9872831e-01   5.2544456e-04
   7.3460000e+03   9.9936943e-01   6.2371237e-05   5.6820234e-04
   7.3330000e+03   1.0968873e-15   9.9925471e-01   7.4529493e-04
   7.3340000e+03   9.9931874e-01   0.0000000e+00   6.8125664e-04
   7.3350000e+03   3.1393342e-04   9.9917886e-01   5.0720531e-04
   7.3370000e+03   6.0733998e-04   9.9899665e-01   3.9600802e-04
   7.3470000e+03   8.8884198e-04   9.9850383e-01   6.0732643e-04
   7.3160000e+03   4.9009024e-04   9.9883447e-01   6.7543713e-04
   7.2630000e+03   4.7324277e-04   6.5570292e-04   9.9887105e-01
   7.3120000e+03   4.1823445e-04   9.9895498e-01   6.2678375e-04
   7.2690000e+03   5.3454914e-04   3.8012810e-04   9.9908532e-01
   7.2800000e+03   9.9938583e-01   7.1137721e-05   5.4303426e-04
   7.2610000e+03   5.5470700e-04   6.9290930e-04   9.9875238e-01
   7.2980000e+03   4.5808357e-04   9.9902936e-01   5.1255847e-04
   7.2590000e+03   3.5339626e-04   6.4523125e-04   9.9900137e-01
   7.3000000e+03   5.7952661e-04   9.9907417e-01   3.4630684e-04
   7.2700000e+03   5.4559819e-04   9.9901700e-01   4.3740240e-04
   7.2830000e+03   9.9939515e-01   4.9803819e-04   1.0681678e-04
   7.2570000e+03   2.2091800e-04   7.3124999e-04   9.9904783e-01
   7.3100000e+03   6.0812778e-04   9.9915378e-01   2.3809555e-04
   7.2720000e+03   6.1699908e-04   9.9908268e-01   3.0031777e-04
   7.2850000e+03   9.9930672e-01   2.8446981e-04   4.0881186e-04
   7.2750000e+03   1.7887400e-04   6.3543750e-04   9.9918569e-01
   7.2870000e+03   9.9920310e-01   1.2363625e-04   6.7326546e-04
   7.2550000e+03   1.2624476e-04   8.0530493e-04   9.9906845e-01
   7.3080000e+03   6.3943184e-04   9.9916283e-01   1.9774265e-04
   7.2770000e+03   1.8087821e-04   6.8398887e-04   9.9913513e-01
   7.2890000e+03   9.9924171e-01   7.1314746e-16   7.5829488e-04
   7.2880000e+03   5.8319829e-04   9.9906922e-01   3.4758520e-04
   7.2760000e+03   9.9949772e-01   2.6916685e-04   2.3311368e-04
   7.3020000e+03   6.6442750e-04   1.4087728e-04   9.9919470e-01
   7.2640000e+03   3.8746731e-04   9.9892176e-01   6.9076933e-04
   7.3250000e+03   5.4484880e-04   9.9876692e-01   6.8823597e-04
   7.1480000e+03   1.9321815e-04   1.7559809e-03   9.9805080e-01
   7.1940000e+03   2.1212352e-04   9.3377189e-04   9.9885410e-01
   7.1500000e+03   1.2533377e-15   9.9900984e-01   9.9015608e-04
   7.1890000e+03   9.9902341e-01   2.4852363e-04   7.2806566e-04
   7.1550000e+03   9.9930436e-01   3.5645583e-04   3.3918103e-04
   7.1340000e+03   9.9898181e-01   8.8867566e-04   1.2951170e-04
   7.3600000e+03   7.7449063e-04   6.6256476e-04   9.9856294e-01
   7.8360000e+03   9.9943882e-01   1.4919292e-04   4.1198387e-04
   7.7070000e+03   9.9946149e-01   1.8718899e-16   5.3850601e-04
   7.6970000e+03   5.6491456e-04   4.2474639e-04   9.9901034e-01
   7.6840000e+03   6.7563271e-04   3.7782765e-04   9.9894654e-01
   7.6860000e+03   6.3133717e-04   3.3739875e-04   9.9903126e-01
   7.6820000e+03   6.4670409e-04   2.1529453e-04   9.9913800e-01
   7.5230000e+03   2.3854616e-15   9.9936651e-01   6.3348779e-04
   7.7310000e+03   3.7172718e-04   1.8364511e-04   9.9944463e-01
   7.7120000e+03   4.1933588e-04   9.9927377e-01   3.0689218e-04
   7.7340000e+03   7.2185666e-04   8.5518824e-04   9.9842296e-01
   7.7250000e+03   1.0353779e-03   9.9801440e-01   9.5021902e-04
   7.7230000e+03   7.3563451e-04   9.9777611e-01   1.4882507e-03
   7.7200000e+03   3.4487787e-04   9.9911962e-01   5.3550209e-04
   7.7270000e+03   2.9270802e-04   9.9891993e-01   7.8735839e-04
   7.7100000e+03   7.6354868e-04   6.9870975e-04   9.9853774e-01
   7.7280000e+03   9.9908801e-01   4.0019485e-16   9.1199011e-04
   7.7180000e+03   9.9920026e-01   1.2446858e-04   6.7527205e-04
   7.7170000e+03   7.9797280e-17   9.9913419e-01   8.6581386e-04
   7.7150000e+03   4.4448499e-04   2.7838783e-04   9.9927713e-01
   7.6740000e+03   3.2759095e-04   8.6712364e-05   9.9958570e-01
   7.5200000e+03   9.9939328e-01   1.7708548e-04   4.2963108e-04
   7.7500000e+03   6.6359471e-05   9.9943202e-01   5.0162443e-04
   7.5380000e+03   1.1102230e-16   3.0398860e-03   9.9696011e-01
   7.6460000e+03   1.5871498e-04   1.6270099e-03   9.9821428e-01
   7.4790000e+03   9.9921656e-01   7.8343620e-04   0.0000000e+00
   7.5850000e+03   4.8595586e-04   9.9920548e-01   3.0855955e-04
   7.6400000e+03   1.0050554e-16   9.9933508e-01   6.6491880e-04
   7.6060000e+03   5.0393934e-04   5.3080231e-04   9.9896526e-01
   7.6690000e+03   2.4764363e-03   9.9609342e-01   1.4301483e-03
   7.4830000e+03   9.9735144e-01   1.8136697e-03   8.3489518e-04
   7.5250000e+03   8.2952378e-04   9.9802603e-01   1.1444460e-03
   7.6670000e+03   1.4095476e-03   9.9754029e-01   1.0501577e-03
   7.5270000e+03   1.1817496e-03   1.5685591e-03   9.9724969e-01
   7.6710000e+03   5.6200704e-15   9.9854026e-01   1.4597448e-03
   7.4880000e+03   6.6977169e-04   9.9629803e-01   3.0322007e-03
   7.4890000e+03   3.5093772e-04   9.9781899e-01   1.8300741e-03
   7.6210000e+03   6.4803853e-04   9.9918926e-01   1.6270644e-04
   7.5280000e+03   5.2992239e-04   9.9886687e-01   6.0320602e-04
   7.5880000e+03   5.6557833e-04   4.8764660e-04   9.9894678e-01
   7.5300000e+03   4.4868205e-04   9.9870373e-01   8.4758430e-04
   7.5320000e+03   4.6009192e-04   9.9870450e-01   8.3541009e-04
   7.5350000e+03   1.5044378e-03   7.6443931e-04   9.9773112e-01
   7.6230000e+03   1.4365012e-03   7.4341507e-04   9.9782008e-01
   7.5360000e+03   9.9861535e-01   5.7494918e-04   8.0969734e-04
   7.6540000e+03   6.3484718e-04   9.9857861e-01   7.8654443e-04
   7.6560000e+03   8.3973161e-04   9.9837663e-01   7.8363677e-04
   7.6120000e+03   7.7045561e-04   9.9757083e-01   1.6587101e-03
   7.6610000e+03   9.4914409e-04   3.7294348e-04   9.9867791e-01
   7.5390000e+03   9.5514351e-04   6.5342839e-04   9.9839143e-01
   7.6140000e+03   9.9904057e-01   1.5601798e-04   8.0341312e-04
   7.6600000e+03   7.4003172e-04   9.9909330e-01   1.6667137e-04
   7.6290000e+03   1.7383627e-03   1.0836159e-03   9.9717802e-01
   7.8730000e+03   2.4858087e-03   9.9638999e-01   1.1241978e-03
   7.6260000e+03   7.8100692e-04   9.9679552e-01   2.4234735e-03
   7.5970000e+03   6.7454023e-04   9.9815617e-01   1.1692853e-03
   7.5750000e+03   3.0150969e-04   9.9954109e-01   1.5740450e-04
   7.6790000e+03   3.9413769e-06   5.3612413e-04   9.9945993e-01
   7.5540000e+03   4.4745056e-04   9.1349943e-04   9.9863905e-01
   7.5770000e+03   5.3670712e-04   9.9915165e-01   3.1163953e-04
   7.5520000e+03   3.3642439e-04   9.9943686e-01   2.2671615e-04
   7.6750000e+03   2.0970442e-04   9.9948368e-01   3.0661480e-04
   7.5800000e+03   8.6835007e-05   9.9951008e-01   4.0308707e-04
   7.6800000e+03   6.8041710e-04   6.0233791e-04   9.9871724e-01
   7.4900000e+03   9.9917979e-01   7.0269737e-04   1.1751303e-04
   7.6380000e+03   5.5206567e-04   5.7220114e-04   9.9887573e-01
   7.4820000e+03   2.2061637e-04   3.8619796e-04   9.9939319e-01
   7.5730000e+03   2.0750157e-04   9.9968096e-01   1.1153571e-04
   7.5620000e+03   2.2085469e-15   9.9986016e-01   1.3983575e-04
   7.5620000e+03   1.1700959e-04   0.0000000e+00   9.9988299e-01
   7.5640000e+03   2.6226736e-04   9.9897842e-01   7.5931260e-04
   7.6390000e+03   1.6381843e-05   9.9903413e-01   9.4949049e-04
   7.5680000e+03   4.4205042e-04   9.6042765e-05   9.9946191e-01
   7.5830000e+03   1.1739329e-04   9.9954097e-01   3.4163932e-04
   7.5650000e+03   9.9951193e-01   3.0827419e-04   1.7979227e-04
   7.5670000e+03   2.5894883e-05   2.4934418e-04   9.9972476e-01
   7.5810000e+03   8.6129431e-05   9.9966581e-01   2.4805820e-04
   7.5690000e+03   1.4309989e-04   1.8812726e-05   9.9983809e-01
   7.5720000e+03   3.0365985e-06   9.9971716e-01   2.7980538e-04
   7.7450000e+03   1.1057960e-04   2.9726201e-04   9.9959216e-01
   7.7470000e+03   1.5964244e-04   2.8680943e-04   9.9955355e-01
   7.7490000e+03   1.9826857e-04   4.0558078e-04   9.9939615e-01
   7.7510000e+03   9.9958666e-01   6.1877506e-05   3.5146608e-04
   7.5900000e+03   6.7178940e-04   5.8731436e-04   9.9874090e-01
   7.5920000e+03   5.2839662e-04   9.9934251e-01   1.2909680e-04
   7.6660000e+03   8.5900439e-04   3.5949896e-04   9.9878150e-01
   7.5930000e+03   1.6075750e-03   9.9745909e-01   9.3333137e-04
   7.6720000e+03   9.9888898e-01   6.1886386e-04   4.9215361e-04
   7.6330000e+03   2.7321871e-03   1.0787861e-03   9.9618903e-01
   7.6240000e+03   5.5141028e-04   9.9667532e-01   2.7732738e-03
   7.5950000e+03   6.1013719e-04   9.9795621e-01   1.4336501e-03
   7.6000000e+03   1.4888215e-03   3.1038886e-04   9.9820079e-01
   7.6020000e+03   1.0851778e-03   3.4995168e-04   9.9856487e-01
   7.6040000e+03   8.1185953e-04   3.7741678e-04   9.9881072e-01
   8.9180000e+03   9.9868038e-01   1.3196220e-03   0.0000000e+00
   7.6180000e+03   1.2479306e-04   4.4917347e-03   9.9538347e-01
   7.6090000e+03   5.7237259e-03   5.4442761e-04   9.9373185e-01
   7.6360000e+03   5.7374935e-03   5.1303700e-04   9.9374947e-01
   7.6110000e+03   6.2877956e-04   9.9752839e-01   1.8428347e-03
   7.6190000e+03   3.5909086e-03   9.4432064e-04   9.9546477e-01
   7.6170000e+03   1.0682472e-03   5.3747741e-04   9.9839428e-01
   7.6580000e+03   5.8231754e-04   9.9874351e-01   6.7417310e-04
   7.6520000e+03   8.6410696e-04   6.1354982e-04   9.9852234e-01
   7.6310000e+03   1.4131850e-03   5.6555416e-04   9.9802126e-01
   7.6920000e+03   3.2295801e-03   1.3382467e-03   9.9543217e-01
   7.6910000e+03   9.9782126e-01   0.0000000e+00   2.1787401e-03
   7.7000000e+03   5.7437694e-04   9.9816970e-01   1.2559237e-03
   7.7050000e+03   9.9898927e-01   1.0107344e-03   0.0000000e+00
   7.8090000e+03   2.2217935e-03   5.2976661e-04   9.9724844e-01
   7.6870000e+03   9.9886569e-01   4.4734642e-04   6.8696725e-04
   7.6900000e+03   9.4292771e-04   6.5496322e-04   9.9840211e-01
   7.7580000e+03   0.0000000e+00   2.4152463e-03   9.9758475e-01
   7.8030000e+03   9.9897148e-01   3.0974112e-04   7.1878005e-04
   7.8020000e+03   3.0889333e-04   9.9861945e-01   1.0716590e-03
   7.6940000e+03   2.7847070e-04   9.9885061e-01   8.7091765e-04
   7.6980000e+03   5.7725547e-05   9.9907663e-01   8.6564414e-04
   7.7680000e+03   9.9959294e-01   1.5916176e-04   2.4790217e-04
   7.7350000e+03   4.0475821e-04   9.9926091e-01   3.3433028e-04
   7.8000000e+03   1.3337561e-04   9.9889290e-01   9.7372600e-04
   7.6990000e+03   9.9915696e-01   0.0000000e+00   8.4304065e-04
   7.7060000e+03   1.2836754e-03   2.1655261e-03   9.9655080e-01
   7.7020000e+03   6.2447278e-04   1.1501868e-03   9.9822534e-01
   7.7030000e+03   7.2293421e-04   9.9836016e-01   9.1691002e-04
   7.8260000e+03   1.2461091e-03   5.2491242e-04   9.9822898e-01
   7.8150000e+03   4.9885917e-04   1.0392253e-03   9.9846192e-01
   7.7710000e+03   9.9956450e-01   4.3550495e-04   0.0000000e+00
   7.7150000e+03   0.0000000e+00   1.0000000e+00   0.0000000e+00
   7.7630000e+03   9.9927238e-01   1.5917553e-04   5.6844670e-04
   7.8220000e+03   2.7713220e-04   9.9967987e-01   4.3002092e-05
   7.7940000e+03   9.9960660e-01   1.3770744e-04   2.5569339e-04
   7.7670000e+03   1.7081005e-03   1.7519369e-03   9.9653996e-01
   7.7420000e+03   1.2249256e-03   5.0167368e-03   9.9375834e-01
   7.7740000e+03   8.7768767e-04   9.9860425e-01   5.1805789e-04
   7.7370000e+03   1.5687915e-03   9.9630197e-01   2.1292335e-03
   7.7590000e+03   1.1623483e-03   7.1783183e-04   9.9811982e-01
   7.7400000e+03   0.0000000e+00   0.0000000e+00   1.0000000e+00
   7.7920000e+03   9.9955322e-01   3.9987587e-04   4.6908004e-05
   7.7540000e+03   7.5427147e-05   3.5612121e-04   9.9956845e-01
   7.7520000e+03   8.1640851e-05   3.3214248e-04   9.9958622e-01
   7.7530000e+03   5.0151775e-04   5.6014724e-05   9.9944247e-01
   7.7550000e+03   5.2029210e-04   1.2700693e-04   9.9935270e-01
   7.7560000e+03   1.8643114e-04   9.9930598e-01   5.0758589e-04
   7.8170000e+03   1.6466579e-04   6.2521727e-05   9.9977281e-01
   7.7910000e+03   1.2272071e-04   9.9960865e-01   2.6863206e-04
   7.8110000e+03   1.5609152e-03   6.8227162e-04   9.9775681e-01
   7.8040000e+03   6.3560662e-04   9.9797465e-01   1.3897478e-03
   7.7980000e+03  -4.3476507e-17   9.9937742e-01   6.2257668e-04
   7.7990000e+03   9.9951148e-01   1.0462869e-04   3.8389050e-04
   7.7970000e+03   2.3773992e-04   3.4906786e-04   9.9941319e-01
   7.7880000e+03   2.9788319e-04   9.9956230e-01   1.3981551e-04
   7.7730000e+03   1.5369027e-04   9.9868734e-01   1.1589655e-03
   7.7830000e+03   9.7954980e-04   6.6150257e-05   9.9895430e-01
   7.7760000e+03   6.0777497e-04   9.9842610e-01   9.6612778e-04
   7.8270000e+03   9.9840696e-01   1.5930364e-03   0.0000000e+00
   7.8280000e+03   1.6775862e-03   3.8240794e-04   9.9794001e-01
   7.7850000e+03   7.0870111e-04   2.0950495e-04   9.9908179e-01
   7.7870000e+03   4.9091626e-04   1.6381253e-04   9.9934527e-01
   7.4960000e+03   2.9266720e-04   1.8821331e-04   9.9951912e-01
   7.8190000e+03   1.2796427e-04   2.1089256e-04   9.9966114e-01
   7.8160000e+03   1.3110185e-03   5.7492542e-04   9.9811406e-01
   7.8230000e+03   4.5403877e-04   9.9840584e-01   1.1401209e-03
   7.8130000e+03   1.2652305e-03   7.0335561e-04   9.9803141e-01
   7.8410000e+03   3.8360566e-04   9.9929955e-01   3.1684827e-04
   7.8670000e+03   9.9680190e-01   0.0000000e+00   3.1981035e-03
   7.9690000e+03   9.9442559e-01   1.2678773e-03   4.3065282e-03
   7.5020000e+03   5.6505850e-04   9.9658765e-01   2.8472907e-03
   7.6450000e+03  -1.2229801e-16   9.9393883e-01   6.0611665e-03
   7.6440000e+03   1.7841119e-03   9.9708163e-01   1.1342558e-03
   7.8700000e+03   1.2708966e-03   9.9832628e-01   4.0281911e-04
   7.9840000e+03   1.4239047e-03   4.2319850e-04   9.9815290e-01
   7.5410000e+03   1.6030594e-03   2.7472804e-04   9.9812221e-01
   7.8720000e+03   1.1105839e-03   9.9754416e-01   1.3452531e-03
   7.8740000e+03   7.7498266e-04   9.9723582e-01   1.9891964e-03
   7.5460000e+03   9.5953903e-04   9.9897577e-01   6.4686857e-05
   7.8750000e+03   1.7443870e-03   1.1684570e-04   9.9813877e-01
   7.9540000e+03   3.4503191e-03   8.7158005e-04   9.9567810e-01
   7.9270000e+03   2.1248216e-03   7.6334123e-04   9.9711184e-01
   7.9630000e+03   9.7653405e-01   7.1970206e-03   1.6268930e-02
   7.9410000e+03   2.5312942e-03   6.7011677e-04   9.9679859e-01
   7.9420000e+03   9.9854942e-01   7.2858529e-04   7.2199711e-04
   7.9830000e+03   7.8792327e-04   9.9852737e-01   6.8470789e-04
   7.9550000e+03   8.6630555e-04   9.9751253e-01   1.6211640e-03
   7.6460000e+03   9.9839874e-01   1.6012577e-03   0.0000000e+00
   8.0140000e+03   1.1484050e-03   9.9779982e-01   1.0517742e-03
   8.0590000e+03   5.5142440e-03   9.9448576e-01   0.0000000e+00
   8.0140000e+03   9.9394549e-01   0.0000000e+00   6.0545051e-03
   8.0940000e+03   9.9650755e-01   0.0000000e+00   3.4924528e-03
   8.1040000e+03   1.1527848e-03   9.9875827e-01   8.8942689e-05
   7.7800000e+03   1.1101165e-03   1.2682446e-04   9.9876306e-01
   8.0920000e+03   3.3809192e-04   9.9864683e-01   1.0150768e-03
   8.0600000e+03   9.9271717e-01   7.2828336e-03   0.0000000e+00
   7.8340000e+03   9.9927430e-01   2.6944863e-04   4.5625178e-04
   7.7140000e+03   9.9904983e-01   3.6858030e-04   5.8159104e-04
   7.8390000e+03   6.9898223e-04   4.3231215e-04   9.9886871e-01
   7.8430000e+03   6.0524190e-04   1.4496923e-04   9.9924979e-01
   9.0210000e+03   3.7836188e-04   9.9917262e-01   4.4902116e-04
   8.9350000e+03   9.9912626e-01   0.0000000e+00   8.7374257e-04
   9.1540000e+03   6.5927134e-04   9.9926121e-01   7.9518236e-05
   9.0600000e+03   9.9899825e-01   3.0019030e-04   7.0155973e-04
   9.0010000e+03   7.8485070e-04   8.4523140e-04   9.9836992e-01
   7.5580000e+03   1.5436098e-04   2.5109829e-04   9.9959454e-01
   7.4810000e+03   9.9965375e-01   2.1841472e-04   1.2783098e-04
   7.5470000e+03   1.2029137e-04   5.9965287e-04   9.9928006e-01
   7.5500000e+03   3.1824753e-04   4.9945476e-04   9.9918230e-01
   7.6780000e+03   9.9940018e-01   5.5672547e-04   4.3092162e-05
   7.4850000e+03   4.9193365e-04   9.9877327e-01   7.3479796e-04
   7.5550000e+03   9.9908539e-01   3.3784223e-04   5.7677082e-04
   7.5600000e+03   1.0896134e-04   1.0423503e-04   9.9978680e-01
   7.5590000e+03   0.0000000e+00  -0.0000000e+00   1.0000000e+00
   8.6760000e+03   7.8423523e-05   1.0098168e-04   9.9982059e-01
   8.6780000e+03   1.4282762e-04   1.6137315e-04   9.9969580e-01
   8.6800000e+03   2.1329599e-04   1.9126915e-04   9.9959543e-01
   8.6310000e+03   3.5728382e-04   9.9928480e-01   3.5791424e-04
   8.9340000e+03   9.9630967e-01   6.0768226e-04   3.0826519e-03
   9.0190000e+03   7.1603450e-04   9.9897687e-01   3.0709339e-04
   9.0270000e+03   4.8468476e-04   9.9863485e-01   8.8046372e-04
   8.9800000e+03   4.6321110e-04   9.9708618e-01   2.4506127e-03
   8.9380000e+03   5.1899273e-04   9.9857533e-01   9.0567635e-04
   8.9410000e+03   9.9927000e-01   5.5227032e-04   1.7772797e-04
   8.9790000e+03   2.5584777e-03   4.1087522e-04   9.9703065e-01
   8.9420000e+03   6.4536151e-04   9.9871018e-01   6.4445936e-04
   7.4930000e+03   9.6051790e-05   9.9901579e-01   8.8816016e-04
   8.7290000e+03   1.4814610e-03   0.0000000e+00   9.9851854e-01
   8.7280000e+03   6.1058979e-05   2.3245685e-03   9.9761437e-01
   8.4850000e+03   9.9808674e-01   0.0000000e+00   1.9132552e-03
   8.6090000e+03   2.3899600e-03   9.9761004e-01   4.2007478e-15
   8.7300000e+03   7.8342077e-04   8.0738058e-04   9.9840920e-01
   8.5860000e+03   9.9800684e-01   9.5612717e-04   1.0370370e-03
   8.7620000e+03   9.9861636e-01   3.0608010e-04   1.0775576e-03
   8.7540000e+03   9.9754205e-01   2.4579533e-03   0.0000000e+00
   8.2120000e+03   9.9778317e-01   8.0378469e-15   2.2168295e-03
   8.1890000e+03   0.0000000e+00   1.0000000e+00  -0.0000000e+00
   8.4210000e+03   9.9883348e-01   1.1665187e-03   0.0000000e+00
   8.4740000e+03   6.9865532e-04   3.8765698e-04   9.9891369e-01
   8.5870000e+03   1.8299949e-04   5.9944004e-04   9.9921756e-01
   8.4800000e+03   2.4295285e-04   1.3492106e-03   9.9840784e-01
   8.1660000e+03   1.6603281e-03   9.9772391e-01   6.1575813e-04
   8.4580000e+03   9.9793703e-01   5.6154174e-04   1.5014302e-03
   8.4790000e+03   9.9806853e-01   2.1260701e-05   1.9102133e-03
   8.1760000e+03   4.7249025e-04   9.9596782e-01   3.5596922e-03
   8.3740000e+03   2.4753052e-04   9.9690190e-01   2.8505658e-03
   8.3460000e+03   1.2014478e-03   2.0800344e-04   9.9859055e-01
   8.3770000e+03   2.8245864e-04   9.9731535e-01   2.4021910e-03
   8.4770000e+03   9.9696396e-01   7.2994419e-04   2.3060992e-03
   8.4860000e+03   2.5153016e-03   9.9724052e-01   2.4418202e-04
   8.1810000e+03   1.1744184e-03   9.9866652e-01   1.5905715e-04
   8.4450000e+03   3.2250111e-03   9.9495733e-01   1.8176623e-03
   8.4410000e+03   3.0334165e-03   9.9696658e-01   0.0000000e+00
   8.7000000e+03   1.3567488e-05   9.9845737e-01   1.5290667e-03
   8.3470000e+03   2.6022802e-03   9.9739772e-01   0.0000000e+00
   8.7030000e+03   2.5959569e-05   9.9840004e-01   1.5739971e-03
   8.7040000e+03   9.9836989e-01   3.4964490e-04   1.2804633e-03
   8.4240000e+03   6.8321733e-04   9.9853877e-01   7.7800814e-04
   8.9090000e+03   3.0360153e-03   9.9614154e-01   8.2244539e-04
   8.7330000e+03   1.2769173e-03   9.9824522e-01   4.7785818e-04
   8.4500000e+03   9.9708264e-01   0.0000000e+00   2.9173608e-03
   8.3830000e+03   1.9265193e-03   5.2194572e-04   9.9755153e-01
   8.1930000e+03  -2.6671373e-17   9.9823797e-01   1.7620253e-03
   8.3900000e+03   1.3636715e-03   9.9017120e-01   8.4651331e-03
   8.5340000e+03   7.1005667e-04   9.9887224e-01   4.1770519e-04
   8.1690000e+03   6.1757825e-04   9.9803202e-01   1.3504027e-03
   8.3710000e+03   1.5059480e-03   9.9733596e-01   1.1580968e-03
   8.1720000e+03   1.6000351e-05   9.9884012e-01   1.1438782e-03
   8.3640000e+03   9.9727225e-01   8.4803734e-04   1.8797105e-03
   8.4030000e+03   9.9772048e-01   1.7615629e-04   2.1033645e-03
   8.3520000e+03   1.0930954e-03   6.7531429e-03   9.9215376e-01
   8.3530000e+03   9.8787239e-01   8.5426320e-03   3.5849818e-03
   8.4500000e+03   5.9151082e-04   9.9758077e-01   1.8277183e-03
   8.4490000e+03   1.4737231e-03   9.9796927e-01   5.5700461e-04
   8.3550000e+03   2.8317835e-03   9.9683869e-01   3.2952801e-04
   8.3580000e+03   6.5744245e-04   2.4835513e-03   9.9685901e-01
   8.4470000e+03   1.6689213e-03   9.9572117e-01   2.6099111e-03
   8.3600000e+03   9.9006229e-01   9.9377125e-03   0.0000000e+00
   8.1750000e+03   2.0638976e-03   9.9618194e-01   1.7541608e-03
   8.3860000e+03   9.9758618e-01   2.4138235e-03   0.0000000e+00
   8.3630000e+03   9.9569533e-01   4.3046749e-03   0.0000000e+00
   8.4590000e+03   3.8539822e-03   9.9444722e-01   1.6988022e-03
   8.1700000e+03   9.9695267e-01   2.9477946e-03   9.9539255e-05
   8.3670000e+03   9.9371639e-01   2.3152477e-03   3.9683574e-03
   8.3650000e+03   2.9333975e-03   9.9573061e-01   1.3359888e-03
   8.3660000e+03   9.9609237e-01   0.0000000e+00   3.9076333e-03
   8.3750000e+03   9.9618702e-01   3.9908349e-04   3.4138957e-03
   8.3680000e+03   1.3433052e-03   1.0203833e-03   9.9763631e-01
   8.3700000e+03   2.9688978e-03   8.5717527e-04   9.9617393e-01
   8.5330000e+03   2.3687233e-03   9.9740199e-01   2.2928613e-04
   8.5270000e+03   1.7591864e-04   9.9894966e-01   8.7442036e-04
   8.5380000e+03   8.6521568e-04   4.7381858e-04   9.9866097e-01
   8.5310000e+03   4.7550870e-04   9.9866552e-01   8.5897378e-04
   8.1730000e+03   9.9599886e-01   3.8750705e-15   4.0011444e-03
   8.4060000e+03   7.4467486e-04   2.5531586e-03   9.9670217e-01
   8.3760000e+03   1.0921763e-04   9.9712068e-01   2.7701025e-03
   8.5640000e+03   2.1500471e-03   7.3742945e-04   9.9711252e-01
   8.4080000e+03   1.4483429e-03   9.9839033e-01   1.6132388e-04
   8.3940000e+03   3.5729704e-03   9.3443461e-04   9.9549259e-01
   8.3780000e+03   9.9725180e-01   3.8946541e-04   2.3587315e-03
   8.5650000e+03   1.0697341e-03   1.5313537e-03   9.9739891e-01
   8.4090000e+03   9.9506413e-01   0.0000000e+00   4.9358709e-03
   8.4630000e+03   9.9779286e-01   1.8294054e-03   3.7773443e-04
   8.3880000e+03   1.2709286e-03   9.9631786e-01   2.4112090e-03
   8.5590000e+03   8.0575753e-04   2.6567939e-04   9.9892856e-01
   8.4610000e+03   0.0000000e+00   1.0000000e+00   0.0000000e+00
   8.5990000e+03   9.9822110e-01   1.1403350e-03   6.3856600e-04
   8.3930000e+03   0.0000000e+00   1.0000000e+00   0.0000000e+00
   8.4220000e+03   4.5208505e-03   9.9014414e-01   5.3350066e-03
   8.7340000e+03   3.0865531e-03   5.5345494e-05   9.9685810e-01
   8.7550000e+03   9.9610763e-01   3.8923673e-03   0.0000000e+00
   8.3990000e+03   9.9685912e-01   2.4010373e-03   7.3983812e-04
   8.6000000e+03   1.8812932e-03   2.2042318e-03   9.9591448e-01
   1.2707000e+04   9.9559835e-01   4.4016482e-03   0.0000000e+00
   1.2371000e+04   0.0000000e+00   0.0000000e+00   1.0000000e+00
   8.6040000e+03   9.9826987e-01   6.0858833e-04   1.1215445e-03
   8.4010000e+03   2.6934326e-03   9.9645775e-01   8.4881494e-04
   8.6070000e+03   2.9939568e-03   9.9669287e-01   3.1317317e-04
   8.4150000e+03   9.9592769e-01   0.0000000e+00   4.0723133e-03
   8.7440000e+03   5.6528962e-04   9.9651033e-01   2.9243793e-03
   8.1740000e+03   1.1102230e-16  -0.0000000e+00   1.0000000e+00
   8.9160000e+03   1.6242040e-04   1.3905176e-03   9.9844706e-01
   8.7470000e+03   1.7364512e-03   3.4773692e-03   9.9478618e-01
   8.9110000e+03   2.0092474e-03   0.0000000e+00   9.9799075e-01
   8.7570000e+03   9.9698427e-01   2.4051738e-03   6.1055267e-04
   8.7480000e+03   9.9661783e-01   7.3720183e-04   2.6449692e-03
   8.8200000e+03   9.9724266e-01   0.0000000e+00   2.7573400e-03
   8.7510000e+03   9.9808236e-01   9.6399059e-04   9.5365074e-04
   8.8810000e+03   9.9842437e-01   1.3714203e-03   2.0420612e-04
   8.8220000e+03   1.3147622e-03   1.5030529e-04   9.9853493e-01
   8.8130000e+03   9.9714342e-01   1.2203705e-03   1.6362059e-03
   8.7530000e+03   3.3034134e-03   1.6967101e-03   9.9499988e-01
   8.2030000e+03   9.9543410e-01   1.2564057e-03   3.3094985e-03
   8.2150000e+03   1.5001946e-03   9.9782473e-01   6.7507993e-04
   8.7630000e+03   1.7981988e-03   9.9696860e-01   1.2331973e-03
   8.2020000e+03   9.9658362e-01   9.6066926e-04   2.4557111e-03
   8.9060000e+03   1.9035058e-03   3.2357191e-03   9.9486078e-01
   8.8310000e+03   9.9830740e-01   6.4588332e-04   1.0467184e-03
   8.4310000e+03   6.0842040e-04   9.9932199e-01   6.9588498e-05
   8.1870000e+03   5.9891040e-04   9.9933047e-01   7.0621715e-05
   8.5040000e+03   5.7659580e-04   1.0907099e-04   9.9931433e-01
   8.5120000e+03  -1.1102230e-16   3.2664325e-04   9.9967336e-01
   8.5110000e+03   9.9917085e-01   6.8132263e-04   1.4782908e-04
   8.4280000e+03   8.7540264e-05   2.3823338e-03   9.9753013e-01
   8.4270000e+03   9.9868151e-01   2.3657763e-04   1.0819164e-03
   8.4290000e+03   3.3952338e-03   1.0231400e-03   9.9558163e-01
   8.5130000e+03   9.9889044e-01   9.0004865e-04   2.0950798e-04
   8.5450000e+03   4.5266872e-04   9.9879931e-01   7.4802479e-04
   8.5520000e+03   9.9913601e-01   7.6943553e-04   9.4552359e-05
   8.5920000e+03   4.1207975e-04   9.9925325e-01   3.3466804e-04
   8.4350000e+03   3.2207105e-04   6.0168372e-04   9.9907625e-01
   8.5150000e+03   9.9946783e-01   4.8468903e-04   4.7480864e-05
   8.4380000e+03   8.3660149e-05   9.0360626e-04   9.9901273e-01
   8.4400000e+03   1.7223557e-04   6.0990731e-04   9.9921786e-01
   8.4390000e+03   9.9931827e-01   5.4791278e-04   1.3381578e-04
   8.4370000e+03   9.9917031e-01   7.4835001e-04   8.1344284e-05
   8.5430000e+03   5.7672915e-04   9.9942327e-01   1.5868499e-15
   8.5440000e+03   1.7543644e-04   9.9945713e-01   3.6742966e-04
   8.6960000e+03   9.9697226e-01   0.0000000e+00   3.0277402e-03
   8.4420000e+03   4.4545668e-04   9.9705923e-01   2.4953180e-03
   8.1780000e+03   1.4183322e-04   9.9656275e-01   3.2954215e-03
   8.7020000e+03   1.0505105e-04   9.9859311e-01   1.3018348e-03
   8.4930000e+03   9.9831170e-01   7.6566557e-05   1.6117352e-03
   8.5880000e+03   1.0129972e-03   0.0000000e+00   9.9898700e-01
   8.7610000e+03  -8.2616206e-17   9.9833687e-01   1.6631256e-03
   8.5780000e+03   9.9938583e-01   5.9018730e-04   2.3984479e-05
   8.5000000e+03   9.9934708e-01   3.8631964e-04   2.6659990e-04
   8.5030000e+03   1.9782257e-04   4.9777681e-04   9.9930440e-01
   8.6930000e+03   3.3002850e-04   9.9917769e-01   4.9227994e-04
   8.4730000e+03   8.3469536e-05   9.9948615e-01   4.3038142e-04
   8.6400000e+03   4.9517206e-04   3.5942115e-04   9.9914541e-01
   8.8650000e+03   3.1961139e-04   0.0000000e+00   9.9968039e-01
   8.7640000e+03   9.9921141e-01   4.1852616e-04   3.7006334e-04
   8.2050000e+03   2.6212974e-04   2.1508195e-03   9.9758705e-01
   8.7750000e+03   9.9870759e-01   5.2569318e-04   7.6671819e-04
   8.7660000e+03   1.1404719e-03   9.9825067e-01   6.0886281e-04
   8.7860000e+03   1.2535594e-03   9.9805340e-01   6.9304321e-04
   8.8740000e+03   9.9897508e-01   5.2824227e-05   9.7209265e-04
   8.8760000e+03   9.9900119e-01   6.2712509e-05   9.3610074e-04
   9.0090000e+03   0.0000000e+00   9.8217349e-04   9.9901783e-01
   8.7800000e+03   3.8387337e-04   9.9871760e-01   8.9852659e-04
