   1.2620000e+03   1.7491352e-01   5.7529820e-01   2.4978828e-01
   1.5590000e+03   8.2718074e-01   1.5768400e-01   1.5135256e-02
   9.4800000e+02   5.5345828e-01   2.7103061e-01   1.7551112e-01
   9.4100000e+02   3.7735824e-01   6.0844226e-01   1.4199502e-02
   1.6990000e+03   8.2564321e-01   1.3104330e-02   1.6125246e-01
   1.2780000e+03   8.3071556e-01   1.3546687e-01   3.3817575e-02
   1.2930000e+03   9.5869743e-01   1.2919839e-02   2.8382730e-02
   1.2750000e+03   3.5614719e-01   3.7427378e-01   2.6957904e-01
   1.2800000e+03   4.0561664e-02   9.5903197e-01   4.0636673e-04
   1.3550000e+03   1.0291311e-02   1.6333321e-02   9.7337537e-01
   1.2760000e+03   1.6408365e-02   9.2511464e-01   5.8476998e-02
   1.2720000e+03   3.2203124e-02   8.1715008e-01   1.5064679e-01
   1.7370000e+03   1.2972582e-01   2.3515842e-02   8.4675834e-01
   1.2730000e+03   8.6977585e-02   8.3590585e-01   7.7116564e-02
   1.3690000e+03   4.8017207e-01   3.4656194e-01   1.7326599e-01
   1.2780000e+03   5.7100580e-02   9.1872435e-01   2.4175067e-02
   3.8310000e+03   4.7243715e-01   4.5648642e-01   7.1076427e-02
   1.7340000e+03   2.8916356e-01   1.2422338e-01   5.8661306e-01
   1.7620000e+03   7.2858386e-17   9.9112454e-01   8.8754603e-03
   1.2790000e+03   2.1233672e-01   2.9529316e-02   7.5813396e-01
   1.2920000e+03   4.0162313e-02   2.3684599e-02   9.3615309e-01
   1.8140000e+03   1.9821184e-02   1.0558119e-02   9.6962070e-01
   1.3060000e+03   1.0387978e-02   7.4713105e-01   2.4248097e-01
   1.3080000e+03   4.9857233e-01   1.7756164e-01   3.2386603e-01
   1.8370000e+03   8.6501613e-01   6.4162874e-02   7.0820999e-02
   1.3040000e+03   1.0000000e+00   0.0000000e+00  -0.0000000e+00
   1.7760000e+03   9.0079386e-01   3.1578790e-02   6.7627351e-02
   1.8380000e+03   9.3321822e-02   7.6273563e-01   1.4394255e-01
   1.3120000e+03   1.0970984e-01   3.5085002e-02   8.5520516e-01
   1.3130000e+03   1.0364462e-03   2.1836457e-02   9.7712710e-01
   1.3100000e+03   3.8857806e-15   2.2684794e-02   9.7731521e-01
   1.3090000e+03   0.0000000e+00  -0.0000000e+00   1.0000000e+00
   1.3100000e+03   0.0000000e+00   1.0000000e+00  -0.0000000e+00
   1.7790000e+03   3.9205068e-02   9.2539597e-01   3.5398961e-02
   1.3140000e+03   2.9241709e-01   1.7271909e-01   5.3486382e-01
   1.5890000e+03   1.0448810e-01   1.0105599e-01   7.9445591e-01
   1.5940000e+03   6.7856501e-02   6.8323450e-01   2.4890900e-01
   1.5820000e+03   9.7643098e-01   5.8687241e-03   1.7700291e-02
   1.3160000e+03   8.4474527e-01   1.0594555e-01   4.9309176e-02
   1.5820000e+03   1.7422371e-02   1.9233031e-03   9.8065433e-01
   1.4330000e+03   8.3700388e-01   1.5332999e-01   9.6661334e-03
   1.6560000e+03   2.7620997e-01   1.5006018e-01   5.7372985e-01
   1.3670000e+03   4.0871832e-01   5.2443734e-01   6.6844337e-02
   1.4480000e+03   3.4167432e-01   5.7496930e-01   8.3356383e-02
   1.3720000e+03   4.9420284e-01   1.4351077e-01   3.6228639e-01
   1.6970000e+03   7.2748563e-01   1.2796344e-01   1.4455094e-01
   1.4590000e+03   1.4336367e-01   4.2770383e-01   4.2893250e-01
   1.6950000e+03   6.9782454e-01   2.7304741e-01   2.9128052e-02
   1.5280000e+03   9.9568878e-03   3.3828036e-02   9.5621508e-01
   1.4650000e+03   9.4578082e-01   3.7534054e-02   1.6685127e-02
   1.4370000e+03   4.9258711e-01   3.7829343e-01   1.2911946e-01
   1.5390000e+03   9.6508900e-01   2.9740499e-03   3.1936954e-02
   1.4270000e+03   1.9855514e-03   2.7038491e-03   9.9531060e-01
   1.8590000e+03   9.6646956e-01   1.9967615e-02   1.3562827e-02
   1.4390000e+03   8.5843736e-01   1.0002567e-01   4.1536975e-02
   1.4320000e+03   3.6426445e-01   1.0891545e-01   5.2682010e-01
   1.8560000e+03   2.0034107e-01   6.0032183e-01   1.9933710e-01
   1.4420000e+03   1.5399608e-02   9.3657233e-01   4.8028060e-02
   1.4440000e+03   9.7092631e-01   8.2708704e-03   2.0802819e-02
   1.4460000e+03   1.6259097e-01   9.9612584e-02   7.3779645e-01
   1.4670000e+03   2.3486990e-01   6.9576949e-01   6.9360606e-02
   1.4690000e+03   6.9073180e-02   3.8351393e-01   5.4741289e-01
   1.5110000e+03   4.5101324e-03   9.1473096e-01   8.0758904e-02
   1.5090000e+03   1.4630906e-01   8.0752687e-01   4.6164070e-02
   1.5060000e+03   1.9795224e-01   7.6709798e-01   3.4949780e-02
   1.5160000e+03   1.1997134e-02   1.6145714e-03   9.8638829e-01
   1.6640000e+03   6.5989215e-04   1.7672863e-02   9.8166725e-01
   1.6530000e+03   3.7717305e-01   4.2340999e-01   1.9941696e-01
   1.4750000e+03   2.4797911e-01   3.3494758e-02   7.1852613e-01
   1.4770000e+03   8.8369343e-02   8.3334021e-01   7.8290445e-02
   1.4740000e+03   7.8129577e-03   7.2619237e-01   2.6599468e-01
   1.4780000e+03   2.1599707e-01   2.0309406e-01   5.8090887e-01
   1.4790000e+03   2.2793028e-02   7.0531039e-01   2.7189658e-01
   2.9990000e+03   2.4380606e-03   2.1359462e-01   7.8396732e-01
   3.0020000e+03   8.0441742e-02   6.0964736e-01   3.0991090e-01
   1.4830000e+03   1.6394941e-02   5.6027342e-01   4.2333164e-01
   1.4930000e+03   1.3031960e-01   8.2051979e-01   4.9160602e-02
   1.4820000e+03   1.3760296e-01   7.7465999e-02   7.8493104e-01
   1.4980000e+03   1.6215435e-01   1.7909838e-02   8.1993581e-01
   1.5580000e+03   5.1687318e-02   9.1395337e-01   3.4359313e-02
   1.4880000e+03   6.9538228e-01   1.0285038e-01   2.0176734e-01
   1.4850000e+03   5.2614754e-02   9.3444023e-01   1.2945018e-02
   1.5530000e+03   7.8897676e-02   4.2645043e-01   4.9465189e-01
   1.4960000e+03   1.6584138e-02   1.8157929e-01   8.0183658e-01
   1.5140000e+03   8.9959997e-01   6.8800244e-02   3.1599783e-02
   1.5170000e+03   4.0048841e-01   2.3882035e-01   3.6069124e-01
   1.4970000e+03   4.6586070e-02   5.6337477e-01   3.9003916e-01
   1.4990000e+03   2.6928370e-02   7.6163011e-01   2.1144152e-01
   1.5020000e+03   2.2036828e-03   3.2579991e-01   6.7199640e-01
   1.5060000e+03   4.2440609e-02   1.4507385e-02   9.4305201e-01
   1.5330000e+03   6.2257274e-01   3.5299439e-01   2.4432870e-02
   1.5970000e+03   2.4622870e-01   2.8044736e-01   4.7332394e-01
   1.5250000e+03   4.1380584e-01   4.8907056e-01   9.7123599e-02
   1.5230000e+03   9.6264423e-03   1.8155643e-02   9.7221791e-01
   1.5350000e+03   9.8322401e-01   1.2756712e-02   4.0192753e-03
   1.5240000e+03   3.3831054e-02   8.1510856e-01   1.5106039e-01
   1.5220000e+03   8.9073232e-03   9.7927772e-01   1.1814955e-02
   1.5420000e+03   9.2918985e-01   6.0415896e-03   6.4768565e-02
   1.5400000e+03   9.4327667e-01   1.5420647e-03   5.5181267e-02
   1.8580000e+03   6.1157405e-02   3.9396676e-02   8.9944592e-01
   1.5050000e+03   2.2042231e-03   2.4197633e-02   9.7359814e-01
   1.5510000e+03   5.3371760e-01   8.3701917e-02   3.8258048e-01
   1.8730000e+03   9.1421131e-01   8.0202401e-02   5.5862852e-03
   1.5450000e+03   4.5670333e-01   1.1889185e-01   4.2440482e-01
   1.5480000e+03   4.2803314e-02   8.7549559e-01   8.1701098e-02
   1.5500000e+03   5.2571621e-01   7.4413709e-02   3.9987008e-01
   1.5510000e+03   8.4554817e-02   1.1146734e-01   8.0397784e-01
   1.5540000e+03   1.0335756e-02   8.8463378e-01   1.0503046e-01
   1.5600000e+03   8.3244365e-01   5.8988471e-02   1.0856788e-01
   1.8700000e+03   3.9138872e-01   3.0889476e-01   2.9971652e-01
   1.5660000e+03   5.0156318e-01   4.6069923e-01   3.7737589e-02
   1.5680000e+03   1.2458927e-01   5.7291178e-01   3.0249895e-01
   1.5610000e+03   5.1583513e-01   3.9640433e-01   8.7760539e-02
   1.8610000e+03   1.5192225e-01   3.8169980e-01   4.6637794e-01
   1.5650000e+03   3.7260220e-01   5.3469753e-01   9.2700274e-02
   1.8620000e+03   3.5057523e-03   9.8149188e-01   1.5002369e-02
   1.8650000e+03   5.8438824e-01   2.0361777e-01   2.1199399e-01
   1.8710000e+03   4.1372410e-03   9.8543620e-01   1.0426559e-02
   1.5720000e+03   3.6222612e-01   1.3286183e-01   5.0491205e-01
   1.6020000e+03   3.8019764e-01   1.7837512e-01   4.4142724e-01
   1.5760000e+03   1.0937927e-02   9.7678293e-01   1.2279141e-02
   1.8670000e+03   1.4523593e-02   9.4384812e-01   4.1628285e-02
   9.7700000e+02   5.0445905e-01   1.8920170e-02   4.7662078e-01
   1.5790000e+03   7.2308518e-04   2.9635422e-02   9.6964149e-01
   1.5830000e+03   2.0986935e-02   9.5579743e-01   2.3215638e-02
   1.5910000e+03   5.1851607e-02   8.0713156e-01   1.4101684e-01
   1.6080000e+03   5.2336532e-01   1.6159870e-01   3.1503598e-01
   1.5920000e+03   5.9945040e-02   4.4146383e-01   4.9859113e-01
   1.5930000e+03   8.5693871e-03   7.1367593e-03   9.8429385e-01
   1.6010000e+03   1.0251358e-02   9.5694961e-03   9.8017915e-01
   1.5970000e+03   8.7016654e-01   1.0970000e-01   2.0133455e-02
   1.6470000e+03   9.1305637e-01   5.2094591e-02   3.4849040e-02
   1.6390000e+03   1.4130069e-01   5.6527501e-01   2.9342430e-01
   1.6430000e+03   1.5142394e-01   4.7132397e-02   8.0144366e-01
   1.6500000e+03   8.3251093e-01   3.8196345e-02   1.2929273e-01
   1.6470000e+03   6.6384399e-02   3.0565439e-03   9.3055906e-01
   1.6550000e+03   6.2471185e-01   1.8448075e-01   1.9080740e-01
   1.6580000e+03   4.0950677e-01   2.6248785e-01   3.2800538e-01
   1.8570000e+03   1.5519659e-01   5.9377835e-01   2.5102506e-01
   1.6590000e+03   6.3244585e-02   4.3142865e-01   5.0532677e-01
   1.6610000e+03   3.9423348e-02   2.1587729e-01   7.4469936e-01
   1.6640000e+03   5.7868393e-01   2.4727678e-01   1.7403929e-01
   1.6770000e+03   9.7155238e-01   2.7912517e-02   5.3510257e-04
   1.6680000e+03   1.0000000e+00  -0.0000000e+00  -0.0000000e+00
   1.2480000e+03   7.4090464e-03   9.9254151e-01   4.9447544e-05
   1.7720000e+03   2.6074043e-01   5.7678332e-02   6.8158124e-01
   1.6750000e+03   3.4230527e-03   9.8507088e-01   1.1506070e-02
   1.6740000e+03   9.2738036e-03   7.7366891e-03   9.8298951e-01
   1.6760000e+03   9.4559681e-01   3.9421838e-02   1.4981350e-02
   1.6800000e+03   1.1042523e-02   2.0388476e-02   9.6856900e-01
   3.6360000e+03   4.5589961e-02   4.6110216e-01   4.9330788e-01
   1.6720000e+03   4.5290567e-03   9.5866188e-01   3.6809061e-02
   1.6900000e+03   4.7557101e-01   1.4406768e-01   3.8036132e-01
   1.6980000e+03   1.6601072e-01   1.7313841e-01   6.6085087e-01
   1.6960000e+03   1.2500364e-01   2.4503050e-01   6.2996586e-01
   1.6950000e+03   6.1034257e-02   7.7023716e-01   1.6872858e-01
   1.7070000e+03   8.8532808e-02   8.1459483e-01   9.6872365e-02
   1.7030000e+03   9.8333756e-01   1.1154571e-02   5.5078732e-03
   1.7050000e+03   6.8756959e-02   9.0834302e-01   2.2900021e-02
   1.7140000e+03   9.9044794e-01   4.8950985e-04   9.0625526e-03
   1.7090000e+03   1.1453842e-01   8.8015735e-01   5.3042286e-03
   1.7200000e+03   7.1281163e-01   2.2905960e-01   5.8128774e-02
   1.7190000e+03   4.7410411e-05   9.1885966e-03   9.9076399e-01
   1.7120000e+03   9.7158415e-01   3.7726974e-03   2.4643149e-02
   1.7170000e+03   5.2835548e-02   9.0963466e-01   3.7529796e-02
   1.7170000e+03   9.3971872e-01   5.2961753e-02   7.3195230e-03
   1.7200000e+03   4.1392198e-03   3.4672229e-02   9.6118855e-01
   1.7210000e+03   3.7740431e-02   3.1239316e-02   9.3102025e-01
   1.7380000e+03   8.2451728e-01   1.1425033e-01   6.1232388e-02
   1.7260000e+03   5.4158249e-02   1.4606213e-01   7.9977962e-01
   1.7240000e+03   4.1229687e-02   9.5699996e-01   1.7703480e-03
   1.7260000e+03   9.8678931e-01   1.2894856e-02   3.1583829e-04
   1.7250000e+03   9.4980242e-01   1.1623088e-02   3.8574487e-02
   1.7280000e+03   9.1446958e-01   7.9817763e-02   5.7126567e-03
   1.7300000e+03   1.7830960e-02   2.3480381e-02   9.5868866e-01
   1.7640000e+03   9.7910729e-02   5.3289731e-01   3.6919196e-01
   1.7330000e+03   0.0000000e+00   1.0000000e+00  -0.0000000e+00
   1.7470000e+03   1.3236231e-02   9.1284943e-03   9.7763527e-01
   3.8500000e+03   1.1915315e-01   8.7381151e-01   7.0353339e-03
   1.7590000e+03   3.8680387e-02   9.3370174e-01   2.7617875e-02
   1.7480000e+03   2.4177123e-03   2.4274746e-02   9.7330754e-01
   1.7530000e+03   1.8662743e-02   3.8474266e-01   5.9659460e-01
   1.7720000e+03   3.8062098e-01   4.4778347e-01   1.7159555e-01
   1.7650000e+03   9.1891699e-02   8.6160143e-01   4.6506873e-02
   1.7800000e+03   6.8828484e-01   2.3169138e-01   8.0023773e-02
   1.7810000e+03   1.1176626e-01   2.9272360e-02   8.5896138e-01
   1.7550000e+03   4.0580372e-02   5.9567473e-01   3.6374490e-01
   1.7880000e+03   1.8453227e-02   7.2042122e-03   9.7434256e-01
   1.7870000e+03   5.9063010e-01   4.0512492e-01   4.2449781e-03
   1.8240000e+03   5.2798056e-01   4.7201944e-01   0.0000000e+00
   1.7970000e+03   9.8332584e-01   7.5269105e-03   9.1472454e-03
   1.8220000e+03   5.5824173e-01   8.9072125e-02   3.5268615e-01
   1.8110000e+03   7.1275361e-01   2.2477530e-01   6.2471088e-02
   1.8070000e+03   3.5782823e-03   7.2387083e-02   9.2403464e-01
   1.8350000e+03   8.6770327e-02   8.5654498e-01   5.6684696e-02
   1.8170000e+03   1.5829356e-02   4.8992903e-01   4.9424161e-01
   1.8430000e+03   9.1460104e-01   3.8644843e-02   4.6754117e-02
   1.8280000e+03   8.6075497e-01   1.6820103e-02   1.2242493e-01
   1.8330000e+03   8.4069645e-01   1.4944212e-02   1.4435934e-01
   1.8320000e+03   2.7971680e-03   1.7766195e-04   9.9702517e-01
   1.8320000e+03   8.2420199e-01   5.2041175e-02   1.2375684e-01
   1.2320000e+03   2.6460833e-01   7.3539167e-01   0.0000000e+00
   1.8290000e+03   7.4897621e-01   1.8028160e-01   7.0742189e-02
   1.8440000e+03   9.3540809e-01   4.4451399e-02   2.0140511e-02
   1.8420000e+03   3.4044980e-02   3.7138729e-03   9.6224115e-01
   1.8530000e+03   1.5652671e-02   2.0447156e-01   7.7987577e-01
   1.8480000e+03   4.8186093e-01   2.2250535e-02   4.9588853e-01
   1.8510000e+03   2.3926218e-02   9.6427970e-01   1.1794084e-02
   1.8470000e+03   0.0000000e+00   2.7596933e-01   7.2403067e-01
   6.5100000e+02   1.2855863e-01   4.2972063e-01   4.4172074e-01
   9.4600000e+02   5.5671973e-01   4.0892264e-01   3.4357625e-02
   7.2200000e+02   1.5422076e-01   1.3758327e-01   7.0819597e-01
   1.0940000e+03   5.2417041e-01   1.8752390e-01   2.8830570e-01
   6.6600000e+02   3.8134593e-01   3.3972171e-01   2.7893236e-01
   1.0530000e+03   2.1518206e-01   3.7466306e-01   4.1015488e-01
   6.5300000e+02   6.5731146e-02   5.7720757e-01   3.5706128e-01
   6.6200000e+02   1.5306491e-01   6.6032654e-01   1.8660854e-01
   7.3800000e+02   2.4401137e-02   9.3823448e-01   3.7364379e-02
   6.5500000e+02   6.4497861e-03   9.8814081e-01   5.4094055e-03
   6.6300000e+02   6.0529988e-02   8.7016024e-03   9.3076841e-01
   6.6100000e+02   8.2008113e-01   1.0125949e-01   7.8659383e-02
   7.3500000e+02   3.6271375e-02   9.6372862e-01   0.0000000e+00
   1.1400000e+03   6.6843662e-02   9.0986853e-01   2.3287811e-02
   1.1300000e+03   1.0503329e-01   8.7515576e-01   1.9810949e-02
   7.4100000e+02   5.5788651e-01   1.2337288e-01   3.1874061e-01
   6.6700000e+02   4.7257477e-01   6.0746403e-03   5.2135059e-01
   1.2120000e+03   8.5813784e-04   1.3683775e-01   8.6230412e-01
   6.7800000e+02   4.2875375e-02   9.5494308e-01   2.1815405e-03
   6.7800000e+02   2.0433761e-02   1.0604828e-01   8.7351796e-01
   1.2140000e+03   1.0243521e-01   8.5961870e-01   3.7946084e-02
   6.9400000e+02   9.9572624e-02   4.8208439e-01   4.1834299e-01
   6.9600000e+02   3.3049602e-02   1.7741324e-02   9.4920907e-01
   1.2410000e+03   7.6272952e-01   9.3315757e-02   1.4395472e-01
   1.2380000e+03   1.1841910e-01   8.6528210e-01   1.6298791e-02
   1.1650000e+03   2.3488222e-04   9.9953216e-01   2.3295617e-04
   1.1790000e+03   1.4114051e-03   2.3067713e-02   9.7552088e-01
   6.9900000e+02   0.0000000e+00  -0.0000000e+00   1.0000000e+00
   1.1830000e+03   3.8417607e-02   9.2138986e-01   4.0192530e-02
   6.9700000e+02   0.0000000e+00  -0.0000000e+00   1.0000000e+00
   6.9900000e+02   0.0000000e+00   1.0000000e+00  -0.0000000e+00
   8.1600000e+02   8.0508806e-01   5.1098746e-02   1.4381320e-01
   8.4400000e+02   8.8125341e-01   9.7963295e-02   2.0783298e-02
   9.8800000e+02   7.9335451e-02   2.2835558e-02   8.9782899e-01
   9.6900000e+02   9.1905520e-01   4.8046204e-03   7.6140177e-02
   9.8200000e+02   2.8245247e-01   1.4261089e-02   7.0328644e-01
   9.9700000e+02   1.7984877e-03   7.7390819e-01   2.2429332e-01
   9.0400000e+02   2.7647454e-01   2.3584195e-01   4.8768351e-01
   7.0200000e+02   5.6511937e-02   7.3254200e-01   2.1094606e-01
   7.5200000e+02   5.6454578e-02   6.0845205e-01   3.3509338e-01
   8.3400000e+02   3.5605610e-01   3.7032862e-01   2.7361529e-01
   7.8900000e+02   9.8211749e-01   1.4368736e-03   1.6445639e-02
   7.4400000e+02   6.8970051e-01   2.8971562e-01   2.0583870e-02
   7.4600000e+02   3.7592517e-01   4.6716946e-02   5.7735788e-01
   7.3500000e+02   1.0000000e+00  -0.0000000e+00  -0.0000000e+00
   7.5100000e+02   8.1657757e-01   1.1759709e-01   6.5825335e-02
   7.5300000e+02   5.7263616e-01   1.6861363e-01   2.5875020e-01
   7.9700000e+02   8.5885790e-04   9.3767429e-01   6.1466853e-02
   9.1800000e+02   5.5253557e-01   4.2445776e-01   2.3006672e-02
   7.8400000e+02   6.7000539e-02   2.5007167e-03   9.3049874e-01
   9.1300000e+02   7.2967508e-01   2.5364643e-01   1.6678493e-02
   7.9800000e+02   8.8509499e-01   7.2594999e-02   4.2310011e-02
   8.0000000e+02   9.4232792e-02   3.9856237e-02   8.6591097e-01
   8.1300000e+02   7.8239635e-02   1.0849218e-01   8.1326819e-01
   8.0800000e+02   6.5844482e-02   5.4144576e-01   3.9270976e-01
   8.5200000e+02   1.7793605e-01   1.1387853e-01   7.0818542e-01
   8.2100000e+02   5.8951368e-02   9.2701168e-01   1.4036950e-02
   8.1400000e+02   3.6917270e-02   6.9496315e-03   9.5613310e-01
   8.1500000e+02   3.1784535e-02   9.5969312e-01   8.5223401e-03
   8.1600000e+02   4.0162823e-02   9.4371386e-01   1.6123316e-02
   1.2580000e+03   8.3080611e-02   7.2184111e-01   1.9507828e-01
   1.2570000e+03   1.0395049e-01   2.8509111e-01   6.1095840e-01
   8.2200000e+02   8.1221475e-01   4.2602370e-03   1.8352501e-01
   8.2900000e+02   5.9529601e-01   5.5292378e-02   3.4941162e-01
   8.2300000e+02   7.0235263e-03   9.7534015e-01   1.7636320e-02
   8.3300000e+02   5.5771660e-01   1.5110900e-01   2.9117439e-01
   1.1850000e+03   1.6077876e-01   4.1131298e-01   4.2790826e-01
   8.8600000e+02   3.1384365e-02   5.0531529e-01   4.6330035e-01
   8.9600000e+02   1.3370329e-02   9.7826220e-01   8.3674716e-03
   8.8700000e+02   1.5411493e-02   6.3057085e-01   3.5401766e-01
   8.9100000e+02   2.9903199e-01   4.8676388e-02   6.5229163e-01
   8.5600000e+02   8.2520571e-02   2.3778991e-01   6.7968952e-01
   1.0620000e+03   9.5004723e-01   1.9545893e-02   3.0406881e-02
   1.0510000e+03   8.9029659e-02   7.6265820e-01   1.4831214e-01
   2.0490000e+03   7.8981306e-01   3.5644675e-02   1.7454226e-01
   8.7900000e+02   4.7104972e-02   7.7826402e-01   1.7463101e-01
   3.8540000e+03   4.4227041e-04   8.8518715e-01   1.1437058e-01
   8.6200000e+02   5.4634472e-01   2.2435409e-01   2.2930119e-01
   2.0720000e+03   2.1408044e-02   9.6812240e-01   1.0469557e-02
   8.8400000e+02   4.4302460e-01   5.3848200e-03   5.5159058e-01
   9.4300000e+02   1.7197221e-02   4.4148131e-01   5.4132147e-01
   9.3100000e+02   4.5281779e-01   2.2872551e-01   3.1845670e-01
   8.7200000e+02   3.8562971e-01   1.0961346e-02   6.0340894e-01
   8.5700000e+02   4.0618259e-02   8.4066249e-01   1.1871925e-01
   2.0420000e+03   5.4147782e-01   3.9438825e-03   4.5457830e-01
   8.7800000e+02   6.2153439e-02   5.0962201e-01   4.2822455e-01
   8.6800000e+02   8.3418820e-01   1.0457469e-01   6.1237109e-02
   8.9700000e+02   2.4919943e-02   6.8786572e-01   2.8721433e-01
   9.0200000e+02   2.3819220e-01   5.7220913e-01   1.8959867e-01
   1.0010000e+03   3.6014592e-01   6.3144388e-01   8.4102014e-03
   9.1000000e+02   6.5271240e-02   5.5426670e-01   3.8046206e-01
   9.0900000e+02   5.4768409e-02   6.3345821e-01   3.1177338e-01
   8.9200000e+02   5.3287743e-01   4.0583547e-01   6.1287094e-02
   9.2600000e+02   8.6625799e-01   5.1848153e-02   8.1893859e-02
   9.2700000e+02   9.5050399e-01   1.1000277e-02   3.8495735e-02
   1.0600000e+03   3.5598223e-02   9.4078838e-01   2.3613400e-02
   8.8900000e+02   9.9741606e-01   2.9198065e-04   2.2919602e-03
   9.3700000e+02   2.1019012e-02   9.6440683e-01   1.4574160e-02
   2.0600000e+03   3.7241572e-01   5.3128705e-01   9.6297222e-02
   9.3300000e+02   6.2749109e-01   1.2358452e-01   2.4892439e-01
   2.0530000e+03   5.4152010e-01   8.0558923e-02   3.7792098e-01
   9.4200000e+02   1.6503361e-01   7.7120709e-01   6.3759299e-02
   9.4000000e+02   1.2558446e-01   8.3644731e-01   3.7968226e-02
   9.4400000e+02   2.1430944e-02   9.1731959e-01   6.1249468e-02
   9.7300000e+02   9.0442217e-02   3.0843306e-01   6.0112472e-01
   9.5500000e+02   6.6332761e-01   1.1318021e-01   2.2349217e-01
   9.4900000e+02   1.1594988e-01   7.5169462e-01   1.3235550e-01
   9.6000000e+02   8.5706936e-01   1.5066222e-02   1.2786442e-01
   9.6200000e+02   9.2069884e-01   8.4780264e-03   7.0823131e-02
   9.7000000e+02   4.6573966e-01   2.6722473e-01   2.6703560e-01
   1.0030000e+03   5.5513079e-01   2.5674992e-01   1.8811929e-01
   9.7500000e+02   1.8800923e-01   1.3490728e-01   6.7708349e-01
   9.9200000e+02   1.4529629e-02   9.3783494e-04   9.8453254e-01
   9.9200000e+02   3.8763375e-02   9.5757981e-01   3.6568115e-03
   1.0080000e+03   9.7478676e-01   1.0738780e-02   1.4474459e-02
   2.0870000e+03   1.8847971e-01   6.0490707e-02   7.5102959e-01
   1.0450000e+03   5.3707324e-01   3.4643897e-01   1.1648779e-01
   1.0420000e+03   6.7708426e-03   1.8909707e-03   9.9133819e-01
   1.0650000e+03   3.1238503e-02   9.6369604e-01   5.0654615e-03
   1.0550000e+03   4.9815705e-01   5.0418926e-02   4.5142402e-01
   1.0580000e+03   6.0801688e-02   1.4551110e-02   9.2464720e-01
   1.0570000e+03   3.4223086e-02   9.5109706e-01   1.4679851e-02
   1.0640000e+03   5.7921846e-01   2.9709268e-01   1.2368887e-01
   1.0780000e+03   7.2959712e-02   8.5994834e-03   9.1844081e-01
   1.0670000e+03   1.1102230e-16  -0.0000000e+00   1.0000000e+00
   1.1750000e+03   7.1131039e-01   5.5475528e-02   2.3321409e-01
   1.0850000e+03   1.8317496e-01   7.0533392e-01   1.1149113e-01
   1.0720000e+03   9.8695475e-01   2.1107838e-03   1.0934466e-02
   1.0760000e+03   1.3474939e-02   9.2824541e-01   5.8279650e-02
   1.0820000e+03   3.3850409e-01   6.4979755e-02   5.9651616e-01
   2.6820000e+03   3.2820092e-02   8.6111451e-02   8.8106846e-01
   1.0740000e+03   1.8588922e-03   3.3700911e-03   9.9477102e-01
   1.0920000e+03   3.0794039e-01   1.4155475e-01   5.5050486e-01
   1.0920000e+03   4.8202277e-02   9.2193994e-01   2.9857779e-02
   1.1010000e+03   6.2908938e-01   1.8107366e-01   1.8983696e-01
   1.0980000e+03   5.9548107e-01   1.0146432e-01   3.0305461e-01
   1.1000000e+03   9.7181410e-02   7.5902769e-01   1.4379090e-01
   1.1040000e+03   9.7539321e-01   7.2743302e-03   1.7332463e-02
   1.1080000e+03   9.8519446e-01   4.7527385e-03   1.0052803e-02
   1.1140000e+03   2.6415050e-02   4.0985056e-01   5.6373439e-01
   1.1150000e+03   1.3629726e-01   9.6596730e-03   8.5404306e-01
   1.1410000e+03   1.2947501e-02   2.9469089e-01   6.9236161e-01
   1.1240000e+03   3.1105785e-01   1.5487695e-01   5.3406520e-01
   1.1120000e+03   8.4803936e-01   1.1893425e-01   3.3026396e-02
   1.1220000e+03   7.0028362e-02   8.7076070e-01   5.9210942e-02
   1.1270000e+03   1.6242288e-02   9.7877447e-01   4.9832458e-03
   1.1230000e+03   3.7006821e-02   4.1019370e-02   9.2197381e-01
   1.1330000e+03   5.3895346e-03   1.2392996e-02   9.8221747e-01
   1.1340000e+03   9.9167615e-01   4.4118322e-03   3.9120192e-03
   1.1290000e+03   1.1192372e-02   9.5165414e-01   3.7153490e-02
   1.1520000e+03   2.1494520e-03   9.7641210e-01   2.1438443e-02
   1.1330000e+03   8.6884456e-01   9.2920210e-02   3.8235233e-02
   1.1440000e+03   5.6150488e-02   3.8800895e-03   9.3996942e-01
   1.1350000e+03   5.2126918e-02   7.5829550e-01   1.8957758e-01
   1.1350000e+03   1.0000000e+00  -0.0000000e+00  -0.0000000e+00
   1.1500000e+03   1.4106290e-02   2.4703490e-03   9.8342336e-01
   1.1630000e+03   9.6648311e-01   1.4752611e-02   1.8764279e-02
   1.1500000e+03   9.6983265e-01   2.3717245e-02   6.4501034e-03
   1.1550000e+03   2.9237231e-01   6.3595560e-02   6.4403213e-01
   1.1750000e+03   1.9121427e-01   4.4535149e-01   3.6343424e-01
   2.8940000e+03   2.6604635e-01   7.8206417e-02   6.5574723e-01
   1.1680000e+03   9.1851052e-01   1.4212230e-03   8.0068252e-02
   1.1820000e+03   2.6423624e-03   9.6574723e-01   3.1610405e-02
   1.1790000e+03   9.4119404e-01   3.4421802e-02   2.4384157e-02
   1.1580000e+03   3.0897934e-01   6.2105741e-01   6.9963248e-02
   1.1820000e+03   8.6308155e-03   6.4917084e-04   9.9072001e-01
   1.2280000e+03   9.9091347e-01   1.2251407e-03   7.8613892e-03
   1.2250000e+03   6.8124302e-03   9.6959826e-01   2.3589314e-02
   1.1890000e+03   9.0856685e-01   4.0891519e-02   5.0541630e-02
   1.2210000e+03   9.2524465e-01   3.5791961e-02   3.8963387e-02
   1.2180000e+03   6.0228690e-03   9.7933988e-01   1.4637253e-02
   1.2370000e+03   9.1601769e-01   5.9264625e-03   7.8055850e-02
   1.2180000e+03   9.4603412e-01   3.6101295e-02   1.7864586e-02
   1.2210000e+03   4.5519144e-15   1.0592531e-02   9.8940747e-01
   1.2420000e+03   9.0892916e-01   1.5195546e-02   7.5875291e-02
   1.2220000e+03   8.0941609e-01   1.7079964e-01   1.9784272e-02
   1.2280000e+03   5.9265930e-02   8.6936219e-03   9.3204045e-01
   1.2330000e+03   1.6259072e-04   2.5775871e-03   9.9725982e-01
   1.2340000e+03   7.0747321e-02   1.8027752e-01   7.4897516e-01
   1.2320000e+03   1.0129866e-01   5.6216974e-02   8.4248437e-01
   1.2430000e+03   2.9201468e-02   6.8068517e-02   9.0273001e-01
   1.2440000e+03   8.8803696e-01   6.1063942e-02   5.0899094e-02
   1.2550000e+03   9.7896605e-01   1.8089844e-02   2.9441111e-03
   1.2530000e+03   5.2270226e-03   1.5656777e-02   9.7911620e-01
   9.6800000e+02   2.6938314e-01   1.7171718e-01   5.5889969e-01
   1.8790000e+03   1.2043929e-01   9.4701526e-02   7.8485918e-01
   1.8820000e+03   2.7104037e-03   1.0011164e-03   9.9628848e-01
   3.6730000e+03   5.0864943e-02   9.3005721e-01   1.9077852e-02
   1.8810000e+03   6.4151273e-02   8.9189485e-01   4.3953873e-02
   1.8750000e+03   9.3149485e-01   3.6407224e-02   3.2097925e-02
   2.7200000e+03   1.3014549e-01   7.3395607e-01   1.3589844e-01
   2.7250000e+03   5.9193416e-01   3.9802291e-01   1.0042929e-02
   4.0830000e+03   1.9983695e-01   7.6749328e-01   3.2669773e-02
   2.7350000e+03   7.9056427e-01   1.1453442e-01   9.4901307e-02
   3.6800000e+03   4.7129016e-02   2.1170445e-01   7.4116653e-01
   1.9140000e+03   5.5038325e-01   1.6672280e-02   4.3294447e-01
   1.9340000e+03   3.1023700e-01   8.6331865e-02   6.0343114e-01
   1.9230000e+03   3.9026871e-01   4.9463784e-01   1.1509345e-01
   1.9170000e+03   7.2972787e-01   2.6452661e-01   5.7455225e-03
   1.9360000e+03   1.1654484e-01   2.3768226e-01   6.4577290e-01
   3.3640000e+03   3.5543311e-01   1.5108653e-02   6.2945824e-01
   1.9370000e+03   3.6733279e-02   5.9423675e-02   9.0384305e-01
   1.9370000e+03   2.2388750e-01   6.2239610e-01   1.5371640e-01
   1.9300000e+03   6.5461018e-02   7.9955153e-01   1.3498745e-01
   1.9380000e+03   9.6999021e-01   2.7526414e-02   2.4833717e-03
   1.9210000e+03   6.5821430e-03   9.6297870e-01   3.0439158e-02
   1.9250000e+03   7.5993869e-02   5.8288438e-01   3.4112175e-01
   1.9400000e+03   1.6432421e-01   2.9240116e-01   5.4327463e-01
   3.3550000e+03   3.9445823e-01   2.4150005e-02   5.8139177e-01
   1.9280000e+03   1.5513357e-01   1.6630089e-02   8.2823634e-01
   3.3560000e+03   7.5986486e-01   9.1740007e-02   1.4839513e-01
   1.9290000e+03   2.1104970e-01   3.0947642e-01   4.7947388e-01
   3.3600000e+03   2.5935583e-01   5.2567965e-02   6.8807621e-01
   1.9060000e+03   3.1093924e-01   5.7065567e-01   1.1840509e-01
   1.8890000e+03   5.4776441e-01   2.1911885e-01   2.3311674e-01
   1.9020000e+03   3.0900761e-01   2.0990020e-01   4.8109218e-01
   1.9040000e+03   5.5928175e-01   2.0902962e-01   2.3168862e-01
   1.8910000e+03   1.4876943e-01   4.4875704e-02   8.0635486e-01
   1.9090000e+03   1.4923048e-01   2.6272345e-01   5.8804606e-01
   2.4060000e+03   4.9262305e-01   1.8739962e-02   4.8863699e-01
   1.8940000e+03   1.1715991e-01   4.6719780e-03   8.7816811e-01
   1.8950000e+03   8.7830801e-01   4.6043544e-02   7.5648445e-02
   2.3910000e+03   4.3085160e-02   3.9436572e-03   9.5297118e-01
   1.9120000e+03   4.1488019e-02   9.0421971e-01   5.4292271e-02
   1.8960000e+03   1.2344528e-01   7.9172134e-02   7.9738258e-01
   1.8970000e+03   8.0323891e-01   8.2542756e-02   1.1421833e-01
   2.3960000e+03   1.0088499e-01   1.3051762e-01   7.6859739e-01
   1.9060000e+03   1.5123434e-02   2.8895118e-01   6.9592539e-01
   1.8990000e+03   7.0142802e-01   1.2175105e-01   1.7682092e-01
   2.3990000e+03   1.8725211e-01   6.3384815e-01   1.7889974e-01
   1.8910000e+03   3.0345403e-02   6.7357681e-01   2.9607779e-01
   2.4030000e+03   1.7649505e-01   2.1681853e-01   6.0668642e-01
   2.4110000e+03   7.8903021e-01   1.7977925e-01   3.1190542e-02
   2.4180000e+03   3.2665803e-02   2.3419106e-03   9.6499229e-01
   2.4200000e+03   1.3480909e-01   3.4865153e-01   5.1653938e-01
   2.3600000e+03   4.1022709e-01   2.0905534e-01   3.8071757e-01
   3.0490000e+03   4.5495297e-02   7.5498378e-01   1.9952092e-01
   9.3090000e+03   7.8914938e-01   2.0176781e-01   9.0828082e-03
   2.1210000e+03   2.9456350e-01   6.2580565e-01   7.9630846e-02
   2.9000000e+03   2.4648744e-01   6.2788380e-01   1.2562876e-01
   2.8990000e+03   9.1243060e-02   8.4516811e-01   6.3588834e-02
   3.1330000e+03   2.9649553e-02   7.7528916e-01   1.9506129e-01
   2.9000000e+03   5.3589117e-02   2.5556673e-02   9.2085421e-01
   2.9050000e+03   5.9992812e-02   3.5125680e-01   5.8875039e-01
   2.9020000e+03   9.3371717e-01   4.8666511e-02   1.7616321e-02
   3.0370000e+03   6.3910389e-02   1.0386293e-01   8.3222668e-01
   3.1430000e+03   3.5524307e-02   9.6291786e-01   1.5578338e-03
   3.1410000e+03   9.3936987e-01   3.3646936e-02   2.6983197e-02
   3.0230000e+03   5.9796424e-02   8.5348027e-01   8.6723310e-02
   2.9030000e+03   1.2741292e-01   7.2865271e-01   1.4393437e-01
   2.9040000e+03   4.0157098e-01   5.6056520e-01   3.7863819e-02
   2.9060000e+03   1.3765196e-01   3.8999411e-01   4.7235393e-01
   2.9740000e+03   5.6523024e-01   1.4465299e-01   2.9011677e-01
   3.0370000e+03   6.6672509e-01   3.9404481e-02   2.9387043e-01
   2.9150000e+03   1.6334630e-03   6.1693333e-02   9.3667320e-01
   2.9140000e+03   4.9541336e-01   2.7981779e-01   2.2476885e-01
   3.1020000e+03   6.7966486e-01   1.3448400e-01   1.8585114e-01
   3.8270000e+03   3.9022455e-02   9.5056436e-01   1.0413182e-02
   2.9150000e+03   5.6084719e-03   9.6974438e-01   2.4647150e-02
   3.1480000e+03   8.7175312e-03   9.0713189e-01   8.4150575e-02
   2.9190000e+03   8.6944679e-01   4.4689226e-02   8.5863980e-02
   3.1510000e+03   4.6622267e-02   5.1332828e-03   9.4824445e-01
   2.9220000e+03   3.9193405e-01   6.0635341e-01   1.7125442e-03
   3.4150000e+03   1.3512061e-01   8.5447128e-01   1.0408113e-02
   3.8560000e+03   1.0458673e-01   4.9009929e-01   4.0531398e-01
   2.9290000e+03   9.4157392e-03   9.8789357e-01   2.6906945e-03
   2.9460000e+03   9.6395887e-01   9.6823759e-03   2.6358752e-02
   1.9790000e+03   2.9746537e-02   7.4062145e-01   2.2963201e-01
   3.1540000e+03   9.8821179e-02   7.3215010e-02   8.2796381e-01
   3.1530000e+03   9.1966993e-01   2.8273564e-02   5.2056501e-02
   2.9260000e+03   8.8407834e-03   1.7980658e-02   9.7317856e-01
   3.1690000e+03   4.4914258e-01   4.9997256e-01   5.0884860e-02
   3.0100000e+03   7.6129842e-01   5.5485112e-02   1.8321647e-01
   2.9450000e+03   9.8712123e-01   1.2715693e-02   1.6307320e-04
   2.9300000e+03   4.1379560e-03   9.6869314e-01   2.7168902e-02
   3.0050000e+03   3.4899723e-02   6.6969594e-01   2.9540433e-01
   3.0210000e+03   5.5087546e-03   7.7276419e-01   2.2172706e-01
   2.9320000e+03   8.9720379e-03   9.3935734e-01   5.1670620e-02
   2.9340000e+03   2.9150793e-01   1.1639841e-02   6.9685223e-01
   2.9360000e+03   4.2552008e-01   4.9552318e-01   7.8956737e-02
   2.9500000e+03   3.5071834e-02   3.3478558e-02   9.3144961e-01
   2.9510000e+03   0.0000000e+00   1.0000000e+00  -0.0000000e+00
   3.1620000e+03   1.1975880e-01   8.3146061e-01   4.8780585e-02
   3.1610000e+03   1.2763055e-02   3.8448365e-03   9.8339211e-01
   3.4390000e+03   1.6511680e-02   4.9697236e-04   9.8299135e-01
   3.1660000e+03   2.1238499e-02   5.8547897e-01   3.9328253e-01
   3.1670000e+03   3.0403206e-02   1.8193521e-02   9.5140327e-01
   3.1100000e+03   3.8040500e-02   2.0513633e-01   7.5682317e-01
   2.9500000e+03   9.5542548e-01   1.2726014e-02   3.1848506e-02
   2.1530000e+03   1.2312538e-01   4.8866881e-01   3.8820582e-01
   2.9670000e+03   2.7027702e-02   2.5086119e-02   9.4788618e-01
   3.0760000e+03   2.0821002e-02   7.6538906e-01   2.1378994e-01
   2.9530000e+03   1.4220186e-01   6.7191227e-01   1.8588587e-01
   3.1190000e+03   5.0484167e-02   2.0825216e-01   7.4126367e-01
   3.0790000e+03   7.0298874e-01   3.0020488e-03   2.9400921e-01
   3.0780000e+03   1.9047131e-01   8.3299251e-02   7.2622944e-01
   2.9530000e+03   5.8667783e-01   3.0246593e-01   1.1085623e-01
   2.9880000e+03   1.0858324e-01   3.0220755e-01   5.8920921e-01
   3.4690000e+03   1.2339091e-01   4.6681022e-01   4.0979887e-01
   3.0980000e+03   4.5982862e-02   2.2386129e-02   9.3163101e-01
   1.9990000e+03   1.1102230e-16   6.5110950e-02   9.3488905e-01
   1.9990000e+03   6.0173780e-03   9.8954465e-01   4.4379729e-03
   3.4610000e+03   4.8828961e-02   9.3474379e-01   1.6427253e-02
   6.7730000e+03   2.3873860e-01   6.9952816e-01   6.1733239e-02
   3.4520000e+03   1.7000200e-01   6.6099658e-01   1.6900142e-01
   6.7670000e+03   3.6698770e-04   8.4076819e-01   1.5886482e-01
   3.7060000e+03   1.7980178e-01   4.2634612e-01   3.9385210e-01
   3.7090000e+03   1.5973936e-01   4.7672139e-01   3.6353925e-01
   3.5260000e+03   3.3435630e-02   1.8640854e-01   7.8015583e-01
   3.5240000e+03   1.5078142e-01   7.3406885e-01   1.1514973e-01
   3.7020000e+03   5.2515150e-01   9.3981375e-02   3.8086713e-01
   3.7140000e+03   5.5750679e-02   9.3336305e-01   1.0886271e-02
   2.9650000e+03   2.5979924e-01   2.8822926e-01   4.5197150e-01
   2.9670000e+03   8.6833523e-01   9.3561317e-02   3.8103455e-02
   3.7780000e+03   1.1586204e-01   7.7257086e-01   1.1156709e-01
   2.9680000e+03   2.3778212e-01   1.9558202e-01   5.6663586e-01
   3.7790000e+03   2.3309534e-01   6.8621823e-01   8.0686432e-02
   3.7780000e+03   1.3035880e-01   3.1280360e-01   5.5683760e-01
   2.9700000e+03   3.5710072e-01   1.8782155e-01   4.5507774e-01
   3.6390000e+03   6.1116153e-01   1.4635361e-01   2.4248486e-01
   1.7700000e+03   6.1196460e-01   3.6361322e-01   2.4422176e-02
   3.7870000e+03   5.4864382e-01   2.1946357e-01   2.3189261e-01
   2.9700000e+03   1.2840518e-01   8.4676996e-01   2.4824858e-02
   3.8260000e+03   1.3806588e-01   3.3437892e-02   8.2849623e-01
   3.7900000e+03   7.7722085e-01   8.8548790e-02   1.3423036e-01
   2.9750000e+03   6.6179880e-02   1.4149440e-01   7.9232572e-01
   2.9780000e+03   3.1310156e-01   1.4222959e-01   5.4466885e-01
   2.0240000e+03   3.8296895e-02   2.5047424e-01   7.1122887e-01
   3.4840000e+03   9.0251399e-01   1.5520081e-02   8.1965925e-02
   3.6150000e+03   2.7890853e-01   5.9632166e-01   1.2476981e-01
   3.6990000e+03   9.3900955e-02   5.0575646e-01   4.0034258e-01
   3.5200000e+03   4.4941013e-01   3.2727261e-02   5.1786261e-01
   2.9820000e+03   8.1206245e-01   3.1286603e-02   1.5665094e-01
   3.7550000e+03   7.0417949e-01   2.3998732e-01   5.5833186e-02
   3.7590000e+03   1.9731249e-01   7.0851668e-01   9.4170829e-02
   3.7130000e+03   2.1215535e-01   3.0175105e-01   4.8609360e-01
   3.7560000e+03   4.8847316e-01   2.1168004e-01   2.9984680e-01
   3.7680000e+03   5.3444962e-01   1.5391074e-01   3.1163964e-01
   2.9960000e+03   2.8602142e-01   3.5413531e-01   3.5984326e-01
   2.9910000e+03   6.1693467e-01   1.1434203e-01   2.6872330e-01
   3.6970000e+03   5.9039386e-01   8.1641306e-02   3.2796483e-01
   3.6950000e+03   7.5207836e-01   2.0760912e-01   4.0312518e-02
   3.7430000e+03   3.5613047e-01   9.8385559e-02   5.4548397e-01
   3.7170000e+03   2.4337363e-01   4.7224185e-01   2.8438452e-01
   3.7000000e+03   6.6990367e-01   1.5287803e-01   1.7721830e-01
   3.7200000e+03   5.0578086e-01   3.2502835e-01   1.6919078e-01
   3.7220000e+03   2.5112930e-01   5.0396621e-02   6.9847408e-01
   3.0000000e+03   6.7714544e-02   7.2583886e-01   2.0644660e-01
   2.9240000e+03   9.2558953e-01   4.8343217e-02   2.6067257e-02
   1.4920000e+03   7.2129730e-02   8.3158721e-02   8.4471155e-01
   2.9190000e+03   4.5764652e-03   9.8798607e-01   7.4374625e-03
   3.0150000e+03   2.1143126e-01   2.9347094e-01   4.9509781e-01
   2.9980000e+03   8.2317713e-01   1.0522237e-01   7.1600497e-02
   3.0160000e+03   8.5017632e-01   1.3834515e-01   1.1478529e-02
   2.9260000e+03   2.1378137e-02   9.5399556e-01   2.4626299e-02
   3.0200000e+03   9.3360990e-02   6.3718444e-02   8.4292057e-01
   3.0400000e+03   1.5016876e-01   6.7442146e-01   1.7540977e-01
   3.0260000e+03   1.9660186e-01   4.4115180e-01   3.6224634e-01
   1.4800000e+03   2.1870376e-02   7.6888309e-02   9.0124132e-01
   3.0330000e+03   2.1859296e-02   9.2580081e-01   5.2339898e-02
   3.0290000e+03   3.7642901e-02   6.9622955e-01   2.6612755e-01
   3.0330000e+03   2.8685757e-01   1.6167147e-01   5.5147096e-01
   3.0310000e+03   4.4563059e-01   3.8473909e-01   1.6963032e-01
   3.0470000e+03   3.3712678e-01   4.1627206e-02   6.2124601e-01
   3.4540000e+03   1.1751708e-01   5.3819608e-01   3.4428684e-01
   3.0480000e+03   4.3204792e-01   7.3866040e-02   4.9408604e-01
   3.0750000e+03   2.5154895e-01   7.0246182e-01   4.5989226e-02
   3.0500000e+03   2.4149425e-01   5.1686354e-01   2.4164221e-01
   3.0520000e+03   1.9560468e-01   3.0330484e-01   5.0109048e-01
   3.1000000e+03   2.4105259e-01   3.4234978e-01   4.1659763e-01
   3.0590000e+03   8.2168861e-02   8.6188072e-01   5.5950415e-02
   3.0770000e+03   1.6799967e-02   7.5799454e-01   2.2520549e-01
   3.0560000e+03   5.8925720e-01   2.5324918e-01   1.5749362e-01
   3.4450000e+03   2.1388310e-01   6.0513988e-01   1.8097703e-01
   3.0660000e+03   8.1314105e-01   9.8667627e-03   1.7699219e-01
   3.0710000e+03   8.4196073e-02   8.8122498e-01   3.4578950e-02
   3.0710000e+03   6.1890264e-01   5.8828539e-02   3.2226882e-01
   3.0580000e+03   1.5780847e-02   6.7329909e-02   9.1688924e-01
   3.0930000e+03   1.9290758e-01   8.0079595e-01   6.2964738e-03
   3.0940000e+03   2.6884799e-02   3.7931465e-01   5.9380055e-01
   3.0760000e+03   6.2034919e-01   1.0429232e-01   2.7535849e-01
   3.0620000e+03   6.3363338e-01   1.0043868e-01   2.6592794e-01
   3.0640000e+03   6.8823079e-01   2.4332238e-02   2.8743697e-01
   3.0680000e+03   3.5340812e-01   2.0654836e-01   4.4004352e-01
   3.0810000e+03   5.9069329e-02   2.4818589e-01   6.9274478e-01
   3.0690000e+03   1.5722600e-01   3.1124439e-01   5.3152960e-01
   3.0700000e+03   3.1269701e-01   9.5759982e-02   5.9154301e-01
   3.0890000e+03   2.3382029e-01   5.5769570e-01   2.0848401e-01
   3.0840000e+03   6.4230804e-01   1.9304594e-01   1.6464601e-01
   3.0690000e+03   6.6285667e-01   1.6574056e-01   1.7140277e-01
   3.0840000e+03   2.6074594e-01   7.2010702e-01   1.9147044e-02
   3.0750000e+03   5.1926031e-01   1.0175052e-01   3.7898917e-01
   3.0810000e+03   2.3172771e-01   7.6665182e-01   1.6204640e-03
   3.0810000e+03   8.5982989e-01   4.6135516e-02   9.4034591e-02
   3.1830000e+03   7.7798700e-03   8.3816605e-01   1.5405408e-01
   3.0830000e+03   1.9737460e-01   4.3530754e-01   3.6731786e-01
   3.1880000e+03   6.5040790e-01   3.4267832e-02   3.1532427e-01
   3.0850000e+03   4.9505288e-01   1.3861058e-01   3.6633654e-01
   3.0840000e+03   2.7900959e-01   6.4911134e-02   6.5607928e-01
   3.0860000e+03   6.0356068e-01   3.4247068e-01   5.3968638e-02
   3.0870000e+03   4.3447166e-01   1.4727363e-01   4.1825471e-01
   3.0880000e+03   5.6028899e-03   1.5557263e-02   9.7883985e-01
   3.0870000e+03   3.5217276e-02   7.1101978e-01   2.5376294e-01
   3.2050000e+03   9.7746528e-01   4.0469428e-03   1.8487778e-02
   3.1010000e+03   6.2229067e-01   3.0032360e-01   7.7385723e-02
   3.2050000e+03   8.6337936e-03   9.8958120e-01   1.7850053e-03
