   5.2400000e+02   3.6907385e-01   4.8382014e-01   1.4710600e-01
   5.2700000e+02   3.8792192e-02   8.6054351e-01   1.0066430e-01
   1.1746000e+04   4.5032693e-01   2.0735456e-01   3.4231851e-01
   1.1955000e+04   1.8202317e-01   7.2572659e-01   9.2250232e-02
   5.6500000e+02   3.6211517e-01   5.8713879e-01   5.0746034e-02
   3.0800000e+02   3.7307237e-01   9.0691173e-03   6.1785851e-01
   1.3730000e+03   6.3066609e-01   3.6340817e-01   5.9257471e-03
   3.0900000e+02   1.0578386e-02   2.7595343e-01   7.1346818e-01
   3.1200000e+02   3.6109570e-02   2.9935425e-01   6.6453618e-01
   3.2500000e+02   4.0785957e-02   8.3329756e-01   1.2591648e-01
   3.2100000e+02   1.5032200e-01   7.0685925e-01   1.4281875e-01
   3.1400000e+02   5.4641274e-01   1.5545480e-01   2.9813245e-01
   3.1900000e+02   7.3062782e-01   2.1480724e-01   5.4564940e-02
   3.1600000e+02   6.6624697e-01   2.7917957e-01   5.4573460e-02
   6.0800000e+02   2.6292875e-02   1.8013722e-01   7.9356991e-01
   4.9600000e+02   2.1504151e-02   4.5204481e-01   5.2645104e-01
   3.2100000e+02   1.2102118e-02   1.6499960e-01   8.2289828e-01
   3.2400000e+02   7.7764540e-02   1.7570604e-01   7.4652942e-01
   5.0200000e+02   7.7016577e-02   4.0103526e-01   5.2194817e-01
   3.2300000e+02   7.0661987e-01   2.2533288e-01   6.8047246e-02
   6.1300000e+02   7.3795650e-03   2.2435469e-03   9.9037689e-01
   3.3600000e+02   1.2883908e-03   9.9871161e-01   0.0000000e+00
   3.2900000e+02   1.0386284e-03   9.9716546e-01   1.7959143e-03
   3.3100000e+02   5.9190515e-01   1.2119276e-01   2.8690208e-01
   1.1960000e+03   4.3744804e-01   2.9561683e-01   2.6693513e-01
   6.1400000e+02   9.8798541e-01   1.1836147e-02   1.7844788e-04
   3.3200000e+02   5.4335688e-03   9.9348695e-01   1.0794852e-03
   3.3500000e+02   8.7539157e-01   3.3519608e-02   9.1088818e-02
   3.3400000e+02   5.8980598e-17   9.8600078e-01   1.3999223e-02
   1.1659000e+04   7.0558913e-03   7.6971779e-03   9.8524693e-01
   3.7000000e+01   0.0000000e+00   1.0000000e+00   0.0000000e+00
   3.3900000e+02   9.1878098e-01   7.0204933e-02   1.1014088e-02
   3.9800000e+02   6.1870441e-02   1.7651978e-01   7.6160978e-01
   1.1965000e+04   8.9371492e-01   3.6608457e-02   6.9676621e-02
   5.2100000e+02   1.4323223e-01   5.0622716e-02   8.0614505e-01
   1.1964000e+04   7.5984732e-01   5.1773004e-02   1.8837968e-01
   1.6933000e+04   8.7311483e-01   1.0746614e-02   1.1613855e-01
   6.2600000e+02   7.2297405e-03   4.0967409e-03   9.8867352e-01
   3.4600000e+02   9.9319534e-01   5.1394689e-03   1.6651945e-03
   3.4600000e+02   1.1033775e-02   9.2988918e-01   5.9077047e-02
   3.4700000e+02   1.1954659e-03   7.2789417e-03   9.9152559e-01
   3.5200000e+02   1.2399793e-01   2.4020972e-01   6.3579235e-01
   4.3100000e+02   5.8577483e-03   5.3909013e-03   9.8875135e-01
   4.2600000e+02   9.9287841e-01   2.3603669e-03   4.7612198e-03
   4.0300000e+02   1.5734269e-01   6.4774433e-02   7.7788288e-01
   1.4610000e+03   6.8396026e-01   1.7607436e-01   1.3996538e-01
   4.2800000e+02   2.7576781e-01   4.6413596e-01   2.6009623e-01
   4.2600000e+02   1.2661756e-01   5.1474906e-01   3.5863338e-01
   6.3200000e+02   6.5326865e-01   2.0479639e-02   3.2625171e-01
   6.2800000e+02   4.6596644e-01   4.2348687e-01   1.1054669e-01
   5.1200000e+02   5.5052278e-02   9.3824591e-01   6.7018075e-03
   4.3100000e+02   8.8204117e-01   5.3508738e-02   6.4450089e-02
   5.1100000e+02   8.5825354e-05   9.9917139e-01   7.4278594e-04
   3.6700000e+02   2.4295274e-01   1.2796774e-01   6.2907953e-01
   4.6400000e+02   2.3719860e-02   8.8321154e-01   9.3068602e-02
   5.3300000e+02   4.4469055e-02   1.3393156e-01   8.2159938e-01
   3.7900000e+02   2.0938487e-01   3.9026396e-01   4.0035117e-01
   5.6800000e+02   3.2395202e-02   4.5075324e-01   5.1685156e-01
   6.2700000e+02   5.3347982e-01   8.2102097e-02   3.8441809e-01
   3.6500000e+02   2.5769176e-01   4.9624049e-01   2.4606775e-01
   4.6700000e+02   3.2430296e-01   3.9447614e-01   2.8122089e-01
   3.7200000e+02   1.3336093e-01   3.9232239e-01   4.7431669e-01
   4.6400000e+02   5.6268620e-01   2.8781863e-01   1.4949517e-01
   5.1500000e+02   5.8755954e-03   5.3987699e-04   9.9358453e-01
   6.3000000e+02   9.6693505e-01   8.5660453e-03   2.4498908e-02
   6.2900000e+02   7.2408567e-02   8.4673287e-01   8.0858568e-02
   5.2000000e+02   7.1298539e-02   9.9777895e-03   9.1872367e-01
   5.2000000e+02   9.7701238e-01   1.3436566e-02   9.5510525e-03
   3.7700000e+02   8.3880084e-03   9.6193896e-01   2.9673033e-02
   5.3100000e+02   2.3525686e-01   7.1115371e-01   5.3589433e-02
   4.3400000e+02   1.2282194e-03   4.0642812e-02   9.5812897e-01
   4.3800000e+02   5.3720706e-01   1.2798872e-01   3.3480421e-01
   3.8400000e+02   1.5299251e-02   3.3732218e-01   6.4737857e-01
   3.8900000e+02   7.9789997e-01   2.4869518e-02   1.7723051e-01
   3.9800000e+02   9.9019513e-01   4.2284813e-03   5.5763922e-03
   3.9500000e+02   5.1319084e-03   2.8448707e-03   9.9202322e-01
   4.0700000e+02   9.9399181e-01   5.0236976e-03   9.8449300e-04
   4.1200000e+02   4.0973552e-03   9.9447426e-01   1.4283881e-03
   4.1100000e+02   2.9926411e-02   9.2839389e-01   4.1679702e-02
   3.9200000e+02   9.9465515e-01   1.9520574e-03   3.3927919e-03
   5.0800000e+02   3.4472445e-02   9.5391525e-01   1.1612302e-02
   4.0700000e+02   4.5872491e-03   5.9337694e-03   9.8947898e-01
   4.2400000e+02   1.6518460e-02   5.0024914e-02   9.3345663e-01
   4.0200000e+02   9.8911153e-01   7.9406594e-03   2.9478094e-03
   4.1200000e+02   3.9064513e-03   3.2848759e-02   9.6324479e-01
   4.1000000e+02   4.4343080e-01   4.4792166e-01   1.0864755e-01
   4.2300000e+02   3.2036194e-02   9.4742417e-01   2.0539637e-02
   4.1700000e+02   4.0515020e-01   1.2735331e-01   4.6749649e-01
   4.1800000e+02   1.6987321e-01   3.7323201e-01   4.5689478e-01
   4.2300000e+02   6.0197132e-01   3.3966353e-01   5.8365152e-02
   4.3500000e+02   2.2657613e-01   7.5569476e-01   1.7729107e-02
   5.1900000e+02   4.7562888e-01   5.0616940e-01   1.8201721e-02
   4.4300000e+02   1.3779208e-02   9.7105594e-01   1.5164850e-02
   4.5100000e+02   2.9082689e-01   6.6166924e-01   4.7503864e-02
   4.4900000e+02   2.6589928e-03   6.3236677e-03   9.9101734e-01
   4.6900000e+02   9.8467673e-01   2.8834947e-03   1.2439774e-02
   4.7300000e+02   9.9277107e-01   3.7143221e-03   3.5146038e-03
   4.6200000e+02   2.0808757e-01   4.1380706e-01   3.7810537e-01
   4.7000000e+02   9.9621260e-01   2.7291093e-04   3.5144935e-03
   4.7600000e+02   1.8689744e-03   9.9535767e-01   2.7733604e-03
   4.5300000e+02   9.9653648e-01   0.0000000e+00   3.4635181e-03
   4.6000000e+02   7.0972174e-03   9.9281314e-01   8.9644175e-05
   4.5500000e+02   9.9382277e-01   4.8568472e-03   1.3203811e-03
   4.7500000e+02   2.5291225e-03   9.9660619e-01   8.6468509e-04
   4.6600000e+02   3.9857026e-02   5.8185645e-01   3.7828652e-01
   4.5800000e+02   2.3473706e-01   3.3059615e-01   4.3466680e-01
   4.7600000e+02   4.0104001e-02   6.6081795e-02   8.9381420e-01
   4.7900000e+02   3.7425645e-03   3.8805506e-03   9.9237688e-01
   1.6160000e+03   3.0901471e-01   3.8807240e-02   6.5217805e-01
   1.6150000e+03   9.5805260e-01   3.9607436e-02   2.3399589e-03
   6.1900000e+02   8.9152070e-01   7.5485591e-03   1.0093074e-01
   4.8500000e+02   8.7575954e-01   8.6282112e-02   3.7958343e-02
   4.9400000e+02   3.4601743e-03   6.1558098e-02   9.3498173e-01
   6.1900000e+02   2.5788860e-02   2.3424303e-03   9.7186871e-01
   1.2333000e+04   5.2028703e-03   5.1977614e-02   9.4281952e-01
   4.9100000e+02   2.2852842e-02   8.7759142e-01   9.9555735e-02
   4.8900000e+02   8.5500843e-03   4.1701210e-01   5.7443781e-01
   4.9800000e+02   1.9066726e-02   5.2385534e-01   4.5707793e-01
   4.9700000e+02   3.9305729e-01   5.7230324e-01   3.4639474e-02
   5.0900000e+02   2.5470638e-03   8.9117213e-01   1.0628080e-01
   5.2800000e+02   6.5737824e-01   3.4826520e-02   3.0779524e-01
   5.3600000e+02   4.7315512e-02   4.4917672e-01   5.0350777e-01
   5.3700000e+02   9.9631433e-01   1.0285469e-03   2.6571271e-03
   5.6000000e+02   3.5456762e-03   9.9597234e-01   4.8198647e-04
   5.4500000e+02   9.9576084e-01   2.2634587e-03   1.9757009e-03
   4.5600000e+02   9.9519288e-01   2.7560716e-03   2.0510518e-03
   5.4900000e+02   9.9669746e-01   5.1117878e-04   2.7913579e-03
   5.4800000e+02   9.4341249e-01   1.7616357e-04   5.6411344e-02
   5.5600000e+02   2.9252394e-01   2.5991767e-02   6.8148429e-01
   5.7100000e+02   2.3359287e-03   9.9319278e-01   4.4712896e-03
   5.7700000e+02   2.7219129e-03   9.9452048e-01   2.7576041e-03
   5.8600000e+02   3.3934496e-03   9.9420134e-01   2.4052067e-03
   5.5000000e+02   4.5524682e-02   1.7557005e-01   7.7890527e-01
   5.6600000e+02   2.3892321e-03   9.9521127e-01   2.3994964e-03
   5.6900000e+02   1.2752320e-02   8.4088824e-02   9.0315886e-01
   5.5500000e+02   5.9438149e-02   2.4868348e-01   6.9187837e-01
   5.5800000e+02   5.4582155e-02   3.3569649e-02   9.1184820e-01
   5.6000000e+02   1.0778803e-02   1.3796606e-02   9.7542459e-01
   5.6400000e+02   2.5655474e-02   1.8610931e-02   9.5573360e-01
   5.6700000e+02   2.4249898e-02   5.1934472e-01   4.5640538e-01
   5.7200000e+02   1.9195826e-01   1.7278136e-03   8.0631393e-01
   5.7400000e+02   1.5240845e-03   9.9541607e-01   3.0598422e-03
   5.8100000e+02   1.0655811e-02   3.0463802e-01   6.8470617e-01
   5.7600000e+02   3.2440681e-03   9.9574541e-01   1.0105201e-03
   5.7500000e+02   1.3044344e-01   3.0062045e-01   5.6893611e-01
   5.9900000e+02   8.4840767e-04   2.6416653e-03   9.9650993e-01
   6.0300000e+02   9.6997560e-01   2.3129925e-02   6.8944740e-03
   5.8000000e+02   9.7905212e-01   4.8866571e-04   2.0459215e-02
   5.8400000e+02   8.8318521e-01   1.4400270e-02   1.0241452e-01
   5.8300000e+02   1.3730157e-04   3.7314301e-03   9.9613127e-01
   5.8900000e+02   9.7942939e-02   3.1125334e-01   5.9080372e-01
   6.0600000e+02   3.7867944e-01   6.7739665e-02   5.5358090e-01
   6.3800000e+02   5.3512646e-01   2.4075038e-01   2.2412316e-01
   2.8000000e+02   8.0078678e-01   7.6537685e-02   1.2267554e-01
   6.0100000e+02   7.3718432e-02   7.7445514e-01   1.5182643e-01
   2.7400000e+02   2.8773744e-03   9.7103259e-01   2.6090038e-02
   6.2100000e+02   4.9561255e-04   9.9728049e-01   2.2239015e-03
   6.1500000e+02   4.0494504e-01   1.1022292e-02   5.8403267e-01
   3.6300000e+02   8.9834483e-02   4.0795106e-02   8.6937041e-01
   5.0000000e+00   4.3015421e-01   5.1709751e-02   5.1813604e-01
   7.8000000e+01   1.6897890e-02   9.0088813e-01   8.2213976e-02
   6.8600000e+02   1.2498383e-02   2.3236005e-02   9.6426561e-01
   2.1000000e+01   2.3906125e-02   4.5223825e-02   9.3087005e-01
   9.0000000e+00   8.3892587e-01   1.2156243e-02   1.4891789e-01
   6.8400000e+02   4.3254242e-02   5.2827785e-01   4.2846791e-01
   1.8000000e+01   6.1755659e-01   1.4389763e-01   2.3854578e-01
   1.5000000e+01   9.0833157e-02   4.8634935e-01   4.2281750e-01
   1.0000000e+01   2.7285161e-01   1.3513724e-01   5.9201115e-01
   6.7500000e+02   2.9072430e-01   6.2156250e-01   8.7713208e-02
   2.8300000e+02   3.5783021e-01   8.0140912e-02   5.6202888e-01
   1.8000000e+01   7.2036275e-02   2.1051550e-02   9.0691218e-01
   1.8300000e+02   7.5106209e-03   9.8352955e-01   8.9598278e-03
   2.2000000e+01   1.7847156e-01   6.1032023e-02   7.6049642e-01
   2.4000000e+01   1.6486106e-03   5.6812497e-03   9.9267014e-01
   2.8500000e+02   2.2565984e-01   1.1413431e-01   6.6020585e-01
   2.9000000e+01   8.8472709e-04   3.7572892e-03   9.9535798e-01
   7.5900000e+02   7.9201478e-01   9.1053593e-02   1.1693163e-01
   4.8000000e+01   4.5570147e-01   4.4295001e-01   1.0134852e-01
   2.0900000e+02   4.8314043e-01   3.9038903e-01   1.2647054e-01
   3.6000000e+01   4.9155795e-02   4.0517272e-02   9.1032693e-01
   1.9900000e+02   3.6924616e-03   9.7909332e-01   1.7214215e-02
   7.7000000e+02   1.2566241e-02   9.8437703e-01   3.0567321e-03
   3.0600000e+02   9.5209336e-01   4.2687417e-02   5.2192271e-03
   3.9000000e+01   3.8729787e-01   5.3814360e-01   7.4558529e-02
   4.6000000e+01   2.6375282e-02   9.6255053e-01   1.1074187e-02
   4.3000000e+01   7.6931936e-01   1.0626978e-01   1.2441085e-01
   9.4000000e+01   5.2308473e-02   1.8538680e-01   7.6230473e-01
   1.2000000e+02   8.9847582e-01   6.0287294e-02   4.1236884e-02
   1.1800000e+02   9.9554600e-01   1.7882221e-03   2.6657790e-03
   3.0700000e+02   9.4211148e-01   3.6842681e-02   2.1045840e-02
   3.0500000e+02   1.3742335e-02   9.5198682e-01   3.4270844e-02
   2.0200000e+02   6.6677396e-01   7.0558688e-02   2.6266735e-01
   3.0000000e+02   9.8956172e-02   3.4031243e-01   5.6073140e-01
   2.1900000e+02   5.4558707e-01   3.4329360e-01   1.1111934e-01
   1.5500000e+02   5.4733534e-01   4.5252336e-01   1.4129950e-04
   6.9000000e+01   3.8572095e-01   1.9950989e-01   4.1476916e-01
   2.5200000e+02   2.0314904e-01   1.1500092e-01   6.8185004e-01
   2.5100000e+02   1.3711377e-01   8.4967256e-01   1.3213673e-02
   5.5000000e+01   5.0862899e-01   3.4157512e-01   1.4979589e-01
   1.6700000e+02   1.9717946e-01   7.6286662e-01   3.9953923e-02
   7.6200000e+02   1.8120248e-01   8.0321981e-01   1.5577712e-02
   5.8000000e+01   2.8347204e-01   5.6214050e-01   1.5438746e-01
   6.0000000e+01   3.2835223e-02   1.0052339e-01   8.6664139e-01
   6.4000000e+01   4.2751698e-01   3.0970775e-01   2.6277527e-01
   3.0400000e+02   8.0300011e-03   9.6788280e-01   2.4087200e-02
   3.0300000e+02   7.5038525e-02   8.6061063e-01   6.4350846e-02
   2.0900000e+02   2.8551692e-03   2.6000459e-02   9.7114437e-01
   3.2000000e+01   1.4792254e-02   9.2744652e-01   5.7761221e-02
   7.4000000e+01   6.4887915e-01   8.2123781e-02   2.6899707e-01
   1.2800000e+02   3.3076239e-02   9.6173368e-01   5.1900804e-03
   7.2000000e+01   2.0385838e-02   2.3225496e-01   7.4735921e-01
   7.7000000e+01   5.6462331e-01   7.8754890e-02   3.5662180e-01
   1.3900000e+02   4.8216290e-03   9.9424259e-01   9.3578083e-04
   1.3200000e+02   5.5841133e-02   2.3336214e-01   7.1079673e-01
   8.3000000e+01   1.9001817e-01   5.2072946e-01   2.8925237e-01
   8.4000000e+01   4.6913923e-03   9.6525128e-01   3.0057327e-02
   1.8900000e+02   1.5361817e-05   5.7894332e-05   9.9992674e-01
   8.6000000e+01   1.7434606e-04   7.6735588e-04   9.9905830e-01
   8.8000000e+01   5.5417357e-02   9.3138964e-01   1.3192998e-02
   9.7000000e+01   9.8150226e-04   9.9674815e-01   2.2703508e-03
   8.6000000e+01   1.4572684e-02   9.8319966e-01   2.2276562e-03
   9.7000000e+01   1.2310669e-02   3.5470549e-03   9.8414228e-01
   9.9000000e+01   1.1435847e-01   6.2459192e-01   2.6104962e-01
   1.1600000e+02   4.9626548e-03   5.5698504e-03   9.8946749e-01
   1.1300000e+02   6.7874779e-03   9.9290767e-01   3.0485512e-04
   1.0300000e+02   6.3658242e-01   1.0674625e-01   2.5667133e-01
   1.9300000e+02   7.0525713e-01   6.8070886e-02   2.2667199e-01
   1.1300000e+02   9.7834331e-01   7.9773321e-03   1.3679354e-02
   1.1100000e+02   3.4552365e-01   4.8411463e-02   6.0606489e-01
   1.2100000e+02   3.8546977e-01   2.4129393e-01   3.7323630e-01
   1.1400000e+02   3.5337288e-01   5.7789743e-01   6.8729695e-02
   1.1900000e+02   6.7872772e-01   1.8767717e-01   1.3359511e-01
   1.2400000e+02   7.0712214e-03   2.2042643e-03   9.9072451e-01
   1.2600000e+02   6.8352623e-01   2.3923923e-01   7.7234542e-02
   1.3100000e+02   9.4837986e-01   2.4130756e-02   2.7489381e-02
   1.9800000e+02   5.8300879e-01   4.0585350e-01   1.1137711e-02
   1.3700000e+02   9.6879313e-01   3.0883480e-03   2.8118521e-02
   2.0500000e+02   2.9856864e-02   5.1421281e-01   4.5593033e-01
   1.6070000e+04   3.2010846e-03   9.7611317e-01   2.0685750e-02
   1.4000000e+02   2.4421221e-03   1.6964023e-03   9.9586148e-01
   1.5300000e+02   1.4848229e-03   9.9710138e-01   1.4138004e-03
   1.4600000e+02   1.6074433e-05   3.7449585e-03   9.9623897e-01
   1.4300000e+02   8.9039647e-01   1.0835682e-01   1.2467089e-03
   1.4500000e+02   9.9546605e-01   4.5285063e-03   5.4479106e-06
   2.4500000e+02   2.3977842e-01   7.0388869e-01   5.6332890e-02
   1.6200000e+02   2.2863614e-03   7.3111997e-04   9.9698252e-01
   1.0150000e+03   5.6632014e-03   9.9380993e-01   5.2686440e-04
   1.6600000e+02   9.3677973e-01   1.1145769e-02   5.2074497e-02
   1.6500000e+02   9.1735297e-01   4.8101307e-02   3.4545720e-02
   1.6300000e+02   5.0682740e-02   2.0506525e-01   7.4425201e-01
   1.6400000e+02   3.0782200e-02   1.6677550e-02   9.5254025e-01
   1.0330000e+03   8.2434769e-01   1.4730650e-01   2.8345808e-02
   1.7300000e+02   2.0240916e-01   2.1770171e-01   5.7988913e-01
   1.8100000e+02   1.0201838e-01   8.3130044e-01   6.6681181e-02
   2.9800000e+02   5.2194432e-02   1.2528289e-01   8.2252268e-01
   1.7400000e+02   1.6216238e-02   1.2829890e-01   8.5548486e-01
   2.9200000e+02   2.1160423e-01   5.6370222e-01   2.2469355e-01
   1.8600000e+02   6.9964790e-01   3.9112709e-02   2.6123939e-01
   1.8500000e+02   6.2438189e-02   8.9445369e-01   4.3108118e-02
   1.9000000e+02   1.0610705e-02   3.3100198e-02   9.5628910e-01
   2.2000000e+02   5.6759086e-02   7.4818669e-01   1.9505422e-01
   2.1800000e+02   1.3892909e-01   8.2098013e-01   4.0090778e-02
   2.1600000e+02   3.6859539e-02   3.2096648e-02   9.3104381e-01
   2.5000000e+02   1.1743157e-03   9.4242783e-01   5.6397854e-02
   2.1800000e+02   3.2332333e-01   3.6483024e-02   6.4019365e-01
   2.2600000e+02   3.6704796e-01   9.3340665e-02   5.3961138e-01
   2.4500000e+02   7.2820453e-01   1.9520025e-02   2.5227544e-01
   2.2800000e+02   4.6156642e-03   9.9203703e-01   3.3473018e-03
   2.3100000e+02   3.0543021e-03   9.9457258e-01   2.3731147e-03
   1.5300000e+02   9.9675986e-01   7.9160148e-04   2.4485415e-03
   2.2900000e+02   5.9809317e-01   2.3447861e-03   3.9956204e-01
   2.2800000e+02   3.8727297e-02   1.8468491e-01   7.7658779e-01
   2.3400000e+02   2.7988752e-02   7.0766747e-01   2.6434378e-01
   2.5600000e+02   9.9571910e-01   4.2809007e-03   0.0000000e+00
   2.3600000e+02   2.4461728e-03   9.9444063e-01   3.1131965e-03
   2.4300000e+02   7.4139136e-02   9.0436133e-01   2.1499534e-02
   2.6400000e+02   8.4652318e-01   1.4625639e-01   7.2204356e-03
   1.6914000e+04   1.0754809e-02   3.7273307e-02   9.5197188e-01
   2.3900000e+02   1.9447284e-02   2.1185708e-01   7.6869563e-01
   2.4200000e+02   5.7154290e-02   4.7940310e-02   8.9490540e-01
   1.0000000e+00   3.8563972e-02   7.9529601e-01   1.6614002e-01
   2.5800000e+02   1.8357586e-01   3.3712600e-03   8.1305288e-01
   2.7000000e+02   3.9989401e-04   9.9780446e-01   1.7956467e-03
   2.5900000e+02   2.9490277e-01   6.6002664e-01   4.5070591e-02
   6.0300000e+02   2.0733524e-03   3.3827530e-03   9.9454389e-01
   2.6000000e+02   9.6535538e-01   9.6481265e-03   2.4996495e-02
   2.6700000e+02   2.6413481e-02   8.5468650e-01   1.1890002e-01
   2.7000000e+02   9.9210705e-01   6.5636652e-03   1.3292842e-03
   2.7200000e+02   2.4446926e-01   4.1681608e-02   7.1384913e-01
   2.7500000e+02   9.4545366e-02   3.8181363e-01   5.2364100e-01
   2.7700000e+02   2.8273403e-02   8.9002410e-01   8.1702494e-02
   2.7100000e+02   3.8215526e-02   8.4089297e-01   1.2089150e-01
   2.9500000e+02   3.0909155e-01   2.0277959e-01   4.8812886e-01
   2.8800000e+02   9.9716691e-01   0.0000000e+00   2.8330942e-03
   2.9000000e+02   2.1191054e-01   5.5902805e-01   2.2906141e-01
   2.8900000e+02   9.9739860e-01   1.4540895e-03   1.1473074e-03
   7.6300000e+02   9.8314612e-01   9.7581579e-03   7.0957237e-03
   3.0200000e+02   7.5223354e-01   1.8653648e-01   6.1229974e-02
   6.4500000e+02   5.1970416e-02   5.8945937e-01   3.5857022e-01
   6.4700000e+02   9.0976020e-01   0.0000000e+00   9.0239796e-02
   1.1755000e+04   1.7484609e-01   1.5140914e-01   6.7374477e-01
   6.4800000e+02   6.3227922e-01   2.7280630e-01   9.4914476e-02
   6.3900000e+02   1.1102230e-16   3.9967234e-03   9.9600328e-01
   6.4000000e+02   3.7460608e-01   4.7250177e-01   1.5289214e-01
   1.3650000e+03   3.6439097e-01   3.1931237e-02   6.0367779e-01
   6.0800000e+02   6.3881216e-01   6.9099627e-02   2.9208822e-01
   6.0900000e+02   1.6971452e-03   1.7609537e-03   9.9654190e-01
   3.5000000e+02   9.9408125e-01   1.0490344e-03   4.8697201e-03
   1.3830000e+03   3.2682901e-02   2.7388579e-01   6.9343131e-01
   1.4100000e+03   5.6081532e-02   1.5133432e-02   9.2878504e-01
   1.3860000e+03   3.8385133e-02   2.8569401e-01   6.7592086e-01
   4.8000000e+02   8.5520812e-03   9.8949341e-01   1.9545079e-03
   1.6340000e+03   2.7684333e-01   7.1613622e-01   7.0204471e-03
   1.6230000e+03   4.2012142e-01   3.4734079e-01   2.3253780e-01
   1.3780000e+03   4.1340843e-01   1.6666279e-01   4.1992877e-01
   1.1940000e+03   2.7828204e-03   9.9145826e-01   5.7589188e-03
   7.6500000e+02   8.8645866e-03   1.5081807e-03   9.8962723e-01
   4.9000000e+01   2.8330197e-02   9.0976618e-01   6.1903624e-02
   4.4000000e+01   9.7208733e-01   1.2946548e-02   1.4966122e-02
   8.4600000e+02   1.0897444e-01   6.8932370e-01   2.0170187e-01
   5.1000000e+01   9.5077892e-03   9.2002143e-01   7.0470778e-02
   1.6800000e+02   6.5336745e-03   9.9012918e-01   3.3371449e-03
   1.0160000e+03   9.0853207e-02   2.4932898e-01   6.5981781e-01
   1.2670000e+03   5.9149032e-01   5.2083702e-02   3.5642598e-01
   1.3550000e+03   4.0304675e-02   8.8353450e-01   7.6160821e-02
   1.2900000e+03   9.1086976e-01   7.8103124e-02   1.1027121e-02
   1.3520000e+03   3.7052242e-02   9.2603951e-01   3.6908250e-02
   1.2650000e+03   7.6949524e-04   9.8584002e-01   1.3390486e-02
   1.3530000e+03   1.8481782e-02   9.7187909e-01   9.6391309e-03
   1.3030000e+03   1.5642567e-01   2.2125109e-01   6.2232324e-01
   1.2960000e+03   7.9253048e-01   1.9030235e-01   1.7167170e-02
   1.2680000e+03   6.7863163e-03   9.5543670e-02   8.9767001e-01
   1.3020000e+03   2.6181837e-02   1.2164488e-01   8.5217329e-01
   1.2720000e+03   9.9181171e-01   4.6773431e-03   3.5109461e-03
   1.2720000e+03   3.5738171e-02   8.0505742e-01   1.5920440e-01
   1.2740000e+03   5.9002742e-01   2.7103911e-01   1.3893348e-01
   1.2820000e+03   8.5984814e-03   9.8105168e-01   1.0349837e-02
   1.2860000e+03   1.6039845e-01   9.9471545e-02   7.4013001e-01
   1.8090000e+03   1.5222789e-02   1.9023269e-02   9.6575394e-01
   1.2880000e+03   1.0774885e-02   3.1579369e-01   6.7343142e-01
   1.8100000e+03   8.0507513e-01   9.4087484e-02   1.0083739e-01
   1.8120000e+03   1.0247415e-01   1.4012555e-03   8.9612459e-01
   1.2980000e+03   6.5084731e-01   1.3952351e-01   2.0962917e-01
   1.3510000e+03   4.9446920e-02   2.2974585e-01   7.2080723e-01
   1.3460000e+03   1.0950174e-02   2.8391700e-01   7.0513282e-01
   1.5890000e+03   1.5036041e-01   2.7209649e-01   5.7754309e-01
   1.5940000e+03   1.0251573e-01   4.9924334e-01   3.9824093e-01
   1.8640000e+03   4.3055459e-03   9.8564371e-01   1.0050743e-02
   1.5670000e+03   9.7682483e-01   1.4990259e-02   8.1849154e-03
   1.5680000e+03   2.2106399e-02   5.9305530e-03   9.7196305e-01
   1.3170000e+03   6.6013703e-03   9.5442736e-01   3.8971275e-02
   1.6210000e+03   4.2005318e-01   5.6774786e-01   1.2198963e-02
   1.3170000e+03   8.6703112e-01   5.5507659e-02   7.7461217e-02
   1.5990000e+03   4.4087109e-02   6.4424136e-02   8.9148876e-01
   1.3330000e+03   5.4350002e-01   2.0350924e-01   2.5299073e-01
   1.6310000e+03   1.1607603e-01   6.4531738e-01   2.3860659e-01
   1.3210000e+03   1.1441361e-01   1.9123057e-02   8.6646333e-01
   1.3230000e+03   1.8934470e-01   7.4763654e-03   8.0317894e-01
   1.3340000e+03   1.1014926e-03   5.0958485e-02   9.4794002e-01
   1.6250000e+03   9.7388684e-04   5.3159317e-03   9.9371018e-01
   1.3250000e+03   1.7305204e-03   9.9638355e-01   1.8859287e-03
   1.3310000e+03   2.0921303e-01   3.6935648e-01   4.2143050e-01
   7.0700000e+02   5.3027505e-02   4.4655219e-02   9.0231728e-01
   1.3300000e+03   3.6953813e-01   1.1670366e-01   5.1375821e-01
   1.3280000e+03   6.2721036e-01   1.9925002e-01   1.7353962e-01
   1.3350000e+03   4.8705407e-02   9.3634658e-01   1.4948013e-02
   1.6110000e+03   1.7987473e-02   3.3741685e-02   9.4827084e-01
   1.3390000e+03   2.6524781e-02   3.1844308e-04   9.7315678e-01
   1.3430000e+03   8.8894712e-03   5.0191227e-02   9.4091930e-01
   1.3410000e+03   1.3649957e-03   9.7238022e-01   2.6254783e-02
   1.6890000e+03   5.8079154e-02   7.4524977e-01   1.9667108e-01
   1.4480000e+03   1.9790503e-01   6.8013011e-01   1.2196485e-01
   1.3420000e+03   8.0275379e-02   2.3676536e-01   6.8295926e-01
   1.4560000e+03   4.8168980e-01   1.5570615e-01   3.6260405e-01
   1.3440000e+03   9.1497598e-01   5.1146048e-02   3.3877969e-02
   1.3740000e+03   2.2172583e-01   2.0805687e-01   5.7021730e-01
   1.3470000e+03   1.8848414e-02   1.8317695e-01   7.9797463e-01
   1.3570000e+03   5.4467256e-01   1.5297976e-01   3.0234768e-01
   1.3590000e+03   1.7348407e-03   2.7223127e-02   9.7104203e-01
   1.3680000e+03   1.4277454e-01   6.6832725e-01   1.8889822e-01
   1.3750000e+03   1.9088447e-04   3.6898440e-02   9.6291068e-01
   1.3750000e+03   8.5952375e-01   4.6020446e-02   9.4455801e-02
   1.4110000e+03   1.7818511e-01   3.3103039e-01   4.9078450e-01
   1.3820000e+03   2.0173591e-03   9.9354575e-01   4.4368956e-03
   1.3850000e+03   9.9434528e-01   2.5819517e-03   3.0727720e-03
   1.3890000e+03   6.2257226e-01   3.4526362e-01   3.2164125e-02
   1.3860000e+03   3.2617646e-03   9.9575091e-01   9.8732600e-04
   1.3910000e+03   7.8309831e-02   7.3027661e-01   1.9141356e-01
   1.3930000e+03   9.9003747e-01   4.8226010e-03   5.1399289e-03
   1.4260000e+03   9.8204794e-01   1.6732945e-04   1.7784733e-02
   1.3950000e+03   9.2199780e-01   9.0554529e-03   6.8946746e-02
   1.5340000e+03   5.9087488e-01   2.2892190e-01   1.8020322e-01
   1.5290000e+03   2.4591383e-02   9.7540862e-01   0.0000000e+00
   1.5360000e+03   6.9378468e-01   2.9321171e-01   1.3003604e-02
   1.4080000e+03   7.3789826e-01   2.5081003e-02   2.3702074e-01
   1.4420000e+03   3.9903411e-02   1.8494476e-01   7.7515183e-01
   1.4510000e+03   4.6106745e-03   4.6652636e-01   5.2886296e-01
   1.4530000e+03   3.5978796e-01   6.0942421e-01   3.0787829e-02
   1.4530000e+03   6.6216447e-03   1.6605193e-02   9.7677316e-01
   1.4030000e+03   2.7272463e-02   9.4231545e-01   3.0412085e-02
   1.4400000e+03   1.9811539e-02   3.4242043e-01   6.3776803e-01
   1.4130000e+03   6.2811201e-02   9.1055866e-01   2.6630142e-02
   1.4170000e+03   8.8930004e-02   2.8189991e-03   9.0825100e-01
   1.4150000e+03   9.2316378e-01   1.6849673e-02   5.9986543e-02
   1.4190000e+03   1.2935659e-01   3.3303750e-01   5.3760591e-01
   1.4200000e+03   1.0259717e-01   6.8786653e-01   2.0953630e-01
   1.4370000e+03   9.4682137e-01   7.0943037e-03   4.6084331e-02
   1.5380000e+03   2.8352641e-02   9.1013880e-01   6.1508561e-02
   1.4660000e+03   8.2165195e-01   1.7474634e-01   3.6017045e-03
   1.4310000e+03   2.1412988e-02   9.4221703e-01   3.6369980e-02
   1.4350000e+03   6.9949901e-01   1.7286349e-02   2.8321464e-01
   1.4320000e+03   3.3471826e-01   4.7031022e-01   1.9497152e-01
   1.4520000e+03   4.1491979e-02   8.9979731e-01   5.8710709e-02
   1.4590000e+03   7.1931194e-01   2.7971805e-01   9.7001134e-04
   1.4630000e+03   2.3086283e-01   3.6290685e-02   7.3284648e-01
   1.6050000e+03   6.3505560e-01   2.5948515e-01   1.0545924e-01
   1.5250000e+03   4.8154686e-01   4.5604971e-01   6.2403424e-02
   1.5240000e+03   4.6330999e-03   8.4906198e-01   1.4630492e-01
   1.5330000e+03   1.0704361e-02   8.0268068e-01   1.8661496e-01
   1.5970000e+03   2.4009002e-01   1.1552987e-01   6.4438011e-01
   1.5210000e+03   7.6164408e-01   4.1478001e-02   1.9687792e-01
   1.5230000e+03   7.0134294e-01   2.2268253e-02   2.7638880e-01
   1.5310000e+03   5.5630728e-01   1.2563247e-03   4.4243639e-01
   1.5420000e+03   6.3089598e-01   2.5883021e-02   3.4322100e-01
   1.3160000e+03   3.0809538e-01   6.1930200e-01   7.2602620e-02
   1.5680000e+03   1.4834090e-01   4.8361553e-01   3.6804357e-01
   1.5650000e+03   3.2991469e-01   5.9624182e-01   7.3843488e-02
   1.5730000e+03   2.5336544e-01   2.7058121e-01   4.7605335e-01
   1.5790000e+03   4.0848076e-01   4.4535948e-01   1.4615976e-01
   9.7700000e+02   6.2564117e-01   1.4003660e-01   2.3432223e-01
   1.5850000e+03   7.1084698e-01   6.1269221e-02   2.2788380e-01
   1.6100000e+03   6.3931006e-03   3.8139230e-01   6.1221460e-01
   1.6010000e+03   9.0405084e-03   7.7368210e-01   2.1727739e-01
   1.6080000e+03   5.4627979e-01   1.4484578e-01   3.0887443e-01
   1.6110000e+03   9.4645040e-01   2.9091302e-02   2.4458294e-02
   1.5980000e+03   1.2729389e-01   7.7093397e-01   1.0177214e-01
   1.6010000e+03   5.9038766e-01   7.3527857e-02   3.3608448e-01
   1.6130000e+03   9.7430236e-01   5.6032727e-03   2.0094368e-02
   1.6360000e+03   5.0852502e-03   7.9104209e-01   2.0387266e-01
   1.6270000e+03   3.9009675e-01   8.8086426e-03   6.0109461e-01
   1.6900000e+03   2.1309907e-01   6.0317677e-01   1.8372415e-01
   1.6960000e+03   1.0951372e-01   2.6580233e-02   8.6390605e-01
   1.8260000e+03   9.6830099e-01   1.4443775e-02   1.7255233e-02
   1.7900000e+03   1.2544659e-01   1.1882798e-01   7.5572543e-01
   1.7890000e+03   3.0323310e-02   7.4309378e-02   8.9536731e-01
   1.2270000e+03   1.2576745e-16   9.9328844e-01   6.7115643e-03
   1.7920000e+03   9.7624619e-01   1.8554172e-02   5.1996409e-03
   1.8190000e+03   2.4704989e-02   9.5797288e-01   1.7322128e-02
   1.7910000e+03   2.5431619e-01   4.0739712e-02   7.0494410e-01
   1.7930000e+03   9.7990108e-02   9.9720643e-02   8.0228925e-01
   1.7960000e+03   8.1046916e-01   4.4978189e-02   1.4455265e-01
   1.8220000e+03   9.3443184e-01   4.7917509e-03   6.0776414e-02
   1.8150000e+03   1.5949366e-02   9.7014547e-01   1.3905165e-02
   1.8000000e+03   8.0111161e-01   1.0443933e-02   1.8844446e-01
   1.8090000e+03   9.6278044e-01   1.0884115e-02   2.6335442e-02
   1.8030000e+03   1.9521048e-01   4.6101282e-01   3.4377670e-01
   1.8050000e+03   9.4835931e-03   3.6689636e-01   6.2362005e-01
   1.8190000e+03   9.9681608e-01   1.9215107e-03   1.2624070e-03
   6.5300000e+02   1.4100109e-01   4.6894367e-01   3.9005524e-01
   6.5200000e+02   5.1200641e-03   9.7020151e-01   2.4678430e-02
   6.5500000e+02   9.9567131e-01   2.4184264e-03   1.9102599e-03
   6.7000000e+02   7.1661143e-03   7.4055884e-04   9.9209333e-01
   6.6800000e+02   6.7916100e-01   6.9211358e-02   2.5162764e-01
   7.3900000e+02   9.5055338e-01   2.1274390e-02   2.8172228e-02
   6.5600000e+02   8.7124705e-01   8.6076847e-02   4.2676101e-02
   6.8900000e+02   5.1620999e-02   5.2446698e-01   4.2391202e-01
   6.6100000e+02   7.4091014e-01   2.1388087e-02   2.3770178e-01
   6.6000000e+02   1.1740085e-01   8.0286812e-01   7.9731037e-02
   7.4100000e+02   6.5441808e-01   1.4641862e-01   1.9916329e-01
   6.7100000e+02   9.4651837e-01   5.2524086e-02   9.5754792e-04
   1.2110000e+03   9.7767664e-01   1.7848215e-02   4.4751444e-03
   6.7700000e+02   5.9273545e-01   1.9726401e-01   2.1000054e-01
   6.7200000e+02   1.1971210e-01   8.0126938e-01   7.9018516e-02
   6.8100000e+02   3.5948990e-02   4.0717740e-03   9.5997924e-01
   1.2140000e+03   8.2823970e-02   6.4220067e-02   8.5295596e-01
   7.3900000e+02   1.1583145e-03   5.7141118e-01   4.2743051e-01
   9.8800000e+02   5.6490488e-01   1.5990412e-01   2.7519100e-01
   9.8100000e+02   8.1426006e-03   9.6206504e-01   2.9792361e-02
   9.7600000e+02   4.4202655e-03   9.0225934e-01   9.3320397e-02
   9.6200000e+02   1.2694974e-02   1.0408828e-02   9.7689620e-01
   9.8900000e+02   6.4381319e-02   7.4552347e-01   1.9009522e-01
   1.0240000e+03   9.2127199e-01   3.2217275e-02   4.6510738e-02
   9.9700000e+02   3.0795974e-02   7.0714471e-01   2.6205932e-01
   7.1700000e+02   5.1416607e-03   3.7520516e-02   9.5733782e-01
   7.0600000e+02   7.8023244e-03   9.8366169e-01   8.5359841e-03
   7.1000000e+02   2.8283345e-01   9.6483611e-04   7.1620172e-01
   7.1800000e+02   1.5302219e-02   9.6406225e-01   2.0635527e-02
   1.0090000e+03   9.5687596e-01   1.1877773e-02   3.1246269e-02
   1.0120000e+03   3.5577957e-03   9.8795534e-01   8.4868616e-03
   7.1100000e+02   1.3825025e-02   9.8593628e-01   2.3869176e-04
   1.3290000e+03   7.5124910e-01   2.0558320e-01   4.3167705e-02
   7.1300000e+02   2.5181617e-02   1.6993642e-02   9.5782474e-01
   7.5200000e+02   6.6481458e-02   5.2741445e-01   4.0610409e-01
   8.3400000e+02   3.9082082e-01   1.5014931e-01   4.5902988e-01
   7.8800000e+02   4.0667018e-02   4.0052772e-01   5.5880526e-01
   7.5500000e+02   2.2643333e-01   6.0748302e-01   1.6608366e-01
   7.3200000e+02   9.7468402e-01   2.3017893e-02   2.2980866e-03
   7.3000000e+02   5.4381804e-01   2.4495584e-02   4.3168638e-01
   7.5800000e+02   1.0258746e-02   7.7564597e-02   9.1217666e-01
   7.4600000e+02   9.5965046e-01   2.3569643e-02   1.6779897e-02
   7.3500000e+02   1.3514672e-02   2.8737575e-01   6.9910958e-01
   7.4800000e+02   1.2679854e-02   1.5383197e-01   8.3348818e-01
   1.0920000e+03   3.8127201e-02   2.9474011e-01   6.6713269e-01
   7.6100000e+02   3.1278183e-01   5.9755027e-01   8.9667895e-02
   1.0200000e+03   8.0178371e-02   2.6524028e-02   8.9329760e-01
   8.0300000e+02   8.5924651e-03   1.5374699e-02   9.7603284e-01
   7.7100000e+02   4.3932287e-01   4.8355798e-01   7.7119145e-02
   7.6900000e+02   9.9409368e-01   3.0678765e-03   2.8384472e-03
   7.7700000e+02   1.7167334e-03   4.9892221e-03   9.9329404e-01
   7.7900000e+02   1.5005588e-01   1.6813360e-01   6.8181053e-01
   7.7800000e+02   1.3869441e-02   4.3992218e-03   9.8173134e-01
   7.9700000e+02   5.4482965e-02   6.4953771e-02   8.8056326e-01
   7.8100000e+02   2.2840782e-01   5.1516239e-01   2.5642979e-01
   7.8300000e+02   3.8634573e-02   4.2682668e-02   9.1868276e-01
   8.1100000e+02   1.0533073e-01   1.3442350e-01   7.6024577e-01
   7.8600000e+02   1.2039141e-01   3.0938955e-01   5.7021903e-01
   8.4000000e+02   5.2041704e-17   9.8151794e-01   1.8482065e-02
   8.4100000e+02   8.6449696e-01   2.3427410e-02   1.1207563e-01
   7.9600000e+02   1.3367103e-01   2.2655969e-01   6.3976928e-01
   8.2500000e+02   5.7507405e-01   2.2466702e-01   2.0025893e-01
   7.9800000e+02   8.7918381e-01   8.7165431e-02   3.3650760e-02
   8.1300000e+02   3.9992867e-04   9.9751658e-01   2.0834890e-03
   8.0300000e+02   8.7200979e-01   7.7288467e-02   5.0701746e-02
   8.0800000e+02   1.7691577e-02   4.5734140e-01   5.2496702e-01
   8.5000000e+02   9.1319747e-03   9.8282759e-02   8.9258527e-01
   8.1700000e+02   2.5581952e-01   1.0273708e-02   7.3390678e-01
   9.2300000e+02   9.5463265e-01   2.9672714e-02   1.5694634e-02
   8.1400000e+02   4.2766082e-03   9.9293246e-01   2.7909304e-03
   8.2000000e+02   7.7255859e-01   2.1447238e-01   1.2969028e-02
   8.2400000e+02   2.3604932e-02   7.4117526e-02   9.0227754e-01
   8.2300000e+02   9.3476452e-02   5.2231161e-01   3.8421194e-01
   8.3400000e+02   1.0680225e-02   9.8226724e-01   7.0525330e-03
   8.3200000e+02   9.3478067e-01   1.3750229e-02   5.1469104e-02
   8.4800000e+02   3.9745314e-01   4.2096544e-02   5.6045032e-01
   9.0300000e+02   8.5821893e-01   7.4585796e-02   6.7195273e-02
   1.0040000e+03   1.2777425e-01   2.5362629e-01   6.1859946e-01
   9.1800000e+02   7.3167926e-02   8.8575959e-01   4.1072484e-02
   9.0400000e+02   2.5036727e-01   2.8408630e-01   4.6554643e-01
   9.0700000e+02   6.2185085e-01   4.5911639e-02   3.3223751e-01
   9.2100000e+02   1.1426788e-01   5.3450353e-01   3.5122859e-01
   9.6400000e+02   5.9028136e-01   1.4978446e-01   2.5993418e-01
   9.5900000e+02   8.2726037e-02   5.9628412e-01   3.2098984e-01
   9.9400000e+02   5.3521056e-01   3.5212936e-01   1.1266009e-01
   9.9000000e+02   8.6346029e-01   1.5860586e-02   1.2067912e-01
   9.9200000e+02   1.5424077e-01   8.3762284e-01   8.1363937e-03
   9.8900000e+02   1.8869266e-01   5.9296203e-02   7.5201114e-01
   1.0080000e+03   5.9006949e-01   6.3714676e-02   3.4621583e-01
   9.9900000e+02   5.7438532e-01   2.7140661e-01   1.5420807e-01
   1.0030000e+03   6.1365858e-01   3.2998592e-01   5.6355496e-02
   9.9600000e+02   1.0666824e-01   8.4195659e-01   5.1375165e-02
   1.0110000e+03   1.1571623e-02   9.8337248e-01   5.0558958e-03
   7.0500000e+02   6.6360189e-01   2.9857239e-02   3.0654087e-01
   1.0230000e+03   5.4669566e-01   2.4317282e-03   4.5087262e-01
   1.0270000e+03   2.5874806e-04   4.5058318e-01   5.4915807e-01
   1.2270000e+03   9.2867721e-01   6.7106346e-02   4.2164400e-03
   1.1870000e+03   6.5739089e-01   2.4413459e-01   9.8474514e-02
   1.1900000e+03   7.6375552e-01   1.5287937e-01   8.3365109e-02
   1.1910000e+03   8.4463531e-02   2.6033607e-01   6.5520040e-01
   1.1910000e+03   4.9677523e-01   3.6820316e-01   1.3502162e-01
   1.1950000e+03   7.9392142e-01   1.6337769e-01   4.2700897e-02
   1.1990000e+03   3.0158056e-03   4.5508011e-02   9.5147618e-01
   1.2180000e+03   3.0289673e-03   9.9188910e-01   5.0819331e-03
   1.2000000e+03   9.6236032e-01   1.2329124e-02   2.5310558e-02
   1.2030000e+03   4.6659313e-01   1.7621706e-01   3.5718981e-01
   1.2080000e+03   7.9519597e-01   3.4200110e-02   1.7060392e-01
   1.2060000e+03   9.1612698e-01   2.1057644e-02   6.2815376e-02
   1.2180000e+03   8.4149179e-01   1.3486762e-01   2.3640589e-02
   1.2210000e+03   3.1638228e-03   6.2638701e-03   9.9057231e-01
   1.2260000e+03   9.9076202e-01   5.3538583e-03   3.8841170e-03
   2.8000000e+01   3.7579422e-02   9.1525938e-01   4.7161202e-02
   1.6921000e+04   1.9834634e-03   9.9307797e-01   4.9385702e-03
   3.0000000e+01   9.7245173e-01   1.3995902e-02   1.3552368e-02
   1.6924000e+04   1.9927181e-03   9.9041743e-01   7.5898557e-03
   1.6925000e+04   8.3096969e-04   9.8414998e-01   1.5019048e-02
   3.7000000e+01   5.2784770e-03   7.3935922e-03   9.8732793e-01
   1.6927000e+04   4.6066191e-02   7.7574042e-02   8.7635977e-01
   1.6736000e+04   8.9995969e-01   7.1327581e-02   2.8712730e-02
   1.6082000e+04   9.4143581e-03   9.6490228e-02   8.9409541e-01
   3.6000000e+01   2.7976094e-03   9.9714255e-01   5.9840117e-05
   2.1200000e+02   3.3314599e-01   6.5358363e-01   1.3270387e-02
   3.5000000e+01   1.5781567e-01   7.3658663e-01   1.0559770e-01
   1.6932000e+04   2.6741062e-03   9.9120298e-01   6.1229182e-03
   1.6788000e+04   1.9290266e-01   4.0086309e-02   7.6701103e-01
   1.5905000e+04   2.1154478e-01   6.6583002e-01   1.2262520e-01
   1.6788000e+04   9.7603444e-01   5.1857986e-03   1.8779757e-02
   1.6229000e+04   3.3641018e-03   1.4315149e-01   8.5348441e-01
   1.3600000e+02   4.8314895e-02   8.9493187e-01   5.6753232e-02
   1.6240000e+04   2.8118256e-01   1.3332036e-01   5.8549708e-01
   1.6458000e+04   2.1816850e-03   9.9495546e-01   2.8628592e-03
   1.0500000e+02   5.6945987e-01   3.2760290e-01   1.0293723e-01
   1.6261000e+04   4.2691178e-02   8.4655266e-01   1.1075616e-01
   1.6448000e+04   4.5587917e-01   4.4823929e-02   4.9929690e-01
   1.6479000e+04   7.5818204e-03   9.9166494e-01   7.5323515e-04
   1.6480000e+04   5.2617259e-03   9.7968640e-01   1.5051870e-02
   1.6449000e+04   6.1512554e-02   3.2869316e-01   6.0979428e-01
   1.6486000e+04   4.4295956e-02   9.0023833e-01   5.5465710e-02
   1.9700000e+02   1.3191870e-02   9.7185383e-01   1.4954297e-02
   1.9300000e+02   1.2872134e-02   2.5039230e-03   9.8462394e-01
   1.6939000e+04   7.6369997e-02   8.9929912e-01   2.4330885e-02
   1.6491000e+04   5.4952746e-02   8.5453141e-01   9.0515844e-02
   1.5821000e+04   3.8728504e-02   4.3564488e-02   9.1770701e-01
   1.5822000e+04   2.0038037e-03   9.9463479e-01   3.3614045e-03
   2.6600000e+02   2.9453532e-01   6.8492875e-01   2.0535936e-02
   2.7700000e+02   9.2978462e-02   4.3717274e-02   8.6330426e-01
   1.6942000e+04   9.3981045e-01   4.1234198e-02   1.8955352e-02
   1.5799000e+04   1.6380816e-01   1.7312554e-01   6.6306630e-01
   1.5797000e+04   5.5881573e-02   7.8839962e-01   1.5571880e-01
   1.5801000e+04   9.3849119e-03   5.8668465e-01   4.0393043e-01
   1.6498000e+04   4.2010165e-01   1.8638187e-01   3.9351647e-01
   1.6363000e+04   2.0713839e-01   4.8207805e-02   7.4465381e-01
   1.6364000e+04   3.8038230e-02   5.7970001e-01   3.8226176e-01
   1.6438000e+04   5.1479623e-01   3.1358870e-01   1.7161507e-01
   1.5820000e+04   5.3019315e-02   8.0058817e-02   8.6692187e-01
   1.6084000e+04   1.0256728e-01   8.8783373e-01   9.5989886e-03
   1.6078000e+04   3.8038398e-02   7.1797282e-01   2.4398879e-01
