   9.1600000e+02   2.3341190e-01   3.1194158e-03   7.6346868e-01
   9.1500000e+02   0.0000000e+00  -0.0000000e+00   1.0000000e+00
   1.0400000e+03   2.4164133e-03   2.0272990e-03   9.9555629e-01
   1.0620000e+03   9.6173887e-01   4.1985779e-21   3.8261127e-02
   1.0620000e+03   3.4066704e-03   3.2230367e-11   9.9659333e-01
   1.0760000e+03   9.6657157e-01   1.9417223e-02   1.4011202e-02
   1.0750000e+03   1.1288419e-01   7.5806487e-01   1.2905094e-01
   1.0880000e+03   1.9166814e-02   9.8029476e-01   5.3842834e-04
   2.8000000e+01   1.1102230e-16   1.2339324e-02   9.8766068e-01
   1.0770000e+03   5.8612844e-01   4.0029925e-01   1.3572314e-02
   2.8000000e+01   1.6664198e-02   9.2306776e-01   6.0268038e-02
   3.0000000e+01   4.1349728e-01   3.5546073e-03   5.8294811e-01
   1.0900000e+03   1.9309138e-01   9.9754028e-02   7.0715459e-01
   3.7800000e+02   7.4618560e-02   6.4246544e-02   8.6113490e-01
   1.2070000e+03   9.9911088e-01   8.8911707e-04   0.0000000e+00
   1.2080000e+03   9.8555805e-01   5.0185410e-03   9.4234125e-03
   1.2130000e+03   4.8534304e-03   1.4771165e-03   9.9366945e-01
   1.2150000e+03   3.4514471e-03   1.6195851e-03   9.9492897e-01
   1.2190000e+03   3.5054136e-03   2.0835035e-03   9.9441108e-01
   1.2220000e+03   3.8221329e-03   5.5278603e-03   9.9065001e-01
   1.2200000e+03   1.6055176e-03   2.8056256e-03   9.9558886e-01
   1.2260000e+03   2.6314091e-03   3.8293593e-03   9.9353923e-01
   1.2300000e+03   2.7364964e-03   3.1217790e-03   9.9414172e-01
   1.2280000e+03   3.9900297e-03   1.6169159e-03   9.9439305e-01
   1.2320000e+03   3.5016543e-03   1.0856099e-03   9.9541274e-01
   1.3860000e+03   5.5365293e-03   9.9175741e-01   2.7060608e-03
   1.3890000e+03   9.9668652e-01   2.1081065e-03   1.2053721e-03
   1.3900000e+03   9.9702197e-01   0.0000000e+00   2.9780305e-03
   1.3900000e+03   4.4235449e-17   9.9591733e-01   4.0826701e-03
   2.1300000e+02   9.8390541e-01   6.3416844e-15   1.6094589e-02
   2.1200000e+02   6.1747482e-15   9.9373336e-01   6.2666379e-03
   4.7800000e+02   6.6292412e-03   9.8509495e-01   8.2758040e-03
   3.7100000e+02   8.2069070e-03   8.9731586e-03   9.8281993e-01
   4.8000000e+01   0.0000000e+00   1.0000000e+00  -0.0000000e+00
   5.5000000e+01   1.5959456e-15   9.8300716e-01   1.6992839e-02
   5.7000000e+01   0.0000000e+00   0.0000000e+00   1.0000000e+00
   5.7000000e+01   0.0000000e+00   1.0000000e+00  -0.0000000e+00
   6.0000000e+01   0.0000000e+00   0.0000000e+00   1.0000000e+00
   5.9000000e+01   9.5518494e-03   1.7201900e-15   9.9044815e-01
   5.8000000e+01   2.8306716e-04   5.0623003e-03   9.9465463e-01
   6.3000000e+01   5.3216288e-03   9.9323915e-01   1.4392248e-03
   4.8400000e+02   9.8727395e-01   1.2726053e-02   4.2114661e-16
   5.8000000e+01   2.8485848e-02   5.2047711e-01   4.5103705e-01
   6.2000000e+01   1.8732514e-03   5.3632822e-01   4.6179853e-01
   1.3000000e+01   1.0000000e+00  -0.0000000e+00  -0.0000000e+00
   6.5000000e+01   6.6277067e-03   9.8991378e-01   3.4585094e-03
   6.8000000e+01   1.4158537e-03   0.0000000e+00   9.9858415e-01
   6.7000000e+01   3.3434770e-03   2.2967823e-15   9.9665652e-01
   6.7000000e+01   4.5255108e-03   9.8764193e-01   7.8325546e-03
   6.8000000e+01   0.0000000e+00   1.0000000e+00  -0.0000000e+00
   1.5000000e+01   7.2535278e-03   0.0000000e+00   9.9274647e-01
   1.0300000e+02   1.2061763e-02   3.7491371e-03   9.8418910e-01
   7.0000000e+01   4.4576638e-04   9.9955423e-01   3.3611803e-15
   4.9000000e+02   9.4864199e-03   9.0828003e-01   8.2233546e-02
   4.7200000e+02   5.3599574e-01   6.6009881e-02   3.9799438e-01
   4.7100000e+02   1.6805252e-02   7.2375496e-01   2.5943979e-01
   7.2000000e+01   1.7860411e-03   3.2393057e-02   9.6582090e-01
   7.4000000e+01   1.0148284e-02   3.4641772e-01   6.4343399e-01
   7.6000000e+01   0.0000000e+00  -0.0000000e+00   1.0000000e+00
   8.1000000e+01   0.0000000e+00   1.0000000e+00  -0.0000000e+00
   7.6000000e+01   0.0000000e+00   1.0000000e+00  -0.0000000e+00
   8.0000000e+01   0.0000000e+00   1.0000000e+00  -0.0000000e+00
   7.8000000e+01   0.0000000e+00   1.0000000e+00  -0.0000000e+00
   1.9000000e+01   0.0000000e+00   0.0000000e+00   1.0000000e+00
   1.6500000e+02   6.0413097e-01   3.6026630e-01   3.5602723e-02
   1.6500000e+02   2.0891471e-01   7.6895091e-01   2.2134378e-02
   2.0700000e+02   3.0877564e-02   7.8444069e-01   1.8468174e-01
   4.7700000e+02   3.2898802e-01   5.9517412e-01   7.5837858e-02
   1.8400000e+02   1.7175896e-02   8.6922395e-01   1.1360015e-01
   2.5200000e+02   9.9196486e-01   2.8998572e-03   5.1352837e-03
   2.5600000e+02   9.9172417e-01   3.0810759e-03   5.1947559e-03
   8.8000000e+01   9.3542135e-02   4.5616467e-02   8.6084140e-01
   9.0000000e+01   9.9220471e-01   2.9111031e-03   4.8841826e-03
   9.2000000e+01   9.9640653e-01   1.7544434e-15   3.5934716e-03
   9.7000000e+01   9.9493188e-01   3.3166774e-03   1.7514447e-03
   2.8200000e+02   5.5385104e-03   9.9124128e-01   3.2202050e-03
   1.0000000e+02   4.2746247e-04   2.8083293e-15   9.9957254e-01
   1.0700000e+02   1.1319068e-02   1.0541727e-03   9.8762676e-01
   1.4000000e+01   1.0919139e-02   9.5284248e-04   9.8812802e-01
   1.0900000e+02   2.8022429e-02   8.7776921e-02   8.8420065e-01
   1.9900000e+02   1.7279908e-02   6.3604014e-01   3.4667995e-01
   2.7500000e+02   6.9226404e-03   9.7825761e-03   9.8329478e-01
   1.2700000e+02   3.4726234e-02   4.0791817e-02   9.2448195e-01
   1.3300000e+02   5.7980492e-03   2.6890424e-02   9.6731153e-01
   1.2700000e+02   9.9545143e-01   4.3484633e-03   2.0010531e-04
   2.7600000e+02   9.7776589e-01   1.4865667e-02   7.3684390e-03
   2.7600000e+02   4.8275031e-03   9.9342003e-01   1.7524693e-03
   1.1200000e+02   9.7971579e-01   1.1269119e-03   1.9157294e-02
   4.2000000e+02   6.9417611e-03   9.7301412e-01   2.0044115e-02
   2.2500000e+02   3.2868555e-03   9.9117176e-01   5.5413853e-03
   4.1100000e+02   4.0288042e-03   9.9347298e-01   2.4982125e-03
   1.1600000e+02   3.6224017e-03   9.8884614e-01   7.5314592e-03
   1.2000000e+02   3.7432940e-03   9.8908228e-01   7.1744277e-03
   4.1400000e+02   3.9612266e-03   9.7836789e-01   1.7670879e-02
   1.1800000e+02   3.6025584e-03   9.8817540e-01   8.2220376e-03
   1.2200000e+02   4.6644005e-02   9.3812940e-01   1.5226591e-02
   2.0000000e+02   3.0348770e-02   6.0413332e-02   9.0923790e-01
   1.3000000e+02   1.7561290e-01   7.2807017e-03   8.1710640e-01
   1.3000000e+02   1.2737091e-03   9.6972892e-01   2.8997376e-02
   1.4200000e+02   6.7631868e-01   1.0478070e-02   3.1320325e-01
   2.5800000e+02   5.7753049e-03   9.5403263e-01   4.0192067e-02
   1.3500000e+02   1.1102230e-16   1.9066515e-01   8.0933485e-01
   1.4000000e+02   4.4746615e-03   5.0062466e-03   9.9051909e-01
   2.5800000e+02   8.7417097e-03   2.4506319e-03   9.8880766e-01
   1.3500000e+02   9.9122304e-01   5.4725729e-03   3.3043877e-03
   1.3700000e+02   6.3976759e-03   1.2925596e-02   9.8067673e-01
   1.3700000e+02   9.6004277e-01   1.4775046e-02   2.5182181e-02
   1.4200000e+02   2.5914988e-03   5.2108499e-03   9.9219765e-01
   1.9000000e+02   9.8267395e-01   1.3154071e-02   4.1719774e-03
   1.4600000e+02   4.2883516e-03   9.8495025e-01   1.0761398e-02
   1.5000000e+02   4.2446266e-03   9.8782961e-01   7.9257640e-03
   4.3000000e+02   1.1613969e-02   7.3043935e-03   9.8108164e-01
   4.2600000e+02   6.0120831e-03   9.7724589e-01   1.6742028e-02
   4.2800000e+02   5.9938024e-03   9.8010292e-01   1.3903275e-02
   1.5100000e+02   0.0000000e+00   1.1417507e-17   1.0000000e+00
   4.3800000e+02   1.0361296e-01   2.4288994e-01   6.5349710e-01
   4.4900000e+02   2.8781061e-01   3.9114116e-01   3.2104823e-01
   1.5200000e+02   7.7939751e-01   1.5515061e-01   6.5451881e-02
   4.5000000e+02   5.2473861e-01   1.4791160e-01   3.2734979e-01
   4.4400000e+02   1.7204607e-02   2.9237233e-01   6.9042306e-01
   3.1500000e+02   8.6355221e-03   3.2113039e-03   9.8815317e-01
   1.0000000e+00   0.0000000e+00  -0.0000000e+00   1.0000000e+00
   1.5500000e+02   0.0000000e+00   1.0000000e+00  -0.0000000e+00
   1.5900000e+02   1.0220434e-02   9.7736162e-01   1.2417949e-02
   1.5700000e+02   0.0000000e+00   1.0000000e+00  -0.0000000e+00
   1.6100000e+02   1.4453916e-02   9.7093055e-01   1.4615531e-02
   1.6300000e+02   5.2188189e-01   4.6240810e-01   1.5710009e-02
   1.6300000e+02   3.4359080e-03   9.8398913e-01   1.2574957e-02
   1.6700000e+02   0.0000000e+00   1.0000000e+00  -0.0000000e+00
   1.7100000e+02   2.9749103e-02   5.3364244e-03   9.6491447e-01
   1.7500000e+02   1.8479239e-02   3.6470661e-03   9.7787370e-01
   3.6300000e+02   9.9285929e-01   7.1407101e-03   0.0000000e+00
   1.7300000e+02   1.7123813e-02   4.7897477e-03   9.7808644e-01
   1.7700000e+02   1.5319145e-02   5.5339551e-03   9.7914690e-01
   3.6600000e+02   9.9192062e-01   1.5872425e-15   8.0793774e-03
   1.8200000e+02   2.8865799e-15   5.1548995e-03   9.9484510e-01
   1.7800000e+02   0.0000000e+00   1.0000000e+00  -0.0000000e+00
   1.8300000e+02   7.5889988e-01   2.3679811e-01   4.3020082e-03
   1.8500000e+02   8.6659933e-03   7.3662323e-05   9.9126034e-01
   3.9800000e+02   9.4925527e-01   2.1380683e-02   2.9364044e-02
   1.8500000e+02   6.9295170e-03   9.4571003e-01   4.7360454e-02
   4.0100000e+02   9.1283564e-01   7.4557603e-02   1.2606759e-02
   1.9400000e+02   8.2342380e-03   8.1887009e-02   9.0987875e-01
   1.9400000e+02   9.9513533e-01   1.1534062e-03   3.7112602e-03
   1.9600000e+02   4.6879695e-03   6.2339602e-01   3.7191601e-01
   1.0000000e+00   3.5257217e-01   2.9775899e-01   3.4966885e-01
   2.0200000e+02   4.9931628e-03   1.4410891e-05   9.9499243e-01
   2.0600000e+02   9.9650197e-01   3.4980282e-03   1.3119865e-15
   2.1000000e+02   9.8915261e-01   6.0963815e-15   1.0847395e-02
   2.1400000e+02   9.9262186e-01   3.9218228e-15   7.3781436e-03
   2.1400000e+02   0.0000000e+00   1.0000000e+00  -0.0000000e+00
   4.1300000e+02   2.1337828e-01   7.3635887e-01   5.0262849e-02
   2.7900000e+02   7.4479065e-02   4.7466712e-01   4.5085381e-01
   8.0000000e+00   1.8515334e-02   8.7289984e-01   1.0858483e-01
   2.2200000e+02   3.7398850e-03   9.8989576e-01   6.3643589e-03
   2.2600000e+02   2.6937113e-03   4.4083032e-03   9.9289799e-01
   2.5000000e+02   9.9086253e-01   3.2679994e-03   5.8694717e-03
   2.2800000e+02   2.6896282e-03   6.0700168e-03   9.9124035e-01
   2.3900000e+02   4.5949343e-03   1.0014931e-02   9.8539014e-01
   2.4000000e+02   2.2665409e-03   8.8578381e-03   9.8887562e-01
   2.4100000e+02   2.7959094e-03   2.0190154e-03   9.9518508e-01
   2.4300000e+02   2.7797147e-03   3.0515264e-03   9.9416876e-01
   2.5400000e+02   9.9146781e-01   3.6119196e-03   4.9202732e-03
   2.5900000e+02   1.7962092e-03   3.3437997e-03   9.9485999e-01
   2.7300000e+02   1.8838217e-02   7.6216791e-01   2.1899388e-01
   2.6500000e+02   5.0760744e-03   9.9413660e-01   7.8732601e-04
   2.7800000e+02   7.0769764e-03   1.6989062e-02   9.7593396e-01
   3.4600000e+02   3.4978242e-02   7.7567332e-01   1.8934844e-01
   1.0000000e+01   9.9752091e-01   3.8975921e-04   2.0893302e-03
   2.8000000e+02   3.7647454e-03   9.9450205e-01   1.7332013e-03
   4.9800000e+02   2.8535575e-01   1.3413346e-01   5.8051079e-01
   2.9100000e+02   7.2265336e-03   1.9807279e-01   7.9470068e-01
   2.9100000e+02   3.7922697e-03   9.9450925e-01   1.6984792e-03
   2.8900000e+02   8.0314628e-03   2.7344527e-03   9.8923408e-01
   2.9300000e+02   2.4679458e-03   9.9619084e-01   1.3412140e-03
   4.7000000e+02   2.6172192e-01   4.1150996e-02   6.9712708e-01
   2.8900000e+02   1.4112597e-02   8.3148654e-01   1.5440086e-01
   2.9200000e+02   9.1542920e-03   8.8817429e-01   1.0267142e-01
   7.2300000e+02   6.6613381e-16   7.0828154e-03   9.9291718e-01
   2.9600000e+02   1.1102230e-16   2.0724000e-03   9.9792760e-01
   2.9800000e+02   0.0000000e+00   1.0000000e+00  -0.0000000e+00
   2.9600000e+02   1.0000000e+00  -0.0000000e+00  -0.0000000e+00
   2.9600000e+02   0.0000000e+00   1.0000000e+00   0.0000000e+00
   3.0200000e+02   0.0000000e+00   1.0000000e+00  -0.0000000e+00
   3.0400000e+02   1.0794625e-02   9.8286778e-01   6.3375989e-03
   3.1700000e+02   4.3293018e-03   2.5807433e-03   9.9308995e-01
   6.8900000e+02   1.0907074e-16   9.9974438e-01   2.5562488e-04
   3.1800000e+02   0.0000000e+00   1.0000000e+00  -0.0000000e+00
   3.2600000e+02   0.0000000e+00   1.0000000e+00   0.0000000e+00
   3.2800000e+02   0.0000000e+00   1.0000000e+00   0.0000000e+00
   3.3500000e+02   3.1859900e-03   9.8491220e-04   9.9582910e-01
   3.3900000e+02   2.5089774e-03   9.7436804e-04   9.9651665e-01
   3.3700000e+02   2.7918981e-03   1.2782103e-03   9.9592989e-01
   3.4100000e+02   2.5797477e-03   1.5040623e-03   9.9591619e-01
   4.5800000e+02   2.7757020e-03   9.1196661e-04   9.9631233e-01
   4.6200000e+02   2.5792754e-03   1.5962532e-03   9.9582447e-01
   3.5300000e+02   1.9319156e-02   8.5868801e-01   1.2199283e-01
   3.5400000e+02   3.6440135e-01   4.7735699e-01   1.5824166e-01
   3.9800000e+02   4.9402446e-03   4.0981558e-03   9.9096160e-01
   7.5100000e+02   2.0087757e-02   2.8814695e-01   6.9176530e-01
   3.5200000e+02   4.7727048e-02   2.4659400e-01   7.0567895e-01
   3.5300000e+02   9.8872807e-01   1.0827390e-02   4.4454431e-04
   1.4830000e+03   3.4711303e-02   9.2953165e-01   3.5757045e-02
   3.5800000e+02   0.0000000e+00   1.5289876e-02   9.8471012e-01
   3.6000000e+02   9.9160668e-01   0.0000000e+00   8.3933182e-03
   3.6500000e+02   9.9120520e-01   8.7948049e-03   0.0000000e+00
   5.1000000e+01   4.6172932e-01   4.3093672e-04   5.3783975e-01
   3.7100000e+02   8.8264872e-03   9.8345747e-01   7.7160453e-03
   3.7300000e+02   2.0758326e-01   3.8177439e-01   4.1064235e-01
   3.7600000e+02   2.8212180e-01   6.3480942e-01   8.3068776e-02
   3.7700000e+02   8.6225896e-01   6.2767500e-02   7.4973538e-02
   3.8300000e+02   3.7830511e-01   2.6748804e-01   3.5420685e-01
   3.8900000e+02   2.3987365e-01   1.0606712e-01   6.5405923e-01
   3.8800000e+02   7.4536591e-01   2.3932416e-01   1.5309927e-02
   3.8800000e+02   1.1464494e-01   8.2494282e-01   6.0412242e-02
   3.9200000e+02   9.9251303e-01   0.0000000e+00   7.4869723e-03
   7.0000000e+00   6.8742163e-03   9.7876258e-01   1.4363200e-02
   3.9400000e+02   7.6496439e-03   4.8330541e-01   5.0904495e-01
   7.5100000e+02   9.9422108e-01   4.6461539e-03   1.1327703e-03
   4.0700000e+02   9.9301590e-01   6.9840968e-03   3.1174943e-15
   4.0800000e+02   9.8808954e-01   5.8367908e-03   6.0736670e-03
   4.1900000e+02   7.8742354e-03   9.8066406e-01   1.1461709e-02
   4.2400000e+02   7.4902630e-03   9.7592328e-01   1.6586461e-02
   4.1700000e+02   6.5411092e-03   9.8038391e-01   1.3074980e-02
   4.3400000e+02   1.1475587e-02   1.5839927e-02   9.7268449e-01
   4.2300000e+02   7.1467855e-03   9.8122414e-01   1.1629074e-02
   4.3600000e+02   7.4429630e-01   1.9181448e-01   6.3889223e-02
   4.3500000e+02   4.9179360e-01   4.0291117e-01   1.0529523e-01
   4.4200000e+02   2.8638321e-02   1.4186184e-01   8.2949984e-01
   4.4000000e+02   0.0000000e+00   1.0000000e+00  -0.0000000e+00
   4.4800000e+02   6.4688207e-01   2.9012424e-01   6.2993682e-02
   4.4700000e+02   3.1708099e-01   6.3562957e-01   4.7289437e-02
   5.0400000e+02   2.3712051e-03   9.9499377e-01   2.6350276e-03
   4.5400000e+02   5.1016301e-03   1.4458091e-03   9.9345256e-01
   4.5400000e+02   1.7347235e-17   9.8942646e-01   1.0573542e-02
   5.0100000e+02   4.1524593e-02   9.5289041e-01   5.5849999e-03
   4.5600000e+02   4.3656224e-03   9.9353926e-01   2.0951218e-03
   4.6000000e+02   3.1332550e-03   7.1053474e-04   9.9615621e-01
   4.6400000e+02   1.5697771e-03   3.3627361e-03   9.9506749e-01
   4.6400000e+02   2.3344913e-03   9.9713348e-01   5.3203273e-04
   4.5900000e+02   9.9373727e-01   5.5054851e-03   7.5724887e-04
   5.1000000e+02   5.3769366e-04   8.0091980e-03   9.9145311e-01
   4.6300000e+02   1.7654570e-03   9.9647979e-01   1.7547522e-03
   4.6500000e+02   6.3087388e-03   9.8858230e-01   5.1089607e-03
   4.7400000e+02   1.6863478e-02   9.0147390e-01   8.1662621e-02
   4.7300000e+02   0.0000000e+00   1.0000000e+00  -0.0000000e+00
   4.8300000e+02   9.3272433e-01   8.7410511e-03   5.8534617e-02
   4.8600000e+02   2.5859841e-01   9.8704337e-03   7.3153115e-01
   6.4900000e+02   1.6991974e-03   1.6473871e-02   9.8182693e-01
   4.8800000e+02   1.0000000e+00  -0.0000000e+00  -0.0000000e+00
   4.8800000e+02   2.9321100e-02   9.6522021e-01   5.4586898e-03
   4.9900000e+02   3.6758289e-01   1.2541987e-03   6.3116291e-01
   5.0300000e+02   9.9043203e-01   9.5679660e-03   0.0000000e+00
   5.0600000e+02   2.8482553e-03   9.9586116e-01   1.2905831e-03
   5.0700000e+02   5.1093760e-03   1.8365644e-03   9.9305406e-01
   5.1700000e+02   2.3866357e-03   1.6445266e-04   9.9744891e-01
   5.1800000e+02   7.4639860e-04   3.6201574e-03   9.9563344e-01
   5.2500000e+02   3.7572128e-03   7.2407991e-05   9.9617038e-01
   5.2600000e+02   4.1312196e-03   9.9596782e-04   9.9487281e-01
   5.2800000e+02   2.8585786e-03   4.2073750e-04   9.9672068e-01
   5.3800000e+02   2.1154953e-15   9.9680451e-01   3.1954921e-03
   5.3400000e+02   1.0000000e+00  -0.0000000e+00  -0.0000000e+00
   5.3400000e+02   3.9453015e-03   9.9372565e-01   2.3290533e-03
   5.4300000e+02   1.9816141e-03   9.9496045e-01   3.0579392e-03
   5.5500000e+02   3.0049261e-03   1.4583098e-02   9.8241198e-01
   5.5100000e+02   1.7747340e-03   5.2771201e-02   9.4545406e-01
   5.5700000e+02   0.0000000e+00   1.5734917e-03   9.9842651e-01
   5.5700000e+02   1.6215869e-03   9.9639986e-01   1.9785506e-03
   6.5600000e+02   2.7755576e-15   1.1633508e-02   9.8836649e-01
   6.5700000e+02   6.7333276e-03   0.0000000e+00   9.9326667e-01
   1.2000000e+01   5.5511151e-16   3.5694987e-03   9.9643050e-01
   5.6700000e+02   2.1265050e-03   3.1297903e-15   9.9787350e-01
   6.0500000e+02   1.6353229e-03   0.0000000e+00   9.9836468e-01
   5.7000000e+02   2.3980591e-03   1.3229228e-03   9.9627902e-01
   5.7400000e+02   2.6757135e-03   2.4791150e-15   9.9732429e-01
   5.8000000e+02   2.9956167e-03   9.9311795e-01   3.8864358e-03
   5.8200000e+02   1.8611308e-03   9.9406749e-01   4.0713774e-03
   6.1100000e+02   1.0000000e+00   0.0000000e+00  -0.0000000e+00
   5.7500000e+02   0.0000000e+00  -0.0000000e+00   1.0000000e+00
   5.7500000e+02   1.0000000e+00  -0.0000000e+00  -0.0000000e+00
   5.7800000e+02   5.7330213e-04   9.8397473e-01   1.5451971e-02
   6.4600000e+02   9.7946017e-01   2.0539829e-02   2.2556786e-15
   5.9100000e+02   2.1036377e-03   9.8251525e-01   1.5381117e-02
   6.3000000e+02   9.9516647e-01   1.2458850e-03   3.5876462e-03
   5.8300000e+02   3.1671619e-03   1.7655643e-03   9.9506727e-01
   5.8700000e+02   2.1251091e-03   2.9991975e-03   9.9487569e-01
   6.2800000e+02   9.9484421e-01   3.1063249e-03   2.0494614e-03
   5.8600000e+02   4.7511033e-03   9.9524890e-01   5.2828595e-16
   5.9000000e+02   4.6323246e-03   9.9536768e-01   0.0000000e+00
   6.1000000e+02   3.8328856e-03   9.8019157e-05   9.9606910e-01
   6.1000000e+02   4.6832292e-03   9.9310496e-01   2.2118109e-03
   6.1400000e+02   5.7886514e-03   9.9360839e-01   6.0295887e-04
   6.4700000e+02   1.7763568e-15   1.6401786e-02   9.8359821e-01
   6.3600000e+02   9.9442832e-01   0.0000000e+00   5.5716837e-03
   5.9300000e+02   5.1318256e-03   9.9260991e-01   2.2582642e-03
   6.0100000e+02   1.7763568e-15   1.7800518e-03   9.9821995e-01
   6.0800000e+02   3.3444744e-03   1.0394816e-03   9.9561604e-01
   6.1600000e+02   4.0125702e-03   9.9323440e-01   2.7530315e-03
   6.1200000e+02   7.4339092e-03   2.5111840e-02   9.6745425e-01
   6.1200000e+02   2.4341084e-03   9.8920722e-01   8.3586732e-03
   6.5000000e+02   9.8473060e-01   1.5269403e-02   2.2671203e-15
   6.2100000e+02   9.8860080e-01   6.4833610e-03   4.9158432e-03
   6.2600000e+02   9.9549790e-01   4.5020997e-03   0.0000000e+00
   6.3200000e+02   9.9655324e-01   1.7085752e-03   1.7381846e-03
   6.3400000e+02   9.9606841e-01   5.3055769e-04   3.4010337e-03
   6.4000000e+02   9.9472474e-01   2.9150071e-15   5.2752634e-03
   6.4200000e+02   9.9333539e-01   3.5263266e-15   6.6646094e-03
   6.5100000e+02   0.0000000e+00   1.7209938e-02   9.8279006e-01
   6.5200000e+02   0.0000000e+00   1.0000000e+00  -0.0000000e+00
   6.6000000e+02   9.9371774e-01   1.9826693e-03   4.2995949e-03
   6.6400000e+02   9.9446264e-01   1.5503594e-03   3.9870005e-03
   6.7800000e+02   1.2083514e-03   3.3468289e-02   9.6532336e-01
   6.8800000e+02   9.9633965e-01   3.6603480e-03   5.0515098e-15
   6.8500000e+02   9.9860736e-01   0.0000000e+00   1.3926448e-03
   2.0000000e+01   5.6312632e-03   9.9436874e-01   0.0000000e+00
   6.9100000e+02   1.4935969e-15   9.8961901e-01   1.0380987e-02
   6.9900000e+02   0.0000000e+00   1.0000000e+00  -0.0000000e+00
   2.2000000e+01   1.0000000e+00  -0.0000000e+00   0.0000000e+00
   2.1000000e+01   1.0000000e+00  -0.0000000e+00  -0.0000000e+00
   2.1000000e+01   0.0000000e+00  -0.0000000e+00   1.0000000e+00
   2.1000000e+01   1.1102230e-16   1.0000000e+00   0.0000000e+00
   7.0600000e+02   1.1589497e-02   6.0976037e-03   9.8231290e-01
   7.0800000e+02   1.1004638e-02   5.2941413e-03   9.8370122e-01
   7.0500000e+02   0.0000000e+00   1.0000000e+00   0.0000000e+00
   7.0900000e+02   0.0000000e+00   1.0000000e+00  -0.0000000e+00
   7.1300000e+02   0.0000000e+00   1.0000000e+00  -0.0000000e+00
   7.1100000e+02   0.0000000e+00   1.0000000e+00  -0.0000000e+00
   7.1700000e+02   1.1102230e-16   1.0000000e+00   0.0000000e+00
   7.3200000e+02   6.0207717e-03   9.6431361e-03   9.8433609e-01
   7.3300000e+02   1.2277290e-02   9.7173786e-01   1.5984852e-02
   7.4600000e+02   3.3172198e-01   2.4027463e-01   4.2800338e-01
   7.4300000e+02   8.1734721e-01   1.1188377e-02   1.7146442e-01
   7.4700000e+02   6.9430382e-01   3.0152638e-01   4.1698046e-03
   7.5200000e+02   9.8578288e-02   1.6008592e-02   8.8541312e-01
   1.8510000e+03   2.3522307e-02   6.6535716e-01   3.1112053e-01
   1.8840000e+03   5.9891328e-16   9.9645844e-01   3.5415553e-03
   1.8830000e+03   3.4641106e-03   9.9653589e-01   2.2040762e-15
   1.4680000e+03   6.2220092e-03   9.9377799e-01   0.0000000e+00
   1.9680000e+03   5.5290412e-01   3.8407534e-01   6.3020537e-02
   1.8030000e+03   2.4811465e-02   1.4680740e-01   8.2838113e-01
   2.0250000e+03   3.9883071e-03   3.9356976e-16   9.9601169e-01
   1.7950000e+03   5.1856725e-01   4.7238593e-01   9.0468177e-03
   2.6980000e+03   1.6762416e-01   8.1813736e-01   1.4238473e-02
   2.1980000e+03   9.8109562e-01   2.6349790e-03   1.6269404e-02
   1.6670000e+03   4.4811189e-02   8.7326232e-01   8.1926494e-02
   1.5770000e+03   1.3869416e-04   2.7425945e-03   9.9711871e-01
   1.4710000e+03   9.9601123e-01   1.6684175e-03   2.3203479e-03
   1.4700000e+03   2.6099105e-04   9.9519220e-01   4.5468086e-03
   1.4730000e+03   9.9416605e-01   1.9701031e-03   3.8638482e-03
   1.5720000e+03   7.9522798e-04   4.6153975e-03   9.9458937e-01
   1.5570000e+03   9.9270988e-01   1.6509752e-03   5.6391404e-03
   1.5600000e+03   9.9323695e-01   7.5016690e-04   6.0128839e-03
   1.5810000e+03   3.2454221e-02   3.5083085e-01   6.1671493e-01
   1.4770000e+03   9.9519279e-01   1.2341997e-03   3.5730127e-03
   7.7000000e+01   0.0000000e+00  -0.0000000e+00   1.0000000e+00
   7.6000000e+01   1.0000000e+00  -0.0000000e+00   0.0000000e+00
   7.8000000e+01   9.9685145e-01   2.5377269e-03   6.1082081e-04
   1.5600000e+02   0.0000000e+00  -0.0000000e+00   1.0000000e+00
   1.5260000e+03   1.0493874e-02   5.7257103e-03   9.8378042e-01
   1.5220000e+03   0.0000000e+00   2.7244793e-03   9.9727552e-01
   1.5380000e+03   5.9058209e-01   3.0751647e-01   1.0190144e-01
   1.4780000e+03   4.6098000e-03   9.9538324e-01   6.9602865e-06
   1.5530000e+03   1.9411512e-01   5.3912134e-01   2.6676354e-01
   1.5500000e+02   1.0000000e+00  -0.0000000e+00   0.0000000e+00
   1.5700000e+02   1.0000000e+00  -0.0000000e+00   0.0000000e+00
   1.4800000e+03   2.5670327e-01   2.6730101e-02   7.1656662e-01
   1.4820000e+03   3.0299761e-03   1.5100694e-02   9.8186933e-01
   1.4810000e+03   9.8394862e-01   9.8711356e-03   6.1802401e-03
   1.5890000e+03   6.3386991e-03   2.5087279e-03   9.9115257e-01
   1.4890000e+03   1.9148693e-02   5.7606361e-01   4.0478770e-01
   1.7840000e+03   2.7354681e-01   3.6882925e-01   3.5762394e-01
   1.4860000e+03   8.1799600e-02   2.7624070e-01   6.4195970e-01
   1.6020000e+03   4.6907656e-04   9.9184750e-01   7.6834227e-03
   1.4860000e+03   5.6811719e-01   3.1572828e-02   4.0030998e-01
   1.4900000e+03   1.1102230e-16   1.0000000e+00  -0.0000000e+00
   2.6100000e+02   2.6104166e-03   3.6617821e-03   9.9372780e-01
   1.4920000e+03   2.6050813e-03   1.9468524e-03   9.9544807e-01
   1.4970000e+03   2.0216660e-03   9.9797833e-01   0.0000000e+00
   2.6300000e+02   2.4829913e-03   2.7066467e-03   9.9481036e-01
   1.4940000e+03   2.0360286e-03   3.1820291e-03   9.9478194e-01
   1.4980000e+03   9.1013667e-04   3.7615602e-03   9.9532830e-01
   1.5690000e+03   1.8751922e-03   3.7603186e-03   9.9436449e-01
   1.5050000e+03   1.3705006e-01   2.5495786e-02   8.3745416e-01
   1.5040000e+03   0.0000000e+00   5.8460196e-03   9.9415398e-01
   1.5000000e+03   1.0000000e+00   0.0000000e+00  -0.0000000e+00
   1.5000000e+03   1.1102230e-16   1.0000000e+00  -0.0000000e+00
   1.5070000e+03   1.0954779e-15   9.9290742e-01   7.0925816e-03
   3.3000000e+02   0.0000000e+00   1.0000000e+00  -0.0000000e+00
   3.3200000e+02   1.0318907e-02   9.7924793e-01   1.0433165e-02
   1.5080000e+03   1.0000000e+00  -0.0000000e+00   0.0000000e+00
   1.5140000e+03   9.3370588e-02   3.1068744e-02   8.7556067e-01
   1.5160000e+03   9.9335328e-01   5.5642923e-03   1.0824321e-03
   1.5200000e+03   5.0347051e-01   2.6253896e-02   4.7027560e-01
   1.7670000e+03   4.7577339e-02   9.5082395e-01   1.5987117e-03
   1.5210000e+03   9.9873163e-01   0.0000000e+00   1.2683684e-03
   1.5280000e+03   9.4606369e-03   6.7571642e-03   9.8378220e-01
   1.5240000e+03   9.9775773e-01   2.2422662e-03   6.5410421e-16
   1.5230000e+03   0.0000000e+00   1.0000000e+00  -0.0000000e+00
   1.5490000e+03   9.8032356e-01   2.6678967e-03   1.7008542e-02
   1.5510000e+03   9.9273657e-01   5.6383389e-03   1.6250945e-03
   1.5290000e+03   9.9628517e-01   1.2157769e-03   2.4990553e-03
   1.5840000e+03   2.1141613e-02   4.3491703e-02   9.3536668e-01
   1.5340000e+03   9.9043905e-01   8.1620838e-03   1.3988696e-03
   1.5650000e+03   2.6666511e-01   7.2697549e-01   6.3594010e-03
   1.5370000e+03   3.7336413e-04   4.3169089e-03   9.9530973e-01
   2.3000000e+02   3.2202589e-03   0.0000000e+00   9.9677974e-01
   2.4700000e+02   3.4057215e-03   3.5928820e-15   9.9659428e-01
   1.5410000e+03   9.9392896e-01   2.4990271e-03   3.5720079e-03
   1.5430000e+03   9.9410930e-01   2.8624517e-03   3.0282496e-03
   1.5450000e+03   9.9507564e-01   3.8153169e-03   1.1090425e-03
   1.5470000e+03   9.9088712e-01   4.8305016e-03   4.2823808e-03
   1.5460000e+03   9.9564041e-01   3.9954337e-03   3.6415819e-04
   1.8240000e+03   9.1770538e-01   5.7921335e-02   2.4373288e-02
   1.8370000e+03   4.8489723e-03   3.3722396e-03   9.9177879e-01
   1.5550000e+03   9.9275132e-01   1.4853077e-03   5.7633729e-03
   1.5580000e+03   9.9121948e-01   6.5028339e-04   8.1302399e-03
   1.5820000e+03   5.8328409e-02   2.4833236e-01   6.9333923e-01
   2.3200000e+02   2.9531777e-03   1.5166474e-03   9.9553017e-01
   1.5640000e+03   3.3934502e-03   9.9660655e-01   0.0000000e+00
   1.5690000e+03   7.7175888e-01   1.9367679e-01   3.4564331e-02
   2.6600000e+02   4.3454645e-03   5.0841613e-03   9.9057037e-01
   2.6800000e+02   5.4249517e-03   3.1582149e-03   9.9141683e-01
   3.4800000e+02   9.6020172e-01   2.4231590e-03   3.7375125e-02
   1.7330000e+03   2.2777364e-02   9.7087020e-01   6.3524322e-03
   1.5880000e+03   3.1915626e-03   5.6706563e-03   9.9113778e-01
   1.5920000e+03   4.1138631e-03   4.5494971e-03   9.9133664e-01
   1.5900000e+03   4.0067722e-03   3.5320706e-03   9.9246116e-01
   1.5940000e+03   5.1831068e-03   1.6680266e-03   9.9314887e-01
   1.5980000e+03   1.5128704e-01   2.7592376e-02   8.2112058e-01
   1.5940000e+03   3.1242005e-04   8.8526424e-01   1.1442334e-01
   1.6000000e+03   0.0000000e+00   1.0000000e+00  -0.0000000e+00
   1.4650000e+03   1.0000000e+00  -0.0000000e+00  -0.0000000e+00
   6.8600000e+02   2.2204460e-15   1.2898167e-03   9.9871018e-01
   7.0200000e+02   7.7919796e-03   4.2963466e-03   9.8791167e-01
   7.0400000e+02   7.9878605e-03   4.8549626e-03   9.8715718e-01
   7.0900000e+02   1.0000000e+00  -0.0000000e+00   0.0000000e+00
   7.1100000e+02   1.0000000e+00  -0.0000000e+00   0.0000000e+00
   1.6340000e+03   5.7464618e-03   9.9375363e-01   4.9990703e-04
   1.6300000e+03   5.4397103e-03   9.9372870e-01   8.3158998e-04
   1.6100000e+03   9.9416547e-01   0.0000000e+00   5.8345315e-03
   1.6140000e+03   9.9423378e-01   0.0000000e+00   5.7662160e-03
   1.6120000e+03   9.9511456e-01   3.7926774e-16   4.8854372e-03
   1.6170000e+03   9.9501606e-01   4.9839384e-03   9.5811340e-16
   1.6190000e+03   9.9722634e-01   2.7736645e-03   1.0225316e-15
   1.6180000e+03   0.0000000e+00   1.0000000e+00  -0.0000000e+00
   1.6280000e+03   4.6516019e-02   9.4025384e-01   1.3230144e-02
   1.6240000e+03   1.0000000e+00  -0.0000000e+00   0.0000000e+00
   1.7540000e+03   1.0545497e-02   9.6978109e-01   1.9673412e-02
   1.6320000e+03   3.7639524e-03   9.9207816e-01   4.1578878e-03
   1.6360000e+03   3.4809167e-03   9.9232487e-01   4.1942117e-03
   7.3700000e+02   7.3964012e-03   9.7810931e-01   1.4494285e-02
   1.6400000e+03   1.2180152e-02   9.8298952e-01   4.8303271e-03
   1.6440000e+03   8.7539029e-01   7.7923639e-02   4.6686070e-02
   1.7850000e+03   2.8463302e-02   6.5258374e-01   3.1895295e-01
   1.7960000e+03   7.1633707e-04   0.0000000e+00   9.9928366e-01
   1.7900000e+03   7.8818602e-02   9.1395581e-01   7.2255883e-03
   1.7960000e+03   3.5436977e-02   8.3921506e-01   1.2534797e-01
   1.7930000e+03   4.4404087e-02   1.2360370e-02   9.4323554e-01
   1.7750000e+03   9.3901655e-01   2.2839214e-02   3.8144234e-02
   1.7830000e+03   4.6310290e-01   2.4403013e-01   2.9286698e-01
   1.7730000e+03   8.4639919e-01   9.2049938e-02   6.1550873e-02
   1.7740000e+03   1.2570830e-03   1.2045959e-16   9.9874292e-01
   1.7670000e+03   9.1816446e-01   7.5504473e-02   6.3310671e-03
   1.7470000e+03   1.8747067e-01   7.6949783e-01   4.3031498e-02
   1.7660000e+03   2.2012473e-02   9.4540084e-03   9.6853352e-01
   1.7450000e+03   6.5542268e-01   3.0671249e-01   3.7864825e-02
   1.7410000e+03   9.9569635e-01   3.6100530e-03   6.9359270e-04
   1.7560000e+03   2.3890334e-03   2.0687275e-02   9.7692369e-01
   1.7400000e+03   1.2552161e-02   9.8262330e-01   4.8245380e-03
   1.7380000e+03   9.9617628e-01   1.5008552e-04   3.6736324e-03
   1.7340000e+03   8.0142479e-03   5.8154254e-04   9.9140421e-01
   1.7380000e+03   5.2295762e-02   9.1802280e-01   2.9681436e-02
   1.7330000e+03   9.8088648e-01   1.8171924e-02   9.4159608e-04
   1.7280000e+03   9.2251969e-02   5.8791398e-03   9.0186889e-01
   1.7310000e+03   6.7984529e-02   4.2802170e-01   5.0399377e-01
   1.7300000e+03   1.2798233e-02   8.4028395e-01   1.4691782e-01
   1.7210000e+03   9.9614507e-01   3.8165725e-03   3.8358948e-05
   1.7210000e+03   1.0003426e-01   9.3589843e-02   8.0637590e-01
   1.7230000e+03   1.7416593e-02   1.3152215e-02   9.6943119e-01
   1.7150000e+03   8.1794266e-01   1.5228049e-01   2.9776859e-02
   1.6960000e+03   7.7830723e-02   8.7587003e-01   4.6299250e-02
   1.7030000e+03   1.8734916e-01   7.5070422e-01   6.1946617e-02
   1.6990000e+03   9.9439359e-01   2.9818157e-03   2.6245947e-03
   1.6890000e+03   9.9376321e-01   2.3898579e-03   3.8469340e-03
   1.7020000e+03   3.9047403e-01   5.8498783e-01   2.4538137e-02
   1.6880000e+03   1.9650827e-02   9.6540042e-01   1.4948752e-02
   1.6870000e+03   9.9357725e-01   1.9128852e-03   4.5098695e-03
   1.6750000e+03   9.9368634e-01   3.7842358e-04   5.9352391e-03
   1.6900000e+03   9.4900203e-01   3.8012911e-02   1.2985061e-02
   1.6750000e+03   3.4522218e-01   6.2270588e-01   3.2071940e-02
   1.6800000e+03   7.0613111e-01   2.7344602e-03   2.9113443e-01
   1.6730000e+03   8.7447659e-03   7.1142088e-01   2.7983436e-01
   1.6630000e+03   9.9315158e-01   5.7364751e-04   6.2747702e-03
   1.6770000e+03   1.2029664e-02   3.7484651e-01   6.1312383e-01
   1.6760000e+03   1.9262746e-02   1.1716504e-01   8.6357221e-01
   1.6650000e+03   9.7194702e-01   3.8315129e-06   2.8049151e-02
   1.6540000e+03   9.5223072e-01   5.9790867e-03   4.1790191e-02
   1.6680000e+03   9.9344504e-01   1.8923771e-03   4.6625801e-03
   1.6580000e+03   9.9236195e-01   1.9217791e-03   5.7162691e-03
   1.6520000e+03   9.5132929e-01   5.8932475e-03   4.2777462e-02
   2.5440000e+03   8.9126611e-01   5.8286556e-02   5.0447331e-02
   1.6560000e+03   3.1439505e-02   5.1008093e-02   9.1755240e-01
   1.6560000e+03   9.9148409e-01   3.2589760e-03   5.2569302e-03
   2.4670000e+03   7.0324563e-02   9.1532381e-01   1.4351628e-02
   2.4750000e+03   2.8093969e-01   7.1526701e-01   3.7933011e-03
   1.8080000e+03   1.3922344e-02   9.5834296e-01   2.7734692e-02
   1.8130000e+03   1.5979982e-02   8.4437944e-03   9.7557622e-01
   1.8110000e+03   1.3696327e-02   4.7934112e-03   9.8151026e-01
   2.4750000e+03   5.1042151e-02   3.1579394e-02   9.1737846e-01
   1.8010000e+03   2.0189236e-03   4.5860456e-02   9.5212062e-01
   1.8180000e+03   8.7063503e-01   6.8894026e-02   6.0470942e-02
   1.8220000e+03   3.3990812e-01   5.6430402e-01   9.5787866e-02
   1.8170000e+03   2.4224164e-02   7.3279241e-02   9.0249659e-01
   1.8200000e+03   7.4484354e-02   7.4370992e-01   1.8180572e-01
   1.8340000e+03   5.6757710e-03   1.0258984e-02   9.8406524e-01
   1.8360000e+03   1.6659190e-02   3.4804332e-02   9.4853648e-01
   1.8400000e+03   2.3790706e-02   1.8065361e-02   9.5814393e-01
   1.8320000e+03   1.4368155e-02   3.7480320e-03   9.8188381e-01
   1.8400000e+03   8.1558012e-01   5.0506696e-03   1.7936921e-01
   7.4100000e+02   3.6948402e-02   1.7948577e-02   9.4510302e-01
   2.5500000e+03   3.0951740e-04   2.6887878e-03   9.9700169e-01
   2.5550000e+03   1.9820350e-03   1.6111791e-03   9.9640679e-01
   2.5570000e+03   5.6202451e-03   1.6733196e-02   9.7764656e-01
   2.5600000e+03   3.3465029e-01   3.4507088e-03   6.6189900e-01
   2.5610000e+03   4.6720300e-01   2.5539107e-02   5.0725789e-01
   2.5600000e+03   8.4610071e-01   1.8888597e-02   1.3501070e-01
   2.4770000e+03   4.9358714e-01   2.7669909e-02   4.7874295e-01
   2.4810000e+03   8.4374723e-01   6.4429147e-04   1.5560848e-01
   2.4800000e+03   5.0022960e-01   4.0272608e-01   9.7044328e-02
   2.4800000e+03   2.5603585e-02   8.7712755e-01   9.7268866e-02
   2.3700000e+03   2.9162938e-01   3.8547128e-01   3.2289934e-01
   2.2350000e+03   3.2185049e-03   1.2787452e-02   9.8399404e-01
   2.3700000e+03   9.9781428e-01   7.8286254e-04   1.4028549e-03
   2.2400000e+03   1.1102230e-15   4.0587938e-03   9.9594121e-01
   2.4950000e+03   1.1102230e-16   7.5566653e-01   2.4433347e-01
   2.2390000e+03   1.9723697e-03   8.6008677e-01   1.3794086e-01
   2.2440000e+03   2.9506955e-02   2.5673647e-01   7.1375657e-01
   2.2430000e+03   3.4801635e-01   6.3748287e-01   1.4500772e-02
   2.2460000e+03   4.6869092e-02   3.6095555e-01   5.9217536e-01
   2.2460000e+03   1.6854619e-02   7.5266553e-01   2.3047985e-01
   2.4690000e+03   7.9518748e-01   1.8266688e-01   2.2145640e-02
   2.2470000e+03   5.2685219e-02   3.1181430e-01   6.3550048e-01
   2.2470000e+03   2.9418088e-02   6.7308624e-01   2.9749567e-01
   2.5380000e+03   2.9326681e-02   1.2845929e-01   8.4221403e-01
   2.4620000e+03   7.4322739e-01   2.3445907e-01   2.2313541e-02
   2.5380000e+03   1.1853550e-01   5.4345340e-01   3.3801109e-01
   3.4810000e+03   9.7802148e-01   5.2518099e-03   1.6726711e-02
   3.4070000e+03   6.4551121e-01   1.0995491e-01   2.4453387e-01
   2.2490000e+03   7.2424480e-02   5.8936725e-01   3.3820827e-01
   3.4010000e+03   9.0829940e-01   5.2094934e-02   3.9605670e-02
   2.2500000e+03   6.4721561e-04   9.3464172e-01   6.4711060e-02
   2.2530000e+03   1.6500401e-01   8.0162886e-01   3.3367133e-02
   2.2520000e+03   7.2466413e-01   4.3740407e-02   2.3159546e-01
   2.2520000e+03   1.3519732e-01   8.2779417e-01   3.7008511e-02
   2.2540000e+03   2.8878388e-01   6.7831359e-01   3.2902524e-02
   2.2560000e+03   3.2963667e-01   6.3976306e-01   3.0600262e-02
   2.2600000e+03   1.4066646e-02   4.6184742e-01   5.2408593e-01
   2.4430000e+03   1.9057631e-02   1.7548250e-01   8.0545987e-01
   2.2650000e+03   9.8459923e-01   2.3421867e-03   1.3058581e-02
   2.2620000e+03   2.6627539e-01   6.6916482e-01   6.4559792e-02
   2.2760000e+03   3.1198310e-02   1.4978436e-01   8.1901733e-01
   2.2660000e+03   1.5573961e-02   9.3457688e-01   4.9849160e-02
   2.4450000e+03   9.4379935e-01   2.4064424e-02   3.2136229e-02
   2.2680000e+03   3.7444305e-04   9.9246477e-01   7.1607879e-03
   2.2710000e+03   1.0820143e-01   7.8387029e-01   1.0792828e-01
   2.2790000e+03   6.5482640e-02   1.2585927e-01   8.0865809e-01
   2.2740000e+03   9.9130442e-01   2.5743790e-03   6.1211968e-03
   2.2750000e+03   2.6888898e-01   5.6189737e-01   1.6921365e-01
   2.2820000e+03   9.4865435e-03   9.5450745e-01   3.6006006e-02
   2.2780000e+03   3.9275807e-01   5.1809270e-01   8.9149229e-02
   2.2800000e+03   2.6480464e-01   6.9736397e-01   3.7831384e-02
   2.2840000e+03   8.9880360e-02   8.3219407e-01   7.7925568e-02
   2.2850000e+03   2.6789161e-01   6.7742373e-01   5.4684652e-02
   2.2890000e+03   1.6580305e-02   3.6301279e-01   6.2040691e-01
   2.2940000e+03   9.9406782e-01   2.1117872e-03   3.8203933e-03
   2.3060000e+03   8.1796352e-02   1.8102700e-01   7.3717665e-01
   2.2980000e+03   9.9388117e-01   2.1874871e-03   3.9313417e-03
   2.3760000e+03   9.9358260e-01   1.9853485e-03   4.4320482e-03
   2.3100000e+03   7.0013276e-02   5.3308382e-01   3.9690290e-01
   2.3860000e+03   2.6891286e-01   4.0707829e-01   3.2400885e-01
   2.3080000e+03   6.4841697e-02   1.3659247e-01   7.9856583e-01
   2.3170000e+03   2.0854800e-02   8.3506009e-02   8.9563919e-01
   2.3120000e+03   9.6937578e-03   5.2799251e-01   4.6231373e-01
   2.3880000e+03   1.5937850e-02   7.7745530e-02   9.0631662e-01
   2.3110000e+03   1.0684920e-01   8.4568111e-01   4.7469696e-02
   2.3160000e+03   2.7064430e-02   9.5362325e-01   1.9312317e-02
   2.3180000e+03   9.9384841e-01   3.1945236e-03   2.9570640e-03
   2.3180000e+03   9.3376127e-02   8.8363573e-01   2.2988148e-02
   2.3190000e+03   3.1524431e-01   6.7785784e-01   6.8978475e-03
   2.4000000e+03   2.3467566e-02   3.4984504e-01   6.2668740e-01
   2.3220000e+03   2.8413814e-01   6.3924678e-01   7.6615077e-02
   2.3270000e+03   9.9651799e-01   6.3243013e-04   2.8495823e-03
   2.3300000e+03   6.4996700e-03   6.5011492e-01   3.4338541e-01
   2.3290000e+03   9.9490893e-01   2.8470628e-03   2.2440076e-03
   2.3310000e+03   9.9237216e-01   4.9793981e-03   2.6484450e-03
   2.3350000e+03   2.0129105e-02   3.1971566e-01   6.6015523e-01
   2.4070000e+03   9.9234229e-01   3.6721430e-03   3.9855699e-03
   2.3340000e+03   9.9695300e-01   1.3253643e-16   3.0470012e-03
   2.4080000e+03   9.9267110e-01   6.2605237e-03   1.0683759e-03
   2.3400000e+03   9.9365545e-01   4.6485013e-03   1.6960503e-03
   2.3470000e+03   3.3306691e-16   4.8337110e-03   9.9516629e-01
   2.3600000e+03   1.1402139e-01   2.1569110e-02   8.6440950e-01
   2.3510000e+03   1.3322676e-15   4.1221603e-03   9.9587784e-01
   2.5230000e+03   4.0643791e-02   9.4343365e-01   1.5922558e-02
   2.3610000e+03   5.5801856e-01   3.7803191e-01   6.3949532e-02
   2.3590000e+03   6.9574405e-02   9.2515263e-01   5.2729640e-03
   2.3680000e+03   3.0156213e-02   9.4290559e-01   2.6938198e-02
   2.5070000e+03   3.5957198e-02   8.5360996e-02   8.7868181e-01
   2.3730000e+03   2.6163567e-02   4.7380349e-01   5.0003294e-01
   2.3700000e+03   2.5472855e-04   9.9252817e-01   7.2171054e-03
   2.3750000e+03   6.7752245e-03   4.7917053e-01   5.1405425e-01
   2.4970000e+03   2.8915147e-02   7.9707251e-01   1.7401234e-01
   2.4710000e+03   5.0263802e-01   4.8272990e-01   1.4632079e-02
   2.5420000e+03   9.0356848e-03   9.5243645e-01   3.8527867e-02
   2.4680000e+03   1.8362278e-03   6.4740260e-01   3.5076117e-01
