   2.6100000e+02   6.5002433e-01   3.4565552e-01   4.3201445e-03
   5.7800000e+02   5.7542676e-02   9.9270139e-03   9.3253031e-01
   5.7600000e+02   9.4887864e-01   0.0000000e+00   5.1121358e-02
   2.6000000e+02   1.1627712e-01   5.6289143e-02   8.2743374e-01
   5.9800000e+02   5.9192685e-02   4.5968471e-01   4.8112261e-01
   2.7900000e+02   1.2177082e-02   9.7430711e-01   1.3515811e-02
   3.0900000e+02   9.0012996e-01   7.3761289e-02   2.6108746e-02
   3.8600000e+02   2.1811237e-02   9.3596001e-01   4.2228749e-02
   3.0900000e+02   2.2873994e-03   3.8857195e-01   6.0914065e-01
   3.1200000e+02   9.6101302e-03   6.6336499e-01   3.2702488e-01
   4.8600000e+02   5.5584062e-02   9.3520707e-01   9.2088652e-03
   1.3000000e+03   1.3160321e-02   8.1761408e-01   1.6922560e-01
   3.2100000e+02   5.2902535e-02   7.6443386e-01   1.8266360e-01
   3.1400000e+02   5.5784162e-01   1.2007940e-01   3.2207897e-01
   3.1600000e+02   6.4906187e-01   3.3771964e-01   1.3218487e-02
   6.0800000e+02   3.2707342e-02   2.3692505e-01   7.3036760e-01
   3.1900000e+02   3.4869979e-02   2.2500978e-02   9.4262904e-01
   3.1900000e+02   7.8160613e-01   2.1032224e-01   8.0716374e-03
   3.2400000e+02   6.9666483e-02   2.2373560e-01   7.0659791e-01
   3.2300000e+02   9.8158931e-01   2.0952501e-03   1.6315442e-02
   3.3000000e+02   5.1727632e-03   9.9305268e-01   1.7745573e-03
   3.2800000e+02   4.0673857e-03   9.9396063e-01   1.9719821e-03
   3.3100000e+02   5.7452275e-01   1.1349641e-01   3.1198084e-01
   3.3200000e+02   9.9573208e-01   2.9664467e-03   1.3014716e-03
   1.3740000e+03   8.0099934e-02   8.8403470e-01   3.5865362e-02
   3.3900000e+02   9.5556644e-01   3.1760754e-02   1.2672805e-02
   1.1965000e+04   9.1101904e-01   2.8084660e-02   6.0896303e-02
   5.2100000e+02   2.3951353e-01   6.8906428e-01   7.1422193e-02
   1.1964000e+04   7.8598197e-01   5.4029939e-02   1.5998809e-01
   3.4300000e+02   1.3927204e-02   8.1077386e-01   1.7529894e-01
   3.4600000e+02   7.3342466e-04   2.3639648e-03   9.9690261e-01
   3.4600000e+02   9.1128647e-01   8.3098733e-02   5.6147944e-03
   3.4700000e+02   3.3877810e-03   2.3306092e-02   9.7330613e-01
   3.5300000e+02   8.1016333e-01   2.0746189e-02   1.6909048e-01
   3.5200000e+02   9.2419031e-01   3.4281284e-02   4.1528404e-02
   1.4620000e+03   7.6599639e-02   8.1912531e-01   1.0427506e-01
   4.2700000e+02   2.8234472e-02   9.1280568e-01   5.8959850e-02
   3.5800000e+02   7.5636179e-03   2.0980885e-03   9.9033829e-01
   1.3860000e+03   3.0155521e-02   1.2051927e-02   9.5779255e-01
   6.2800000e+02   5.0065885e-01   4.0929723e-01   9.0043921e-02
   5.1100000e+02   4.6235081e-02   4.0481895e-02   9.1328302e-01
   5.1300000e+02   1.0967314e-01   8.7989846e-01   1.0428401e-02
   5.1700000e+02   2.2899322e-02   9.6030228e-01   1.6798402e-02
   3.6900000e+02   4.0666254e-01   3.3671362e-01   2.5662384e-01
   3.6600000e+02   1.2179511e-01   5.5519159e-01   3.2301330e-01
   5.3300000e+02   3.2830495e-02   1.3017686e-01   8.3699265e-01
   3.7900000e+02   2.0576254e-01   4.3149095e-01   3.6274651e-01
   5.6700000e+02   1.1166884e-01   8.7935517e-01   8.9759875e-03
   3.6400000e+02   8.7315502e-02   1.2885344e-01   7.8383106e-01
   3.6300000e+02   6.4786492e-02   9.3147841e-01   3.7350946e-03
   4.6400000e+02   5.2833841e-01   2.9792663e-01   1.7373496e-01
   3.7200000e+02   3.8117861e-01   1.4917983e-02   6.0390341e-01
   3.7100000e+02   8.9673680e-01   4.9599517e-03   9.8303250e-02
   6.3000000e+02   9.2663453e-01   1.0436155e-02   6.2929314e-02
   3.7800000e+02   5.5630588e-01   2.3055664e-01   2.1313748e-01
   3.8100000e+02   7.3359303e-03   1.9943933e-01   7.9322474e-01
   4.3600000e+02   1.2243503e-02   7.9994810e-01   1.8780840e-01
   4.3800000e+02   6.1676163e-01   1.1071540e-01   2.7252297e-01
   4.3900000e+02   1.9854794e-03   9.7488591e-01   2.3128612e-02
   4.4000000e+02   1.0325484e-01   3.7805637e-02   8.5893952e-01
   4.4600000e+02   1.2360054e-01   7.9809075e-01   7.8308711e-02
   3.8900000e+02   7.8066888e-01   1.3963895e-03   2.1793473e-01
   3.9800000e+02   9.1901387e-01   4.4495799e-02   3.6490335e-02
   3.9100000e+02   0.0000000e+00  -0.0000000e+00   1.0000000e+00
   3.9000000e+02   0.0000000e+00   0.0000000e+00   1.0000000e+00
   3.9200000e+02   2.2204460e-16   3.3821415e-17   1.0000000e+00
   3.9200000e+02   1.4953946e-02   9.2507007e-01   5.9975985e-02
   3.9400000e+02   0.0000000e+00   1.5970370e-17   1.0000000e+00
   3.9400000e+02   2.8197327e-01   5.8487742e-01   1.3314931e-01
   4.0500000e+02   4.8714418e-02   4.6284242e-02   9.0500134e-01
   4.0200000e+02   9.0494709e-01   4.7083212e-02   4.7969698e-02
   4.2800000e+02   1.4009377e-02   8.9443525e-01   9.1555369e-02
   4.1500000e+02   3.8630499e-02   8.8600545e-01   7.5364047e-02
   4.1000000e+02   1.3036883e-01   6.6496698e-01   2.0466419e-01
   5.0400000e+02   6.5445101e-02   7.0781593e-01   2.2673897e-01
   4.2300000e+02   7.8840621e-02   8.9633110e-01   2.4828281e-02
   4.2100000e+02   5.0832842e-01   7.4813775e-02   4.1685780e-01
   4.3400000e+02   9.6163541e-01   1.5628127e-02   2.2736467e-02
   4.2900000e+02   1.2542747e-02   2.1177997e-02   9.6627926e-01
   4.3000000e+02   9.5496991e-01   3.7768072e-02   7.2620225e-03
   4.3100000e+02   9.9854639e-01   1.0697447e-03   3.8386906e-04
   5.1000000e+02   7.1122864e-03   4.1978161e-01   5.7310611e-01
   5.1800000e+02   6.5079291e-01   2.2998028e-02   3.2620906e-01
   1.1955000e+04   2.7791499e-01   6.6199290e-01   6.0092107e-02
   4.5100000e+02   2.6749650e-01   7.0892655e-01   2.3576958e-02
   4.6800000e+02   9.7636054e-01   9.7670097e-04   2.2662760e-02
   4.5200000e+02   5.6840622e-03   4.2945977e-03   9.9002134e-01
   4.5400000e+02   4.5364382e-03   9.7626647e-01   1.9197090e-02
   4.5300000e+02   9.8996440e-01   2.2476945e-03   7.7879064e-03
   1.6360000e+03   2.8764600e-03   1.5454369e-02   9.8166917e-01
   4.6600000e+02   9.9419044e-01   3.5166928e-03   2.2928625e-03
   4.7200000e+02   9.7630531e-01   6.9236586e-03   1.6771027e-02
   3.6200000e+02   4.7904410e-01   4.9785042e-01   2.3105476e-02
   4.6600000e+02   9.7219404e-02   4.9962101e-01   4.0315959e-01
   1.6150000e+03   2.5494062e-03   9.8767781e-01   9.7727833e-03
   4.7700000e+02   1.5682883e-01   1.5268799e-01   6.9048318e-01
   4.7600000e+02   4.7286389e-02   9.6243564e-02   8.5647005e-01
   4.6700000e+02   1.1375637e-01   5.1549576e-01   3.7074787e-01
   4.8300000e+02   2.7313429e-01   7.1980830e-01   7.0574173e-03
   4.8500000e+02   2.6633320e-01   4.9984963e-02   6.8368183e-01
   4.9200000e+02   2.0165308e-01   5.8114012e-02   7.4023290e-01
   6.2300000e+02   9.6608272e-02   3.1507778e-02   8.7188395e-01
   4.8700000e+02   4.9215490e-01   4.9269955e-01   1.5145551e-02
   4.9600000e+02   3.5725459e-02   1.6324469e-01   8.0102985e-01
   4.8900000e+02   3.2163377e-02   4.3169064e-01   5.3614598e-01
   6.1700000e+02   2.7901148e-01   5.7346890e-01   1.4751961e-01
   4.9800000e+02   4.8239437e-02   7.2413337e-01   2.2762719e-01
   4.9700000e+02   3.2733527e-02   9.5600595e-01   1.1260522e-02
   4.9800000e+02   7.3758505e-03   1.1405363e-01   8.7857052e-01
   4.9700000e+02   6.5816870e-01   3.3217991e-01   9.6513874e-03
   5.0800000e+02   6.5222168e-03   3.5542511e-03   9.8992353e-01
   5.2400000e+02   1.7808096e-01   7.8068299e-01   4.1236049e-02
   5.2900000e+02   5.6275781e-01   8.6707424e-02   3.5053477e-01
   5.2800000e+02   3.6759068e-01   2.7497455e-02   6.0491187e-01
   5.6300000e+02   1.7657270e-02   7.7357203e-02   9.0498553e-01
   5.3900000e+02   5.0675438e-02   3.6317808e-02   9.1300675e-01
   5.3800000e+02   1.8116980e-02   2.5745561e-02   9.5613746e-01
   5.4000000e+02   5.1328707e-02   9.3799392e-01   1.0677376e-02
   5.5700000e+02   6.2728469e-02   1.6388574e-01   7.7338579e-01
   4.6300000e+02   8.0924833e-03   9.7437883e-01   1.7528683e-02
   5.4200000e+02   9.3324807e-04   4.2916259e-02   9.5615049e-01
   5.4600000e+02   7.8183256e-01   2.0818771e-01   9.9797302e-03
   5.4300000e+02   6.4723645e-03   3.3410243e-02   9.6011739e-01
   5.4800000e+02   4.1667677e-02   1.7032459e-02   9.4129986e-01
   5.4900000e+02   1.1102230e-16  -0.0000000e+00   1.0000000e+00
   5.6500000e+02   5.5837056e-01   4.3362775e-01   8.0016884e-03
   5.5500000e+02   5.4044985e-02   3.1348454e-01   6.3247047e-01
   5.5800000e+02   6.9576377e-02   4.2494958e-02   8.8792867e-01
   5.6000000e+02   8.2947585e-03   2.5779380e-02   9.6592586e-01
   1.2799000e+04   9.6752059e-01   3.7940728e-03   2.8685334e-02
   5.6700000e+02   1.0264118e-01   3.9087329e-01   5.0648553e-01
   5.7200000e+02   1.6767128e-01   1.9307685e-03   8.3039795e-01
   5.8500000e+02   2.6804295e-02   9.5723112e-01   1.5964589e-02
   5.9900000e+02   6.7696796e-02   1.5598714e-01   7.7631606e-01
   5.8800000e+02   7.0991527e-03   3.6666022e-03   9.8923425e-01
   6.0300000e+02   9.6680908e-01   2.5101042e-02   8.0898793e-03
   5.8400000e+02   8.9736888e-01   1.6355831e-02   8.6275289e-02
   5.8300000e+02   0.0000000e+00   0.0000000e+00   1.0000000e+00
   5.8900000e+02   3.3218627e-02   3.6933807e-01   5.9744330e-01
   6.0600000e+02   2.0820821e-01   9.0841023e-02   7.0095076e-01
   5.9600000e+02   3.4937314e-01   3.5960620e-01   2.9102066e-01
   5.9300000e+02   1.2009561e-01   8.4296135e-01   3.6943042e-02
   6.2100000e+02   1.6684841e-02   9.5517159e-01   2.8143566e-02
   6.2100000e+02   2.4707923e-01   5.1772976e-02   7.0114780e-01
   6.1500000e+02   5.5313375e-02   8.4102792e-02   8.6058383e-01
   6.2700000e+02   4.7640305e-01   7.4188829e-02   4.4940812e-01
   3.6400000e+02   8.9972507e-01   7.6916415e-02   2.3358518e-02
   6.3800000e+02   3.7595623e-01   1.8228650e-01   4.4175727e-01
   6.4800000e+02   3.8924255e-01   3.6163292e-01   2.4912453e-01
   1.1790000e+04   1.9903775e-01   3.7170180e-01   4.2926046e-01
   1.3640000e+03   2.3128100e-01   3.0217844e-02   7.3850115e-01
   1.3010000e+03   6.9719159e-01   8.1866261e-02   2.2094215e-01
   6.0800000e+02   8.0208076e-01   1.0153247e-01   9.6386769e-02
   1.8030000e+03   8.4593800e-01   4.1184361e-03   1.4994356e-01
   1.4620000e+03   9.4211712e-01   6.7000214e-03   5.1182860e-02
   1.3820000e+03   2.9652817e-02   9.8412555e-04   9.6936306e-01
   1.3790000e+03   7.1522940e-01   2.8339156e-01   1.3790490e-03
   3.5100000e+02   9.9729323e-04   9.8662646e-01   1.2376250e-02
   1.3790000e+03   3.4450841e-02   4.7541187e-02   9.1800797e-01
   1.4610000e+03   1.0955746e-01   7.9422455e-01   9.6217995e-02
   1.6120000e+03   4.7189748e-02   6.9903584e-01   2.5377441e-01
   1.3780000e+03   6.9356551e-01   1.6833420e-01   1.3810029e-01
   1.3330000e+03   3.7769805e-01   5.5325183e-01   6.9050121e-02
   1.3310000e+03   1.4266038e-01   2.5185547e-01   6.0548415e-01
   7.2000000e+02   2.4075886e-03   9.9759241e-01   0.0000000e+00
   1.6250000e+03   1.9762431e-02   4.3054255e-03   9.7593214e-01
   1.3260000e+03   3.3296223e-01   5.3964805e-01   1.2738971e-01
   7.0600000e+02   9.4557142e-01   4.3735558e-02   1.0693018e-02
   7.1300000e+02   7.7109851e-01   1.8402134e-03   2.2706128e-01
   1.3290000e+03   1.6686562e-01   7.4171407e-01   9.1420309e-02
   1.5710000e+03   8.6834245e-01   6.3785105e-03   1.2527904e-01
   1.3360000e+03   1.3631866e-01   1.5640479e-01   7.0727654e-01
   1.6920000e+03   2.9017676e-01   1.8759600e-01   5.2222724e-01
   1.2780000e+03   3.4215501e-01   3.8001839e-01   2.7782661e-01
   1.6540000e+03   4.1303054e-01   3.7288380e-01   2.1408566e-01
   1.2670000e+03   5.7905617e-01   6.3166741e-02   3.5777709e-01
   1.2750000e+03   1.8437138e-01   6.6112298e-01   1.5450563e-01
   1.3520000e+03   3.7446238e-02   9.3578652e-01   2.6767241e-02
   1.2650000e+03   2.7983488e-03   9.8916716e-01   8.0344923e-03
   1.2690000e+03   1.5334871e-02   6.4188798e-01   3.4277715e-01
   1.2870000e+03   8.1000662e-01   1.8007367e-01   9.9197097e-03
   1.3540000e+03   7.6394315e-01   6.1364956e-02   1.7469190e-01
   1.2760000e+03   7.7605633e-03   6.2518381e-02   9.2972106e-01
   1.2730000e+03   1.0125655e-01   8.2007610e-01   7.8667351e-02
   1.3500000e+03   2.0412577e-03   9.6106666e-01   3.6892081e-02
   1.7360000e+03   9.1074115e-01   6.5471243e-02   2.3787609e-02
   1.7280000e+03   1.9107567e-02   8.7667670e-01   1.0421573e-01
   1.3580000e+03   1.2466000e-01   5.5447742e-01   3.2086258e-01
   1.2790000e+03   5.2184548e-01   4.4922914e-03   4.7366223e-01
   1.8090000e+03   5.8038976e-02   1.8292431e-02   9.2366859e-01
   1.2820000e+03   5.3282596e-03   9.8632771e-01   8.3440294e-03
   1.2850000e+03   6.1403315e-02   8.7510507e-01   6.3491616e-02
   1.2840000e+03   7.4712877e-02   7.8179918e-01   1.4348795e-01
   1.2890000e+03   7.0622227e-01   9.0602223e-02   2.0317551e-01
   1.8120000e+03   1.3540364e-01   1.8986635e-03   8.6269770e-01
   1.2900000e+03   2.6036569e-03   9.5250857e-01   4.4887769e-02
   1.2900000e+03   8.7351788e-01   1.0604850e-01   2.0433621e-02
   1.8130000e+03   8.5971901e-01   1.0124148e-01   3.9039509e-02
   1.3080000e+03   4.8288827e-01   9.8581493e-02   4.1853024e-01
   1.2980000e+03   7.1851473e-01   1.3008807e-01   1.5139721e-01
   1.3530000e+03   3.7425788e-02   2.9898242e-03   9.5958439e-01
   1.3510000e+03   9.4309320e-01   1.1184729e-02   4.5722075e-02
   1.3010000e+03   1.9110678e-01   6.9618888e-01   1.1270434e-01
   1.3050000e+03   9.4726438e-01   1.8183920e-02   3.4551699e-02
   1.8380000e+03   9.3315702e-02   7.6272938e-01   1.4395492e-01
   1.8400000e+03   8.6353858e-01   1.1857453e-01   1.7886888e-02
   1.3040000e+03   1.0000000e+00   0.0000000e+00  -0.0000000e+00
   1.7740000e+03   9.7428489e-01   2.4391326e-02   1.3237788e-03
   1.3100000e+03   1.0000000e+00  -0.0000000e+00  -0.0000000e+00
   1.7790000e+03   3.9169318e-02   9.2124116e-01   3.9589519e-02
   1.3100000e+03   0.0000000e+00  -0.0000000e+00   1.0000000e+00
   1.3100000e+03   0.0000000e+00   1.0000000e+00  -0.0000000e+00
   1.4310000e+03   1.4197694e-01   5.3023302e-02   8.0499976e-01
   1.4590000e+03   9.8616823e-02   8.8154423e-01   1.9838949e-02
   1.5890000e+03   2.2100151e-02   8.2311026e-02   8.9558882e-01
   1.5720000e+03   1.6264650e-02   9.1560227e-01   6.8133077e-02
   1.5830000e+03   1.6693933e-02   2.3988875e-01   7.4341732e-01
   1.3170000e+03   2.2670220e-02   8.8509416e-01   9.2235618e-02
   1.6060000e+03   7.7456193e-01   2.2491875e-01   5.1931791e-04
   1.5210000e+03   4.9160678e-01   2.3523278e-01   2.7316044e-01
   1.3190000e+03   1.0534619e-02   1.1571173e-01   8.7375365e-01
   1.3240000e+03   2.7395335e-03   2.8987661e-02   9.6827281e-01
   1.3230000e+03   9.4345147e-01   3.4422919e-02   2.2125612e-02
   1.3340000e+03   2.7832383e-02   7.5580405e-03   9.6460958e-01
   1.6100000e+03   1.4252398e-02   1.6347716e-02   9.6939989e-01
   1.3300000e+03   8.4945011e-03   1.9393954e-02   9.7211155e-01
   1.3350000e+03   4.5931406e-02   9.3662852e-01   1.7440075e-02
   1.6090000e+03   6.5243604e-02   3.4662449e-02   9.0009395e-01
   1.3140000e+03   2.1060772e-01   7.3118491e-01   5.8207363e-02
   1.3670000e+03   3.3921047e-01   6.0503911e-01   5.5750414e-02
   1.4490000e+03   3.6820522e-01   3.5600177e-01   2.7579301e-01
   1.4050000e+03   9.8070000e-01   2.0611661e-03   1.7238836e-02
   1.3600000e+03   2.1204722e-02   2.9129983e-01   6.8749544e-01
   1.4550000e+03   1.4486468e-03   9.8758859e-01   1.0962759e-02
   1.3480000e+03   2.2804078e-03   3.9725858e-01   6.0046101e-01
   1.3470000e+03   2.3406661e-02   5.5886337e-01   4.1772997e-01
   1.3590000e+03   4.6762116e-02   3.7716960e-01   5.7606828e-01
   1.3500000e+03   0.0000000e+00  -0.0000000e+00   1.0000000e+00
   1.3660000e+03   1.1433049e-01   8.1797864e-01   6.7690868e-02
   1.3680000e+03   1.6963937e-01   5.6974066e-01   2.6061997e-01
   1.3760000e+03   5.3649291e-01   7.3310508e-02   3.9019659e-01
   1.3750000e+03   2.5913585e-01   1.6805154e-01   5.7281260e-01
   1.3870000e+03   5.5485877e-02   3.8776501e-01   5.5674911e-01
   1.3820000e+03   2.8570814e-04   9.9692427e-01   2.7900230e-03
   1.3910000e+03   6.9924700e-02   7.3863947e-01   1.9143583e-01
   1.3860000e+03   2.2365359e-05   9.9904055e-01   9.3708906e-04
   1.3900000e+03   9.5463088e-03   1.4033076e-02   9.7642062e-01
   1.3940000e+03   3.9622740e-02   1.1300945e-02   9.4907632e-01
   1.3890000e+03   1.0000000e+00  -0.0000000e+00  -0.0000000e+00
   1.3930000e+03   5.5511151e-17   9.3406838e-01   6.5931618e-02
   1.5330000e+03   2.3367382e-02   4.2077956e-01   5.5585306e-01
   1.3990000e+03   1.8330609e-03   7.0970235e-02   9.2719670e-01
   1.5280000e+03   1.7384033e-02   2.5008468e-01   7.3253129e-01
   1.4530000e+03   8.1439998e-03   9.8144881e-01   1.0407192e-02
   1.4060000e+03   9.4397031e-02   4.3738036e-01   4.6822261e-01
   1.4030000e+03   2.6459952e-02   1.7919763e-01   7.9434242e-01
   1.4020000e+03   3.4025696e-01   2.8704956e-01   3.7269348e-01
   1.4400000e+03   4.4877441e-02   3.1422149e-01   6.4090107e-01
   1.4130000e+03   7.3078678e-02   8.8172697e-01   4.5194353e-02
   1.4150000e+03   8.6086558e-01   4.3108049e-02   9.6026368e-02
   1.4280000e+03   8.1069982e-01   1.1016796e-01   7.9132224e-02
   1.4180000e+03   8.4979106e-02   9.1318635e-01   1.8345458e-03
   1.4190000e+03   1.0607836e-01   3.4335752e-01   5.5056412e-01
   1.4250000e+03   3.9298349e-01   5.3771671e-01   6.9299802e-02
   1.4670000e+03   1.1487499e-01   1.7637691e-01   7.0874809e-01
   1.4360000e+03   1.6301026e-02   9.2607675e-01   5.7622228e-02
   1.4290000e+03   6.1186815e-03   3.9791734e-02   9.5408958e-01
   1.4270000e+03   9.9159646e-03   9.5716544e-01   3.2918597e-02
   1.4310000e+03   1.5186861e-02   9.4546086e-01   3.9352282e-02
   1.8560000e+03   7.2283763e-01   8.4250528e-02   1.9291184e-01
   1.8570000e+03   6.1266328e-01   2.8391994e-01   1.0341678e-01
   1.4370000e+03   5.3225056e-03   8.0999020e-01   1.8468729e-01
   1.4420000e+03   5.5568949e-02   5.9273386e-01   3.5169719e-01
   1.4390000e+03   1.5609596e-02   9.7783758e-01   6.5528233e-03
   1.4460000e+03   1.5078223e-01   5.5620593e-01   2.9301184e-01
   1.7840000e+03   4.3152696e-01   4.0947762e-01   1.5899542e-01
   1.5030000e+03   5.0320023e-01   2.9541897e-02   4.6725787e-01
   1.5110000e+03   8.2430543e-03   9.7621364e-01   1.5543310e-02
   1.5010000e+03   3.5826687e-01   6.2660150e-01   1.5131634e-02
   1.5050000e+03   5.1822801e-02   2.9404508e-01   6.5413212e-01
   1.4710000e+03   2.3335574e-01   8.5702778e-02   6.8094149e-01
   1.6660000e+03   3.2700886e-02   2.2706547e-02   9.4459257e-01
   1.6530000e+03   1.5059550e-01   7.6219330e-01   8.7211198e-02
   3.0020000e+03   3.3339211e-02   7.9222493e-01   1.7443586e-01
   1.4940000e+03   1.7295281e-01   7.8010542e-01   4.6941772e-02
   3.0040000e+03   2.8616653e-03   8.8556482e-01   1.1157351e-01
   1.4770000e+03   2.2005052e-01   5.4951029e-01   2.3043919e-01
   3.0280000e+03   9.7186247e-01   2.0103385e-02   8.0341471e-03
   1.4990000e+03   5.5279176e-03   4.4515261e-01   5.4931947e-01
   1.5580000e+03   5.3543508e-01   4.4548695e-01   1.9077976e-02
   1.5470000e+03   3.1635040e-01   2.2466582e-01   4.5898378e-01
   1.4870000e+03   1.0952046e-02   3.8301661e-01   6.0603134e-01
   1.4730000e+03   1.2099523e-01   8.4094698e-01   3.8057793e-02
   2.9970000e+03   4.5051127e-01   4.5603510e-03   5.4492838e-01
   1.4930000e+03   4.2493583e-01   5.1300044e-01   6.2063732e-02
   1.4830000e+03   1.0733848e-01   8.2900742e-01   6.3654101e-02
   1.5130000e+03   6.8938219e-01   3.0453982e-02   2.8016383e-01
   1.5170000e+03   5.7445793e-01   2.3887431e-01   1.8666776e-01
   1.6040000e+03   1.3218471e-02   6.2515347e-01   3.6162806e-01
   1.5250000e+03   3.8256000e-01   5.5259594e-01   6.4844062e-02
   1.5230000e+03   6.3633778e-01   5.5171431e-02   3.0849079e-01
   1.5040000e+03   5.9583111e-02   4.0917298e-01   5.3124391e-01
   1.5410000e+03   5.2492402e-02   8.6722006e-01   8.0287533e-02
   1.5430000e+03   3.9638730e-02   7.9505709e-03   9.5241070e-01
   1.6620000e+03   9.4288265e-01   3.6447782e-02   2.0669569e-02
   1.5070000e+03   1.5364022e-04   9.9492149e-01   4.9248669e-03
   1.5520000e+03   9.6125592e-01   1.2615150e-02   2.6128929e-02
   3.0140000e+03   9.1768862e-02   5.3743584e-01   3.7079529e-01
   1.5450000e+03   2.4694132e-01   1.2944941e-01   6.2360927e-01
   3.0070000e+03   1.6470878e-01   5.9525857e-01   2.4003265e-01
   1.5540000e+03   1.1531918e-01   6.0130578e-02   8.2455024e-01
   1.5560000e+03   7.9702952e-01   1.2294819e-01   8.0022290e-02
   1.8720000e+03   4.6916242e-01   6.0813111e-02   4.7002446e-01
   1.8700000e+03   6.7594273e-01   1.1728310e-03   3.2288444e-01
   1.5640000e+03   5.5110099e-01   3.6866069e-01   8.0238322e-02
   1.5660000e+03   1.3342225e-01   1.1040404e-02   8.5553734e-01
   1.5690000e+03   6.6186743e-03   9.2115504e-01   7.2226286e-02
   1.5740000e+03   2.7095026e-01   2.6041665e-01   4.6863309e-01
   1.6020000e+03   1.8707039e-01   2.5962947e-01   5.5330013e-01
   1.5770000e+03   6.8081671e-01   1.3045828e-01   1.8872500e-01
   1.5920000e+03   9.8700625e-01   0.0000000e+00   1.2993750e-02
   1.5920000e+03   5.1825811e-03   9.5757197e-01   3.7245452e-02
   1.5900000e+03   1.0873842e-02   9.8127028e-01   7.8558770e-03
   1.5810000e+03   8.2713347e-03   4.6443804e-02   9.4528486e-01
   1.5990000e+03   3.6983777e-01   6.1056641e-01   1.9595827e-02
   1.6250000e+03   9.0079320e-01   6.4742945e-02   3.4463855e-02
   1.6150000e+03   7.5203072e-02   6.5239450e-03   9.1827298e-01
   1.6360000e+03   4.5801755e-02   9.4918826e-01   5.0099868e-03
   1.6370000e+03   9.8588397e-01   3.5147588e-03   1.0601274e-02
   3.0410000e+03   7.5283673e-01   6.0698988e-02   1.8646428e-01
   1.6470000e+03   1.1612414e-01   3.4460567e-01   5.3927019e-01
   1.6410000e+03   5.6079380e-03   3.7683447e-03   9.9062372e-01
   1.6640000e+03   9.5954721e-01   3.3590926e-02   6.8618607e-03
   1.6560000e+03   5.1488532e-02   4.9639217e-01   4.5211930e-01
   1.6600000e+03   9.2574176e-01   1.1708088e-02   6.2550149e-02
   1.6580000e+03   1.6590954e-02   9.5023338e-01   3.3175667e-02
   1.6630000e+03   1.2210599e-01   3.0632810e-01   5.7156592e-01
   1.6790000e+03   6.9151696e-03   6.6739011e-02   9.2634582e-01
   1.6680000e+03   1.0000000e+00  -0.0000000e+00  -0.0000000e+00
   1.7720000e+03   2.3435570e-01   5.3717863e-02   7.1192643e-01
   1.6830000e+03   1.1028529e-01   7.0613874e-01   1.8357597e-01
   1.6740000e+03   1.0136687e-02   1.8427368e-03   9.8802058e-01
   1.6770000e+03   5.7859026e-02   9.2948724e-01   1.2653736e-02
   1.6800000e+03   3.6111939e-01   3.9333770e-01   2.4554291e-01
   3.6370000e+03   8.5364243e-02   3.2748382e-02   8.8188738e-01
   1.6750000e+03   9.9583200e-01   3.0534769e-03   1.1145191e-03
   1.6900000e+03   1.4199403e-01   3.0670171e-01   5.5130426e-01
   1.6900000e+03   9.2218406e-01   4.6997304e-02   3.0818637e-02
   1.7000000e+03   1.8041311e-01   6.2632004e-01   1.9326685e-01
   1.6950000e+03   1.0165063e-01   5.9491764e-01   3.0343173e-01
   1.6980000e+03   7.5869877e-01   9.8402739e-02   1.4289849e-01
   1.7010000e+03   5.8888434e-03   9.7462275e-01   1.9488409e-02
   1.7040000e+03   2.4544976e-03   9.8529337e-01   1.2252133e-02
   1.7100000e+03   5.6627198e-01   4.0943452e-01   2.4293494e-02
   1.7130000e+03   8.5434643e-01   1.1279154e-02   1.3437441e-01
   1.7390000e+03   6.9267925e-01   2.9361424e-01   1.3706513e-02
   1.7190000e+03   5.3512688e-01   1.5412586e-01   3.1074726e-01
   1.7120000e+03   1.1772344e-01   8.4979397e-01   3.2482594e-02
   1.7210000e+03   6.0509002e-02   8.6901742e-01   7.0473575e-02
   1.7270000e+03   6.4103813e-03   9.7869003e-01   1.4899588e-02
   1.7220000e+03   4.0249389e-02   3.6165697e-02   9.2358491e-01
   1.7310000e+03   1.0279617e-02   5.8734440e-03   9.8384694e-01
   1.7290000e+03   5.4451090e-03   6.1408045e-03   9.8841409e-01
   1.7250000e+03   9.4979255e-01   1.1625664e-02   3.8581789e-02
   1.7500000e+03   2.2625480e-02   9.7607837e-01   1.2961542e-03
   1.7310000e+03   9.0911190e-02   8.6915440e-01   3.9934409e-02
   1.7420000e+03   3.3803702e-03   5.4944888e-02   9.4167474e-01
   1.7330000e+03   7.5599324e-01   5.2917458e-02   1.9108930e-01
   1.7330000e+03   1.1102230e-16   1.0000000e+00  -0.0000000e+00
   1.7480000e+03   9.8411463e-01   1.2691521e-03   1.4616217e-02
   1.7590000e+03   1.6107114e-02   9.6522580e-01   1.8667082e-02
   1.7480000e+03   7.3783417e-03   2.2379427e-02   9.7024223e-01
   1.7530000e+03   6.4296766e-02   2.9120115e-01   6.4450209e-01
   1.7720000e+03   3.6426245e-01   4.4374343e-01   1.9199412e-01
   3.8480000e+03   7.8589829e-02   2.6667757e-01   6.5473260e-01
   1.7640000e+03   8.0148704e-02   2.9846082e-03   9.1686669e-01
   1.7810000e+03   9.6707427e-01   1.7440672e-03   3.1181668e-02
   1.7740000e+03   2.3089085e-02   3.6132836e-02   9.4077808e-01
   1.7550000e+03   6.8402536e-02   6.2051803e-01   3.1107943e-01
   1.7810000e+03   5.4195644e-04   7.2223966e-03   9.9223565e-01
   1.8270000e+03   9.9146704e-01   2.0355154e-03   6.4974424e-03
   1.8260000e+03   2.4616658e-02   9.7114556e-01   4.2377810e-03
   1.7900000e+03   9.5689364e-02   8.6111820e-01   4.3192441e-02
   1.7870000e+03   4.8858775e-02   4.0505835e-02   9.1063539e-01
   1.7910000e+03   2.5258509e-01   4.7206556e-02   7.0020835e-01
   1.7930000e+03   1.4703631e-01   1.2071135e-01   7.3225235e-01
   1.8200000e+03   3.4342104e-02   9.2696133e-01   3.8696568e-02
   1.8210000e+03   1.4629066e-02   9.8147044e-01   3.9004928e-03
   1.8000000e+03   7.9912061e-01   4.1134155e-03   1.9676597e-01
   1.7990000e+03   1.3812206e-02   6.4518865e-01   3.4099914e-01
   1.8050000e+03   1.0050375e-01   5.1091566e-01   3.8858059e-01
   1.8060000e+03   2.1665602e-01   1.8147212e-01   6.0187187e-01
   1.8360000e+03   6.1878574e-03   9.1791172e-01   7.5900426e-02
   1.8210000e+03   1.6850619e-02   3.8213994e-02   9.4493539e-01
   1.8160000e+03   1.1102230e-16  -0.0000000e+00   1.0000000e+00
   1.8410000e+03   1.4317489e-02   9.1054192e-01   7.5140595e-02
   1.8170000e+03   2.1012957e-02   1.6860841e-01   8.1037863e-01
   1.8250000e+03   5.1486518e-03   6.0943800e-02   9.3390755e-01
   1.8280000e+03   0.0000000e+00   0.0000000e+00   1.0000000e+00
   1.8290000e+03   7.4897518e-01   1.8027754e-01   7.0747277e-02
   1.8310000e+03   8.4471207e-01   5.3004933e-02   1.0228300e-01
   1.8440000e+03   9.0413218e-01   6.6574306e-02   2.9293517e-02
   1.8420000e+03   5.0847791e-02   6.1945528e-02   8.8720668e-01
   1.8510000e+03   1.6100449e-02   9.7706208e-01   6.8374715e-03
   1.8520000e+03   1.4660315e-02   7.1365597e-03   9.7820313e-01
   1.8710000e+03   2.7201913e-01   3.1697869e-01   4.1100218e-01
   1.8790000e+03   3.4763116e-02   9.2962949e-01   3.5607393e-02
   3.6760000e+03   7.2853980e-01   1.3191332e-01   1.3954688e-01
   3.6790000e+03   4.0457074e-01   5.8844882e-01   6.9804408e-03
   4.1530000e+03   3.2236135e-02   7.6943098e-01   1.9833289e-01
   3.6910000e+03   1.1183946e-01   7.8997798e-01   9.8182562e-02
   1.9330000e+03   5.7362335e-01   3.1865025e-01   1.0772640e-01
   1.9160000e+03   2.1402431e-01   5.4916966e-01   2.3680603e-01
   1.9290000e+03   2.1022346e-01   3.0915403e-01   4.8062251e-01
   1.9310000e+03   2.2655508e-01   2.1191014e-01   5.6153478e-01
   1.9180000e+03   8.0659430e-01   4.2767503e-02   1.5063820e-01
   1.9360000e+03   2.6129382e-01   1.4464463e-01   5.9406155e-01
   3.3640000e+03   4.9686623e-01   1.1823603e-02   4.9131017e-01
   1.9210000e+03   8.8134302e-01   6.9914075e-03   1.1166557e-01
   1.9220000e+03   8.1675690e-02   4.1973307e-02   8.7635100e-01
   3.3500000e+03   9.4958071e-01   1.0576770e-02   3.9842517e-02
   1.9220000e+03   4.5522672e-02   9.1569566e-01   3.8781667e-02
   1.9230000e+03   7.9188389e-02   1.2341326e-01   7.9739835e-01
   1.9240000e+03   1.1421837e-01   8.2542557e-02   8.0323907e-01
   3.3540000e+03   7.6603977e-01   1.2965658e-01   1.0430366e-01
   1.9330000e+03   2.8895082e-01   1.5120263e-02   6.9592892e-01
   1.9260000e+03   1.2175043e-01   7.0142835e-01   1.7682122e-01
   3.3570000e+03   1.7923185e-01   6.3361263e-01   1.8715552e-01
   1.9180000e+03   2.9906830e-01   6.6698037e-01   3.3951330e-02
   3.3600000e+03   2.2157756e-01   1.7584927e-01   6.0257318e-01
   3.3670000e+03   1.8720285e-01   7.8546899e-01   2.7328164e-02
   3.3760000e+03   7.9359411e-03   3.4016914e-02   9.5804714e-01
   3.3770000e+03   5.2097286e-01   3.4495307e-01   1.3407407e-01
   3.3180000e+03   2.3105796e-01   3.9481060e-01   3.7413145e-01
   6.6980000e+03   2.0710932e-01   7.8216888e-01   1.0721798e-02
   3.0750000e+03   8.1748951e-02   6.2338751e-01   2.9486354e-01
   2.9350000e+03   7.4755317e-01   2.6499791e-02   2.2594704e-01
   2.1530000e+03   2.1415541e-02   9.2947073e-01   4.9113725e-02
   3.1090000e+03   6.9391060e-01   5.4512312e-03   3.0063817e-01
   3.1200000e+03   3.7058898e-01   2.0995412e-01   4.1945691e-01
   3.4860000e+03   7.1975296e-03   5.3908654e-02   9.3889382e-01
   3.4870000e+03   2.7682498e-02   6.3747416e-01   3.3484334e-01
   2.5470000e+03   3.4435533e-02   5.4802332e-01   4.1754115e-01
   2.5400000e+03   2.8012681e-01   6.0946169e-01   1.1041150e-01
   2.5460000e+03   4.2495673e-01   5.6831865e-01   6.7246240e-03
   2.9000000e+03   2.8999102e-01   2.7741191e-01   4.3259708e-01
   3.1030000e+03   7.1271475e-01   3.2004371e-02   2.5528088e-01
   3.1330000e+03   4.5375289e-02   9.3202846e-01   2.2596255e-02
   2.9020000e+03   3.1636325e-01   1.3818830e-01   5.4544845e-01
   3.0380000e+03   1.1211761e-03   9.8890891e-01   9.9699129e-03
   3.0240000e+03   1.2375039e-02   9.8762496e-01   0.0000000e+00
   3.0230000e+03   2.4046915e-01   6.3355127e-01   1.2597958e-01
   2.9030000e+03   6.9569804e-01   3.0905273e-03   3.0121143e-01
   2.9060000e+03   1.2002056e-01   4.5868604e-01   4.2129340e-01
   3.0410000e+03   5.2278276e-03   6.9356138e-01   3.0121080e-01
   2.9740000e+03   3.9930005e-01   3.9897456e-01   2.0172539e-01
   3.0370000e+03   6.7132255e-01   3.8238957e-02   2.9043849e-01
   2.9120000e+03   2.7665895e-01   5.1302496e-01   2.1031609e-01
   2.9070000e+03   2.8082586e-02   9.2124458e-01   5.0672837e-02
   2.9140000e+03   1.9021599e-03   3.0817967e-01   6.8991817e-01
   2.9130000e+03   1.1550636e-01   5.6020251e-01   3.2429113e-01
   3.8300000e+03   6.1785817e-01   7.9358873e-02   3.0278296e-01
   3.1480000e+03   2.7758404e-02   9.2813272e-01   4.4108877e-02
   2.9190000e+03   9.8546762e-01   1.2471710e-02   2.0606717e-03
   3.1510000e+03   1.1102230e-16   3.0249968e-02   9.6975003e-01
   2.9220000e+03   9.8830717e-01   0.0000000e+00   1.1692831e-02
   2.9290000e+03   1.0019514e-01   8.7348758e-01   2.6317278e-02
   2.9230000e+03   6.0421516e-03   2.7693397e-01   7.1702387e-01
   2.9260000e+03   9.6480220e-01   3.0832056e-02   4.3657446e-03
   2.9260000e+03   5.7788915e-02   9.0134015e-01   4.0870933e-02
   3.0200000e+03   9.8285587e-01   1.7144125e-02   0.0000000e+00
   3.1690000e+03   3.1501828e-02   9.6849817e-01   0.0000000e+00
   2.9290000e+03   9.8899225e-01   6.7902955e-03   4.2174497e-03
   3.0100000e+03   6.8151811e-01   3.6356731e-02   2.8212516e-01
   3.0050000e+03   5.8026887e-02   7.1942712e-01   2.2254599e-01
   3.0060000e+03   5.8010094e-03   9.8269546e-01   1.1503529e-02
   2.9410000e+03   1.6127369e-03   1.7248350e-03   9.9666243e-01
   2.9350000e+03   2.1692718e-01   4.0791751e-01   3.7515531e-01
   2.9380000e+03   1.9424010e-01   5.8902701e-03   7.9986963e-01
   2.9380000e+03   2.4748605e-01   6.9853057e-01   5.3983382e-02
   3.1620000e+03   5.3034409e-03   9.9069452e-01   4.0020414e-03
   3.1250000e+03   7.1432568e-01   2.3137012e-01   5.4304195e-02
   2.9300000e+03   3.8655973e-03   9.9382972e-01   2.3046828e-03
   2.9420000e+03   9.9264381e-01   1.2439321e-03   6.1122569e-03
   3.1660000e+03   2.9915250e-02   5.4630074e-01   4.2378401e-01
   2.9450000e+03   6.7079090e-03   7.6582466e-03   9.8563384e-01
   2.9610000e+03   3.7416480e-02   5.2995798e-01   4.3262554e-01
   3.1300000e+03   2.9883995e-02   1.1800723e-02   9.5831528e-01
   3.0780000e+03   1.3157218e-01   1.6084786e-01   7.0757997e-01
   3.4670000e+03   2.4323496e-01   3.3380170e-01   4.2296334e-01
   2.9640000e+03   3.2416305e-01   2.7361586e-02   6.4847537e-01
   3.0980000e+03   4.3281763e-02   6.2218193e-02   8.9450004e-01
   3.7360000e+03   8.2105058e-01   1.5914891e-01   1.9800511e-02
   3.4640000e+03   1.3744716e-01   1.0369545e-02   8.5218330e-01
   6.7730000e+03   1.1031648e-02   7.9955356e-01   1.8941479e-01
   2.9610000e+03   7.6499788e-01   1.4879345e-01   8.6208673e-02
   2.9600000e+03   1.8379705e-01   4.7221846e-01   3.4398449e-01
   3.0530000e+03   1.0412497e-01   8.4738080e-01   4.8494231e-02
   3.7080000e+03   5.8571638e-01   1.1205993e-01   3.0222369e-01
   3.5260000e+03   8.2794165e-02   4.1286192e-01   5.0434392e-01
   3.7070000e+03   1.2804473e-02   7.0762788e-01   2.7956765e-01
   3.7020000e+03   6.9579240e-02   6.9505705e-02   8.6091506e-01
   2.9640000e+03   9.7557767e-02   9.0152394e-01   9.1829184e-04
   3.7130000e+03   1.1463974e-01   8.4081641e-01   4.4543855e-02
   3.7040000e+03   3.4138172e-01   1.7334022e-01   4.8527806e-01
   3.4520000e+03   4.2565352e-01   2.0588694e-01   3.6845955e-01
   3.0740000e+03   4.5463598e-01   2.9962326e-02   5.1540169e-01
   3.7780000e+03   3.6213591e-01   4.2138712e-01   2.1647697e-01
   3.5440000e+03   3.6514006e-01   4.1326514e-01   2.2159480e-01
   2.9700000e+03   5.5447796e-01   1.7824396e-01   2.6727809e-01
   3.7860000e+03   5.5468977e-01   2.1012550e-01   2.3518473e-01
   3.6390000e+03   3.9379999e-02   7.2243104e-01   2.3818896e-01
   3.7900000e+03   5.9900366e-01   1.7012217e-02   3.8398412e-01
   3.6160000e+03   2.0884914e-01   5.1991105e-01   2.7123981e-01
   3.4830000e+03   1.1723628e-01   3.5782694e-01   5.2493678e-01
   3.5220000e+03   3.3254744e-01   5.3749735e-01   1.2995521e-01
   2.9800000e+03   7.3167415e-01   1.0937622e-02   2.5738823e-01
   3.7380000e+03   2.2481530e-04   1.7906803e-01   8.2070715e-01
   3.7590000e+03   4.7234385e-01   3.2106546e-01   2.0659069e-01
   2.9850000e+03   4.8941482e-01   3.7814934e-01   1.3243584e-01
   2.9890000e+03   5.5046360e-01   4.9387767e-02   4.0014864e-01
   3.4750000e+03   1.7607662e-01   6.9054927e-02   7.5486845e-01
   3.7550000e+03   3.1876099e-01   1.5457115e-01   5.2666786e-01
   3.7700000e+03   1.7077498e-01   3.5084415e-01   4.7838087e-01
   3.7580000e+03   8.9901135e-01   8.0266382e-02   2.0722269e-02
   3.7200000e+03   2.3413971e-01   3.7596971e-01   3.8989058e-01
   3.7000000e+03   2.5011637e-01   2.1533170e-01   5.3455193e-01
   2.9920000e+03   3.3508502e-01   3.7683651e-01   2.8807848e-01
   3.6950000e+03   8.3713290e-01   2.6730872e-02   1.3613623e-01
   2.9930000e+03   3.9513264e-01   5.4777788e-01   5.7089479e-02
   3.7150000e+03   3.7414490e-01   1.9815865e-01   4.2769645e-01
   3.7430000e+03   2.7924787e-01   1.4480575e-01   5.7594638e-01
   3.7280000e+03   1.7183477e-01   4.2455409e-01   4.0361114e-01
   3.7230000e+03   9.1474571e-02   1.1311071e-01   7.9541472e-01
   3.7210000e+03   9.7826418e-03   8.1883508e-01   1.7138227e-01
   3.0180000e+03   1.6914475e-01   1.3331437e-01   6.9754088e-01
   1.4910000e+03   2.5579300e-01   7.7535851e-02   6.6667115e-01
   1.4780000e+03   1.3376997e-02   9.7169865e-01   1.4924350e-02
   3.0150000e+03   3.5680757e-01   3.3164143e-01   3.1155100e-01
   3.0200000e+03   8.7105109e-02   7.6523315e-02   8.3637158e-01
   1.6400000e+03   8.3633808e-01   1.0983036e-01   5.3831561e-02
   1.6450000e+03   2.0410080e-01   4.3515358e-01   3.6074562e-01
   3.0260000e+03   3.9402662e-01   5.0559216e-01   1.0038122e-01
   3.0390000e+03   5.4242121e-02   8.4784216e-01   9.7915721e-02
   3.0310000e+03   4.6311721e-01   2.9763822e-01   2.3924457e-01
   3.0330000e+03   3.5858363e-01   1.4970354e-01   4.9171283e-01
   3.0290000e+03   1.9532866e-02   8.0329270e-01   1.7717443e-01
   3.0470000e+03   7.3450249e-01   1.7820928e-01   8.7288226e-02
   1.6440000e+03   9.8965195e-01   1.0099888e-02   2.4816147e-04
   3.4540000e+03   1.5802551e-01   2.2663748e-02   8.1931074e-01
   3.0980000e+03   4.2233364e-01   2.2662651e-01   3.5103985e-01
   3.0590000e+03   6.6987616e-02   7.0294648e-01   2.3006591e-01
   3.0600000e+03   5.5889485e-03   9.5258459e-01   4.1826465e-02
   3.0760000e+03   7.5009484e-01   8.9623897e-02   1.6028126e-01
   3.0710000e+03   2.9004471e-02   4.0118424e-01   5.6981129e-01
   3.0660000e+03   5.6553805e-01   1.5695524e-01   2.7750671e-01
   3.0710000e+03   5.9925276e-01   2.3179837e-01   1.6894887e-01
   3.0560000e+03   5.7750461e-01   3.6370859e-01   5.8786802e-02
   3.4450000e+03   6.7685384e-03   7.5492534e-01   2.3830612e-01
   3.4500000e+03   1.9392043e-01   1.1058543e-01   6.9549414e-01
   3.0940000e+03   5.0694589e-02   9.3373271e-01   1.5572702e-02
   3.0930000e+03   8.0936563e-02   9.1071889e-01   8.3445449e-03
   3.0650000e+03   1.4449454e-01   6.2070597e-01   2.3479949e-01
   3.0670000e+03   2.8965773e-01   2.7548291e-01   4.3485936e-01
   3.0820000e+03   1.2224912e-01   1.7522754e-01   7.0252335e-01
   3.0690000e+03   7.1257474e-01   2.6411353e-01   2.3311732e-02
   3.0890000e+03   1.5122457e-01   6.2740815e-01   2.2136728e-01
   3.0840000e+03   5.0336583e-01   2.5608336e-01   2.4055081e-01
   3.1120000e+03   1.5391734e-02   1.3796071e-02   9.7081220e-01
   3.1830000e+03   3.1710033e-02   8.1693710e-02   8.8659626e-01
   3.1890000e+03   4.4483622e-01   6.5982031e-02   4.8918175e-01
   3.1850000e+03   1.7701128e-01   3.5283904e-01   4.7014968e-01
   3.1880000e+03   7.1054235e-02   7.7935687e-01   1.4958890e-01
   3.0880000e+03   9.0150861e-01   4.1645543e-02   5.6845847e-02
   3.1980000e+03   9.9906965e-02   8.9877045e-01   1.3225864e-03
   6.4490000e+03   1.0061499e-01   3.3505090e-02   8.6587992e-01
   3.1040000e+03   1.8528061e-01   4.9629438e-01   3.1842501e-01
   3.1160000e+03   5.1972048e-03   3.9024065e-02   9.5577873e-01
   3.1240000e+03   5.5765797e-02   3.5461864e-02   9.0877234e-01
   3.3790000e+03   1.0795449e-01   4.7727256e-01   4.1477295e-01
   3.1820000e+03   6.8683414e-02   6.9248598e-02   8.6206799e-01
   3.1130000e+03   2.3448361e-01   1.2791851e-01   6.3759787e-01
   3.1150000e+03   7.8348752e-01   1.8863635e-01   2.7876135e-02
   3.1750000e+03   9.9509646e-01   1.2032173e-03   3.7003190e-03
   3.4040000e+03   1.3004275e-01   6.8980989e-01   1.8014736e-01
   3.1230000e+03   1.0000000e+00  -0.0000000e+00  -0.0000000e+00
   3.1190000e+03   1.4535440e-01   3.9244286e-01   4.6220274e-01
   3.1230000e+03   2.0444330e-02   9.4327191e-01   3.6283765e-02
   3.3220000e+03   8.9808430e-01   2.3202975e-02   7.8712722e-02
   3.1870000e+03   7.1956860e-02   2.9583672e-02   8.9845947e-01
   3.1290000e+03   9.2833600e-01   1.8476441e-02   5.3187563e-02
   3.1350000e+03   6.4540140e-03   9.6390523e-01   2.9640757e-02
   3.1380000e+03   5.2472390e-05   1.5258380e-03   9.9842169e-01
   3.2260000e+03   2.0250165e-02   9.5888941e-01   2.0860428e-02
   3.4220000e+03   1.7140949e-02   9.7210255e-01   1.0756496e-02
   3.3850000e+03   5.1968602e-03   1.8702637e-02   9.7610050e-01
   3.4220000e+03   1.8963132e-03   2.4762199e-03   9.9562747e-01
   3.4300000e+03   1.2972418e-02   9.6754793e-01   1.9479653e-02
   3.4300000e+03   4.3015896e-03   1.0743045e-02   9.8495537e-01
   3.4320000e+03   1.5208678e-02   9.7269498e-01   1.2096341e-02
   3.4290000e+03   4.7018891e-03   1.9177673e-02   9.7612044e-01
   3.4140000e+03   4.3834191e-02   2.0935421e-03   9.5407227e-01
   3.4170000e+03   9.7190008e-01   2.5516453e-02   2.5834674e-03
   3.1550000e+03   9.9586846e-04   1.4324079e-02   9.8468005e-01
   3.1580000e+03   9.2776428e-01   8.1102542e-03   6.4125463e-02
   3.1590000e+03   1.1102230e-16  -0.0000000e+00   1.0000000e+00
   3.1620000e+03   8.7696381e-01   1.0640413e-01   1.6632066e-02
   3.1650000e+03   3.8232333e-03   9.8482418e-01   1.1352584e-02
   3.2410000e+03   5.9766519e-02   8.2802034e-01   1.1221314e-01
   3.3930000e+03   6.2485591e-02   5.4229051e-02   8.8328536e-01
   3.1770000e+03   1.8204286e-03   6.0372112e-03   9.9214236e-01
   3.1750000e+03   1.5744973e-02   8.7459887e-01   1.0965616e-01
   3.1910000e+03   1.8008315e-03   9.9198808e-01   6.2110918e-03
   3.3940000e+03   5.5787771e-02   3.6396210e-01   5.8025013e-01
   3.3950000e+03   9.7109730e-01   2.5226298e-02   3.6764066e-03
