   2.8140000e+03   8.3069108e-01   1.4742594e-01   2.1882978e-02
   2.7990000e+03   6.1429337e-01   9.5757094e-02   2.8994953e-01
   2.7970000e+03   9.8977806e-01   3.0416959e-03   7.1802482e-03
   3.0090000e+03   9.6754838e-01   2.7493254e-02   4.9583678e-03
   2.8460000e+03   3.3584084e-01   6.5288902e-01   1.1270145e-02
   3.0080000e+03   3.0040009e-02   7.0875920e-01   2.6120080e-01
   2.8290000e+03   1.1280984e-01   7.7488498e-01   1.1230518e-01
   2.8250000e+03   6.1377167e-02   6.3704742e-01   3.0157542e-01
   2.8070000e+03   5.8203085e-03   9.8556478e-01   8.6149127e-03
   2.8360000e+03   1.0665808e-01   3.8422446e-02   8.5491948e-01
   2.8160000e+03   8.1257648e-03   2.5122284e-02   9.6675195e-01
   2.7980000e+03   5.7791178e-01   3.6510270e-01   5.6985524e-02
   2.8360000e+03   2.4182961e-01   7.9175343e-02   6.7899504e-01
   2.7920000e+03   1.2962539e-02   3.7969528e-01   6.0734218e-01
   2.7930000e+03   4.7331928e-02   2.9190672e-01   6.6076135e-01
   2.8360000e+03   3.9496507e-01   1.1302788e-01   4.9200705e-01
   2.7920000e+03   1.0513906e-02   8.0356763e-01   1.8591847e-01
   2.7930000e+03   2.2245384e-02   7.3662525e-01   2.4112937e-01
   2.8090000e+03   2.6882355e-01   8.5585521e-02   6.4559093e-01
   2.8000000e+03   1.3925595e-01   5.3014370e-01   3.3060035e-01
   2.8190000e+03   4.5985353e-01   4.7138618e-01   6.8760285e-02
   2.8010000e+03   1.9233749e-02   6.2138703e-01   3.5937922e-01
   2.8330000e+03   1.2884095e-01   3.7482863e-01   4.9633042e-01
   3.0040000e+03   9.9516353e-01   4.3668252e-03   4.6964007e-04
   3.0310000e+03   1.4343795e-01   1.0625006e-02   8.4593705e-01
   3.0380000e+03   1.8059569e-01   9.4691446e-03   8.0993516e-01
   2.8110000e+03   2.4390379e-01   1.1156283e-02   7.4493992e-01
   3.0380000e+03   3.6835622e-01   4.0249450e-02   5.9139433e-01
   3.0420000e+03   2.4946052e-03   4.4977136e-02   9.5252826e-01
   3.0380000e+03   5.7227033e-01   5.8865738e-02   3.6886393e-01
   2.8210000e+03   8.9888471e-03   8.7210506e-01   1.1890610e-01
   2.4590000e+03   5.2116738e-01   2.6721806e-01   2.1161456e-01
   3.0150000e+03   4.3262980e-01   1.0520554e-01   4.6216466e-01
   3.0060000e+03   7.5675266e-03   2.1116610e-01   7.8126637e-01
   3.0040000e+03   6.8528279e-03   1.0753409e-01   8.8561308e-01
   2.8320000e+03   2.0957883e-01   5.3372966e-02   7.3704821e-01
   2.8350000e+03   2.1266622e-01   5.4396174e-02   7.3293760e-01
   2.4600000e+03   2.1076890e-16   9.9482515e-01   5.1748454e-03
   2.8360000e+03   5.8337395e-01   1.2431490e-01   2.9231115e-01
   2.8390000e+03   2.2638831e-01   5.0298243e-02   7.2331345e-01
   2.8690000e+03   1.4817030e-02   1.6314208e-02   9.6886876e-01
   2.8440000e+03   9.0265320e-02   3.9866657e-01   5.1106811e-01
   2.4560000e+03   5.5072970e-02   4.7711292e-02   8.9721574e-01
   3.0450000e+03   3.4997632e-01   2.7105083e-01   3.7897285e-01
   2.8410000e+03   2.8566218e-01   1.4172788e-01   5.7260994e-01
   2.8500000e+03   2.0479792e-02   8.3861751e-02   8.9565846e-01
   3.0440000e+03   2.7867357e-01   1.1855312e-01   6.0277330e-01
   3.0490000e+03   3.3191237e-01   1.9025323e-01   4.7783440e-01
   3.0510000e+03   3.0543852e-01   1.9559903e-02   6.7500157e-01
   2.8520000e+03   6.2616740e-02   2.9214935e-02   9.0816832e-01
   2.8510000e+03   5.0251420e-02   2.3179112e-01   7.1795746e-01
   3.0550000e+03   3.4417375e-01   2.2828437e-02   6.3299781e-01
   3.0550000e+03   1.2134437e-01   5.9844033e-01   2.8021530e-01
   3.0530000e+03   9.9339570e-01   1.8369577e-03   4.7673419e-03
   2.8600000e+03   1.4410277e-01   8.5492767e-01   9.6955980e-04
   2.4570000e+03   4.9303061e-01   1.0382502e-01   4.0314437e-01
   2.8690000e+03   1.0619764e-01   6.5134347e-01   2.4245889e-01
   2.4570000e+03   3.4726619e-01   6.0271325e-01   5.0020567e-02
   3.0130000e+03   3.8621378e-03   8.9129120e-01   1.0484666e-01
   3.0440000e+03   6.8815455e-01   1.6136477e-01   1.5048068e-01
   3.0070000e+03   1.8831277e-01   1.7371615e-01   6.3797109e-01
   2.8640000e+03   9.7822889e-03   6.7936159e-01   3.1085612e-01
   2.8650000e+03   7.7204715e-01   7.2003340e-02   1.5594951e-01
   2.8970000e+03   2.1458656e-03   4.3360563e-02   9.5449357e-01
   2.8760000e+03   1.9009960e-01   2.4485296e-02   7.8541510e-01
   2.8780000e+03   5.7912189e-03   9.8547312e-01   8.7356562e-03
   2.8730000e+03   7.0185181e-01   1.7668727e-02   2.8047947e-01
   2.8780000e+03   4.8492158e-03   5.3340781e-03   9.8981671e-01
   2.9270000e+03   2.6354263e-01   1.4582929e-02   7.2187444e-01
   2.9300000e+03   4.4243258e-03   5.4033251e-03   9.9017235e-01
   2.9190000e+03   4.7014457e-03   6.0502064e-03   9.8924835e-01
   2.8900000e+03   5.1851734e-03   6.1297675e-03   9.8868506e-01
   2.9060000e+03   5.3956904e-03   6.9048117e-03   9.8769950e-01
   2.9230000e+03   4.8402407e-03   6.7067315e-03   9.8845303e-01
   3.0710000e+03   4.9502371e-03   7.3514362e-03   9.8769833e-01
   2.8950000e+03   7.4156272e-01   3.0217864e-02   2.2821941e-01
   2.8980000e+03   2.4068139e-01   2.1047108e-03   7.5721389e-01
   3.0950000e+03   9.1393238e-03   1.7826970e-01   8.1259098e-01
   2.9930000e+03   4.6693585e-03   5.9674624e-03   9.8936318e-01
   2.9100000e+03   5.5882799e-03   7.9932373e-03   9.8641848e-01
   2.9410000e+03   5.4436254e-03   8.4205981e-03   9.8613578e-01
   3.0750000e+03   4.8210816e-03   7.8956712e-03   9.8728325e-01
   2.9090000e+03   2.0597379e-02   9.6258372e-01   1.6818900e-02
   2.9210000e+03   4.1452109e-03   5.8869236e-03   9.8996787e-01
   2.9250000e+03   4.2459681e-03   6.4916734e-03   9.8926236e-01
   3.0730000e+03   4.3224671e-03   7.0140378e-03   9.8866350e-01
   2.9270000e+03   7.9723110e-01   1.3464859e-02   1.8930404e-01
   2.9320000e+03   2.7274324e-03   5.3613190e-03   9.9191125e-01
   2.9470000e+03   7.8992090e-01   5.9393554e-02   1.5068555e-01
   2.9450000e+03   4.1411758e-03   9.8029012e-03   9.8605592e-01
   2.4630000e+03   7.5638959e-03   9.8595794e-01   6.4781592e-03
   2.9400000e+03   3.8959304e-02   8.8836600e-01   7.2674699e-02
   3.1010000e+03   9.1668570e-01   5.7697892e-02   2.5616406e-02
   2.9520000e+03   6.3563485e-03   7.7000579e-03   9.8594359e-01
   2.9700000e+03   1.6708324e-01   5.3402147e-01   2.9889529e-01
   2.9740000e+03   3.4184908e-03   7.9245783e-03   9.8865693e-01
   2.9760000e+03   3.2301581e-03   8.8963848e-03   9.8787346e-01
   2.9690000e+03   4.2067491e-01   5.0082772e-01   7.8497370e-02
   2.9600000e+03   4.1387226e-01   2.9267955e-02   5.5685979e-01
   2.9640000e+03   5.5348818e-03   6.7364979e-03   9.8772862e-01
   2.9840000e+03   4.4697423e-03   7.3250714e-03   9.8820519e-01
   2.6440000e+03   8.6876727e-01   1.2084777e-01   1.0384965e-02
   2.7590000e+03   9.8663739e-01   1.9589505e-03   1.1403661e-02
   2.9740000e+03   7.7722718e-01   2.0242546e-02   2.0253028e-01
   2.9780000e+03   6.9413221e-03   6.7659853e-03   9.8629269e-01
   3.0870000e+03   4.1713198e-01   5.0659431e-01   7.6273709e-02
   2.9820000e+03   4.0805770e-03   6.1352851e-03   9.8978414e-01
   2.9850000e+03   2.3309704e-03   5.6852590e-03   9.9198377e-01
   2.9910000e+03   7.3702327e-01   6.3570926e-04   2.6234102e-01
   2.9930000e+03   6.7595855e-01   1.1002229e-02   3.1303922e-01
   3.1140000e+03   3.9361738e-02   7.3020127e-02   8.8761813e-01
   2.9950000e+03   6.5856636e-01   2.9662169e-01   4.4811947e-02
   2.9950000e+03   2.8002534e-01   6.9196974e-01   2.8004919e-02
   3.1160000e+03   4.9303765e-02   7.7862279e-02   8.7283396e-01
   2.9960000e+03   7.0103050e-01   2.5105121e-01   4.7918282e-02
   2.9960000e+03   3.3601936e-01   6.4155710e-01   2.2423543e-02
   3.0610000e+03   4.5073389e-02   6.6117671e-01   2.9374990e-01
   2.9980000e+03   1.1710321e-02   8.4112680e-02   9.0417700e-01
   3.1070000e+03   4.6663887e-01   1.3980732e-01   3.9355381e-01
   2.9980000e+03   6.4798593e-01   3.4186760e-01   1.0146474e-02
   3.0000000e+03   3.0468185e-02   7.2681412e-01   2.4271769e-01
   3.0180000e+03   3.5721687e-01   1.7177704e-02   6.2560542e-01
   3.0110000e+03   2.9501159e-01   7.4454699e-02   6.3053371e-01
   3.0130000e+03   3.4927037e-01   4.5577924e-02   6.0515171e-01
   3.0170000e+03   1.4490206e-03   6.0706519e-03   9.9248033e-01
   3.0200000e+03   5.8654124e-03   6.3219383e-03   9.8781265e-01
   3.0210000e+03   3.0888242e-01   1.3604756e-01   5.5507002e-01
   3.0330000e+03   2.7595980e-01   5.6717810e-02   6.6732239e-01
   3.0250000e+03   2.3982754e-01   1.3091405e-02   7.4708106e-01
   3.0220000e+03   6.3120235e-01   3.7222347e-02   3.3157531e-01
   3.0250000e+03   6.3421680e-01   4.8454890e-02   3.1732831e-01
   3.0380000e+03   8.0189343e-01   4.9671836e-02   1.4843473e-01
   3.0410000e+03   1.0871892e-01   2.8897069e-01   6.0231040e-01
   3.0430000e+03   1.1858607e-01   5.6694079e-02   8.2471985e-01
   3.0440000e+03   3.3119526e-01   4.7995768e-01   1.8884706e-01
   3.0490000e+03   7.3693131e-01   1.0531702e-01   1.5775167e-01
   3.0500000e+03   5.2299537e-01   1.6545047e-01   3.1155416e-01
   3.0620000e+03   5.7148122e-02   2.2308633e-01   7.1976554e-01
   3.0570000e+03   4.4493677e-01   1.4520446e-02   5.4054278e-01
   3.0540000e+03   1.4619669e-02   7.5909877e-01   2.2628156e-01
   3.0560000e+03   1.0044559e-02   6.9092130e-01   2.9903414e-01
   3.0580000e+03   6.0702910e-02   8.8812931e-01   5.1167784e-02
   3.0590000e+03   1.2552582e-01   8.6287145e-01   1.1602733e-02
   3.0770000e+03   4.3266715e-03   7.6363696e-03   9.8803696e-01
   3.0780000e+03   8.2254746e-03   3.9942555e-03   9.8778027e-01
   3.0800000e+03   4.9630653e-01   7.9756729e-03   4.9571779e-01
   3.1040000e+03   5.1702611e-01   7.0289847e-02   4.1268404e-01
   3.0830000e+03   4.1187381e-01   2.6701842e-01   3.2110777e-01
   3.0840000e+03   9.8710377e-02   3.6738452e-01   5.3390510e-01
   3.0910000e+03   5.7033606e-02   3.4465378e-01   5.9831261e-01
   3.0890000e+03   1.1817305e-01   8.1697350e-01   6.4853452e-02
   3.0960000e+03   8.4305457e-01   1.5376673e-01   3.1786911e-03
   3.1030000e+03   9.9290234e-01   4.0981132e-03   2.9995428e-03
   2.5430000e+03   3.2709624e-02   8.6182950e-01   1.0546087e-01
   2.6810000e+03   2.2455439e-02   9.7414988e-01   3.3946793e-03
   2.5090000e+03   4.2215398e-02   1.0519923e-01   8.5258538e-01
   2.5090000e+03   4.2699087e-01   5.7111637e-02   5.1589749e-01
   2.5090000e+03   1.1308299e-01   3.9568934e-01   4.9122767e-01
   2.4860000e+03   6.8785161e-01   5.1721494e-02   2.6042690e-01
   2.4660000e+03   2.0929883e-01   1.7920245e-01   6.1149873e-01
   2.4760000e+03   4.2908440e-01   1.9493225e-01   3.7598335e-01
   2.4930000e+03   2.5960171e-02   4.0826190e-03   9.6995721e-01
   2.4710000e+03   9.0875114e-01   4.5254604e-02   4.5994259e-02
   2.5040000e+03   3.8523048e-01   6.1214003e-02   5.5355552e-01
   2.4920000e+03   2.1858265e-03   3.3220437e-01   6.6560980e-01
   2.5020000e+03   1.1495284e-01   7.7072339e-01   1.1432377e-01
   2.4780000e+03   7.4688596e-01   1.8156110e-01   7.1552937e-02
   2.7040000e+03   7.2789301e-02   4.1182122e-01   5.1538948e-01
   2.4840000e+03   1.1194236e-02   2.4453819e-01   7.4426757e-01
   2.7080000e+03   1.6376899e-02   6.6842347e-02   9.1678075e-01
   2.7100000e+03   1.4438906e-02   1.8099150e-01   8.0456960e-01
   2.7100000e+03   4.0601226e-02   3.6910814e-01   5.9029063e-01
   2.7100000e+03   5.8834438e-02   5.7310579e-01   3.6805977e-01
   2.4910000e+03   5.9179631e-01   1.0615719e-01   3.0204650e-01
   2.6880000e+03   1.3230263e-01   4.7201008e-01   3.9568729e-01
   2.6770000e+03   4.7206483e-01   2.6817096e-01   2.5976422e-01
   2.6760000e+03   9.1098976e-02   1.5739586e-02   8.9316144e-01
   2.5030000e+03   4.5888622e-02   8.9029256e-01   6.3818815e-02
   2.5060000e+03   5.6120383e-02   2.1432158e-01   7.2955804e-01
   2.5080000e+03   5.5093788e-02   2.1770311e-01   7.2720310e-01
   2.4520000e+03   1.3500893e-02   6.9896210e-01   2.8753701e-01
   2.5090000e+03   1.3334192e-01   5.7975217e-01   2.8690591e-01
   2.5120000e+03   5.6599621e-02   2.2952099e-01   7.1387939e-01
   2.4470000e+03   2.8037449e-02   2.1945743e-01   7.5250512e-01
   2.5330000e+03   5.8209249e-01   3.2618045e-01   9.1727057e-02
   2.7170000e+03   5.6776928e-01   8.9085313e-02   3.4314541e-01
   2.5280000e+03   9.8414138e-01   7.0804274e-03   8.7781953e-03
   2.5420000e+03   5.5202908e-01   1.5826278e-01   2.8970814e-01
   2.5220000e+03   7.4998717e-02   9.1466567e-01   1.0335611e-02
   2.7220000e+03   1.9309265e-01   3.3511243e-01   4.7179492e-01
   2.7240000e+03   2.3254146e-02   3.0825554e-01   6.6849031e-01
   2.7230000e+03   6.9287310e-01   2.4705333e-01   6.0073575e-02
   2.5250000e+03   1.6093955e-02   6.2813517e-02   9.2109253e-01
   2.5270000e+03   3.3534284e-02   8.9790683e-02   8.7667503e-01
   2.4480000e+03   3.1110893e-01   2.2450398e-01   4.6438709e-01
   2.6860000e+03   4.2501301e-01   1.9151907e-01   3.8346793e-01
   2.7170000e+03   1.4729339e-01   1.6615312e-01   6.8655349e-01
   2.5380000e+03   2.7203079e-01   1.9761935e-01   5.3034986e-01
   2.5360000e+03   6.5733275e-01   2.6087267e-01   8.1794584e-02
   2.5460000e+03   1.5732751e-02   7.0459762e-01   2.7966962e-01
   2.6000000e+03   1.3178544e-02   2.6613811e-01   7.2068334e-01
   2.5510000e+03   2.9655627e-03   8.8063575e-03   9.8822808e-01
   2.6020000e+03   2.7920368e-03   7.1350485e-03   9.9007291e-01
   2.5610000e+03   2.0560737e-03   7.6107224e-03   9.9033320e-01
   2.5920000e+03   2.0788468e-03   6.5806474e-03   9.9134051e-01
   2.5630000e+03   1.2189305e-03   6.5037930e-03   9.9227728e-01
   2.5940000e+03   1.5014140e-03   6.3475968e-03   9.9215099e-01
   2.5810000e+03   2.5535130e-15   5.9126323e-03   9.9408737e-01
   2.7440000e+03   9.7601083e-04   6.2081092e-03   9.9281588e-01
   2.5680000e+03   7.8114653e-02   6.9510312e-01   2.2678223e-01
   2.5710000e+03   5.3416236e-02   2.1844762e-01   7.2813615e-01
   2.5800000e+03   9.9467815e-01   4.8143303e-03   5.0752400e-04
   2.7460000e+03   4.7188081e-04   6.1083013e-03   9.9341982e-01
   2.5820000e+03   9.9496196e-01   3.9223723e-03   1.1156637e-03
   2.5820000e+03   1.5734385e-02   9.5516718e-01   2.9098431e-02
   2.5960000e+03   3.2561529e-03   7.8573980e-03   9.8888645e-01
   2.5980000e+03   2.8192301e-03   7.6451552e-03   9.8953561e-01
   2.7480000e+03   2.4784910e-03   7.6108694e-03   9.8991064e-01
   2.6000000e+03   1.2477261e-02   8.0020140e-01   1.8732134e-01
   2.6050000e+03   3.7540309e-03   5.6426383e-03   9.9060333e-01
   2.6150000e+03   9.9529211e-01   3.3551571e-03   1.3527316e-03
   2.6150000e+03   7.0639603e-02   8.8075895e-01   4.8601443e-02
   2.6170000e+03   9.9463670e-01   2.6660056e-03   2.6972955e-03
   2.7730000e+03   4.8026001e-03   9.4374822e-01   5.1449180e-02
   2.6360000e+03   9.9517164e-01   5.0534007e-04   4.3230177e-03
   2.6540000e+03   9.9447828e-01   3.9532609e-04   5.1263922e-03
   2.6230000e+03   9.9471906e-01   4.9919072e-03   2.8903159e-04
   2.6470000e+03   9.9395302e-01   4.2660442e-03   1.7809363e-03
   2.6430000e+03   5.1493278e-01   1.6698270e-01   3.1808451e-01
   2.6420000e+03   7.3647652e-02   4.8187952e-01   4.4447283e-01
   2.4550000e+03   4.0766342e-03   9.9453105e-01   1.3923149e-03
   2.7730000e+03   6.1778408e-03   4.3152160e-03   9.8950694e-01
   2.6340000e+03   9.9531313e-01   4.7083180e-04   4.2160344e-03
   2.6520000e+03   9.9416943e-01   1.0352891e-03   4.7952784e-03
   2.6470000e+03   1.0634269e-02   7.7888539e-01   2.1048034e-01
   2.6490000e+03   9.9276175e-01   3.3519244e-03   3.8863254e-03
   2.6500000e+03   5.9971936e-01   3.9051400e-01   9.7666372e-03
   2.7750000e+03   7.4537539e-03   2.3255048e-03   9.9022074e-01
   2.6560000e+03   9.9297000e-01   4.3244645e-03   2.7055388e-03
   2.6640000e+03   2.3723817e-03   7.4075881e-01   2.5686881e-01
   2.6660000e+03   1.1103674e-02   6.8006376e-01   3.0883256e-01
   2.7890000e+03   3.1945025e-01   1.1418458e-01   5.6636517e-01
   2.6680000e+03   4.0913711e-02   3.3098811e-01   6.2809818e-01
   2.6730000e+03   2.7845464e-02   6.3747153e-01   3.3468301e-01
   2.7250000e+03   9.7167602e-01   1.1358414e-02   1.6965564e-02
   2.6710000e+03   5.4153916e-02   6.5211659e-01   2.9372949e-01
   2.7840000e+03   5.7565532e-01   6.1141444e-02   3.6320324e-01
   2.6840000e+03   7.4234427e-02   3.0111257e-01   6.2465300e-01
   2.6930000e+03   7.1684671e-03   2.2463424e-02   9.7036811e-01
   2.6940000e+03   1.3254818e-02   5.3914601e-02   9.3283058e-01
   2.6950000e+03   6.4281634e-01   1.3787808e-01   2.1930558e-01
   2.7060000e+03   6.5286927e-02   4.7126930e-01   4.6344377e-01
   2.6980000e+03   5.3100626e-02   6.3455470e-01   3.1234468e-01
   2.7020000e+03   1.2188983e-02   1.8017462e-02   9.6979355e-01
   2.7100000e+03   6.0873172e-02   8.0301554e-01   1.3611129e-01
   2.7130000e+03   2.1041338e-02   1.7270285e-01   8.0625581e-01
   2.7160000e+03   6.7679097e-02   1.2016665e-01   8.1215426e-01
   2.7170000e+03   1.9435315e-01   6.4004903e-01   1.6559782e-01
   2.7230000e+03   3.1612366e-01   2.1966111e-01   4.6421523e-01
   2.7350000e+03   5.5736472e-01   4.3491791e-01   7.7173726e-03
   2.7270000e+03   6.5810530e-01   3.1087561e-01   3.1019087e-02
   2.7270000e+03   2.2276248e-01   7.6711948e-01   1.0118043e-02
   2.7320000e+03   1.5106065e-01   4.5643403e-01   3.9250532e-01
   2.7330000e+03   7.0472988e-03   8.5954540e-01   1.3340730e-01
   2.7800000e+03   9.8935283e-01   7.5523548e-03   3.0948181e-03
   2.7500000e+03   2.3368091e-03   7.6077768e-03   9.9005541e-01
   2.7520000e+03   9.9244851e-01   2.2279837e-03   5.3235092e-03
   2.7540000e+03   5.0179873e-01   4.9615047e-01   2.0507938e-03
   2.7780000e+03   1.9810796e-01   2.2813258e-01   5.7375945e-01
   2.7560000e+03   2.8474332e-01   5.1941991e-02   6.6331468e-01
   2.7620000e+03   1.4720158e-01   6.8567705e-01   1.6712136e-01
   2.7690000e+03   4.5093303e-02   6.2832912e-01   3.2657757e-01
   2.8320000e+03   6.5559713e-01   8.5086020e-02   2.5931685e-01
   2.8350000e+03   6.8263787e-01   1.2077500e-01   1.9658714e-01
   3.7660000e+03   2.7755576e-17   9.9485902e-01   5.1409799e-03
   2.8360000e+03   8.2231007e-01   6.1696884e-02   1.1599304e-01
   2.8390000e+03   6.3581529e-01   7.4695538e-02   2.8948917e-01
   3.0470000e+03   8.1742034e-01   2.7549460e-02   1.5503020e-01
   3.7260000e+03   5.5276642e-03   9.9069664e-01   3.7756953e-03
   3.7220000e+03   5.9557128e-03   9.9019341e-01   3.8508776e-03
   3.6530000e+03   6.3182632e-03   9.8972905e-01   3.9526894e-03
   3.7070000e+03   6.9980542e-03   6.8490688e-01   3.0809507e-01
   2.9320000e+03   6.7913306e-01   1.1195238e-02   3.0967171e-01
   3.6790000e+03   1.3193712e-02   5.8318107e-01   4.0362522e-01
   2.9780000e+03   6.8790087e-01   1.8385234e-02   2.9371390e-01
   3.0870000e+03   8.5014396e-01   1.0300022e-02   1.3955602e-01
   3.6690000e+03   4.6897168e-03   9.9049183e-01   4.8184572e-03
   3.6650000e+03   4.4352290e-03   9.8766180e-01   7.9029717e-03
   3.7000000e+03   2.9998743e-04   2.5901232e-01   7.4068770e-01
   3.6960000e+03   2.0589288e-03   7.4166607e-01   2.5627500e-01
   3.0110000e+03   7.8459267e-01   4.9185803e-03   2.1048875e-01
   3.7780000e+03   9.9593575e-01   1.3658487e-04   3.9276697e-03
   3.7630000e+03   3.2777600e-15   9.9439581e-01   5.6041910e-03
   3.7590000e+03   6.5439900e-02   8.2991142e-01   1.0464868e-01
   3.7560000e+03   6.3963775e-03   8.4043707e-01   1.5316655e-01
   3.8020000e+03   9.9543253e-01   1.3294448e-03   3.2380238e-03
   3.0460000e+03   1.4509124e-02   8.8275278e-01   1.0273810e-01
   3.7690000e+03   8.4764378e-01   2.4494611e-03   1.4990676e-01
   3.7730000e+03   3.6598731e-01   4.9853040e-01   1.3548229e-01
   3.7900000e+03   8.1195628e-01   5.1682839e-02   1.3636088e-01
   3.7880000e+03   8.6026818e-01   5.3314826e-02   8.6416993e-02
   3.0580000e+03   6.4464496e-01   3.1784158e-01   3.7513463e-02
   3.0970000e+03   2.6686358e-04   9.9510736e-01   4.6257734e-03
   3.6490000e+03   6.6358404e-03   9.8928441e-01   4.0797469e-03
   3.6400000e+03   6.7046694e-03   9.8911333e-01   4.1819970e-03
   3.6360000e+03   6.6013075e-03   9.8896156e-01   4.4371364e-03
   3.6450000e+03   6.2359234e-03   9.8989264e-01   3.8714403e-03
   3.4570000e+03   2.4352964e-01   7.5379008e-01   2.6802772e-03
   3.6870000e+03   7.3678666e-01   1.4074354e-01   1.2246980e-01
   3.4900000e+03   3.2081276e-01   1.3623660e-02   6.6556358e-01
   3.4930000e+03   1.8012439e-01   4.0213550e-03   8.1585425e-01
   3.4920000e+03   3.2978457e-02   1.7970925e-01   7.8731230e-01
   3.5050000e+03   5.5474362e-03   9.9236381e-01   2.0887548e-03
   3.4930000e+03   7.0457999e-01   4.3019169e-02   2.5240084e-01
   3.7080000e+03   8.4146217e-01   1.5571033e-02   1.4296680e-01
   3.5070000e+03   5.6687192e-03   9.9095964e-01   3.3716405e-03
   3.7250000e+03   3.0821813e-01   3.5614963e-02   6.5616690e-01
   3.7050000e+03   4.0779143e-01   2.4887671e-02   5.6732090e-01
   3.4950000e+03   1.8358938e-01   2.4042582e-02   7.9236804e-01
   3.4980000e+03   1.6913408e-01   1.7881342e-02   8.1298458e-01
   3.4970000e+03   2.1859546e-03   3.9461850e-03   9.9386786e-01
   3.5000000e+03   5.4871455e-03   4.0835727e-03   9.9042928e-01
   3.5100000e+03   3.5231239e-01   1.4943459e-02   6.3274415e-01
   3.5020000e+03   4.0609482e-01   9.0411588e-02   5.0349360e-01
   3.5060000e+03   3.1211877e-01   3.8702145e-02   6.4917908e-01
   3.1320000e+03   9.9512919e-01   3.7728690e-03   1.0979450e-03
   3.5010000e+03   6.2690149e-03   9.9200170e-01   1.7292815e-03
   3.6290000e+03   2.7303167e-03   9.9522011e-01   2.0495745e-03
   3.5030000e+03   5.4676283e-03   9.9175330e-01   2.7790702e-03
   3.5090000e+03   7.5188015e-03   3.3106173e-01   6.6141947e-01
   3.5110000e+03   1.3032727e-02   2.8701248e-01   6.9995479e-01
   3.5130000e+03   3.5524315e-01   1.4424328e-02   6.3033252e-01
   3.5240000e+03   1.7947321e-02   2.8637119e-01   6.9568149e-01
   3.5210000e+03   7.1535850e-03   1.9981129e-01   7.9303512e-01
   3.6550000e+03   3.1874116e-03   8.4442692e-04   9.9596816e-01
   3.5170000e+03   2.5740692e-01   2.7888148e-02   7.1470494e-01
   3.6280000e+03   2.5753305e-01   4.0549516e-02   7.0191743e-01
   3.6600000e+03   3.1478579e-03   9.9561950e-01   1.2326381e-03
   3.5170000e+03   7.1106496e-01   2.5414270e-02   2.6352077e-01
   3.6280000e+03   6.6514055e-01   4.5397844e-02   2.8946161e-01
   3.6290000e+03   3.8726277e-02   1.3456387e-01   8.2670985e-01
   3.5220000e+03   2.2627941e-01   9.0314324e-03   7.6468915e-01
   3.6330000e+03   1.3822187e-02   2.9941129e-01   6.8676653e-01
   3.5230000e+03   2.2716941e-03   2.7306664e-03   9.9499764e-01
   3.5210000e+03   5.8075321e-03   7.4058822e-01   2.5360424e-01
   3.5290000e+03   4.5142092e-03   1.3837870e-03   9.9410200e-01
   3.5280000e+03   2.4771862e-02   2.4677364e-01   7.2845450e-01
   3.8030000e+03   3.1014381e-02   6.9481857e-01   2.7416705e-01
   3.5320000e+03   8.2454225e-02   3.1182914e-01   6.0571664e-01
   3.1340000e+03   4.6027095e-01   4.6826621e-01   7.1462839e-02
   3.6760000e+03   3.2331504e-02   1.4845647e-02   9.5282285e-01
   3.5310000e+03   2.1119998e-03   9.9217667e-01   5.7113309e-03
   3.6780000e+03   2.4467288e-01   3.7965451e-03   7.5153057e-01
   3.5330000e+03   1.1312408e-03   9.9405044e-01   4.8183228e-03
   3.6570000e+03   6.1538494e-01   2.1077669e-01   1.7383838e-01
   3.5350000e+03   3.1902442e-01   9.4947884e-02   5.8602769e-01
   3.5360000e+03   5.9240682e-01   1.2109309e-01   2.8650008e-01
   3.5390000e+03   1.5420626e-01   4.5674270e-01   3.8905104e-01
   3.5410000e+03   3.1406488e-01   8.8891734e-02   5.9704339e-01
   3.7130000e+03   1.6317152e-03   3.9178162e-03   9.9445047e-01
   3.5580000e+03   2.2204460e-16   4.8491805e-03   9.9515082e-01
   3.5590000e+03   8.9843989e-04   3.5166233e-03   9.9558494e-01
   3.6900000e+03   4.3288071e-03   9.9567119e-01   0.0000000e+00
   3.5420000e+03   3.2925052e-15   9.9455855e-01   5.4414466e-03
   3.5460000e+03   3.7307615e-03   9.9503386e-01   1.2353791e-03
   3.5450000e+03   6.8367038e-01   3.4735539e-03   3.1285607e-01
   3.5440000e+03   4.2529700e-03   9.9179642e-01   3.9506136e-03
   3.5480000e+03   3.9299193e-03   9.9450613e-01   1.5639531e-03
   3.5510000e+03   9.9630485e-01   1.2097315e-03   2.4854192e-03
   3.5550000e+03   9.9645792e-01   8.9572283e-04   2.6463532e-03
   3.8190000e+03   9.9655053e-01   5.9536103e-04   2.8541123e-03
   3.7850000e+03   2.6116461e-01   7.1917197e-01   1.9663422e-02
   3.5570000e+03   9.9646000e-01   5.7685766e-04   2.9631406e-03
   3.8200000e+03   9.9559339e-01   4.4066149e-03   2.2169392e-15
   3.5610000e+03   5.1785228e-04   3.3320256e-03   9.9615012e-01
   3.5600000e+03   3.2037933e-05   2.9165438e-03   9.9705142e-01
   3.5640000e+03   1.3633109e-04   2.7616025e-03   9.9710207e-01
   3.7800000e+03   1.2564206e-01   1.3732064e-01   7.3703731e-01
   3.5660000e+03   4.3034755e-01   4.5942948e-02   5.2370950e-01
   3.5880000e+03   6.3998642e-03   1.4798960e-01   8.4561054e-01
   3.7800000e+03   4.2700608e-03   9.9572994e-01   1.3452718e-16
   3.5690000e+03   3.5078156e-01   6.1003615e-01   3.9182284e-02
   3.5870000e+03   7.0741932e-01   1.6817054e-03   2.9089898e-01
   3.5690000e+03   6.9226761e-01   4.4365482e-02   2.6336691e-01
   3.5680000e+03   3.5392031e-01   6.1094164e-01   3.5138047e-02
   3.7680000e+03   7.2613042e-01   7.7876361e-02   1.9599322e-01
   3.5780000e+03   3.4632649e-01   3.0237091e-02   6.2343642e-01
   3.5900000e+03   3.0708622e-01   4.7879081e-04   6.9243499e-01
   3.5930000e+03   7.7510178e-04   1.3336526e-01   8.6585963e-01
   3.5740000e+03   1.8705785e-01   4.3345314e-02   7.6959683e-01
   3.5730000e+03   1.3177528e-01   3.7201373e-02   8.3102335e-01
   3.5760000e+03   4.5360321e-01   5.0294186e-01   4.3454933e-02
   3.8370000e+03   5.1828038e-01   4.3918887e-01   4.2530744e-02
   3.5810000e+03   4.5763882e-01   5.4845401e-02   4.8751578e-01
   3.5810000e+03   4.2532812e-04   9.9902692e-01   5.4775569e-04
   3.5780000e+03   7.2086215e-01   1.5285353e-02   2.6385249e-01
   3.5810000e+03   9.9868510e-01   1.3340448e-04   1.1814926e-03
   3.5800000e+03   7.3419349e-02   5.8353750e-01   3.4304315e-01
   3.7700000e+03   2.8035879e-02   6.5879099e-02   9.0608502e-01
   3.5820000e+03   6.5738482e-01   4.4774870e-02   2.9784031e-01
   3.7770000e+03   5.8874412e-02   1.4359916e-01   7.9752643e-01
   3.1280000e+03   7.0640318e-01   1.0739661e-01   1.8620021e-01
   3.1300000e+03   3.7161974e-01   5.9657039e-03   6.2241455e-01
   3.7610000e+03   2.1972296e-02   8.9488232e-02   8.8853947e-01
   3.5860000e+03   8.0949080e-03   3.0218256e-01   6.8972253e-01
   3.5860000e+03   2.3517795e-01   5.4205006e-01   2.2277200e-01
   3.5830000e+03   9.9770153e-01   7.8873032e-04   1.5097354e-03
   3.5830000e+03   3.0612773e-01   6.0560958e-01   8.8262684e-02
   3.8140000e+03   8.0797987e-01   1.6959939e-01   2.2420741e-02
   3.5900000e+03   6.7133519e-01   4.7836249e-02   2.8082857e-01
   3.7710000e+03   1.6853778e-02   3.4972629e-02   9.4817359e-01
   3.5920000e+03   2.5434377e-02   8.2222825e-02   8.9234280e-01
   3.7290000e+03   3.9438994e-01   4.8518268e-02   5.5709179e-01
   3.6210000e+03   2.8993761e-01   3.6181100e-02   6.7388129e-01
   3.6120000e+03   2.1291856e-03   9.9695595e-01   9.1486455e-04
   3.6160000e+03   1.7955385e-02   3.5318312e-01   6.2886149e-01
   3.5950000e+03   8.9082797e-03   2.7466386e-01   7.1642786e-01
   3.5980000e+03   4.9890044e-03   3.8927790e-01   6.0573310e-01
   3.7540000e+03   5.2971760e-02   8.7536084e-01   7.1667396e-02
   3.6000000e+03   5.4795824e-01   3.4047632e-01   1.1156544e-01
   3.6080000e+03   1.5949493e-03   1.0566786e-03   9.9734837e-01
   3.7990000e+03   2.8731270e-03   3.3725453e-01   6.5987234e-01
   3.7940000e+03   2.0228772e-02   5.1949138e-03   9.7457631e-01
   3.8110000e+03   6.7114096e-03   1.5094673e-03   9.9177912e-01
   3.8110000e+03   4.1994782e-02   8.0550569e-01   1.5249953e-01
   3.6120000e+03   6.8213408e-01   2.6294908e-02   2.9157101e-01
   3.6190000e+03   7.0280916e-01   1.2045592e-02   2.8514525e-01
   3.7440000e+03   1.6422375e-02   3.7546574e-01   6.0811188e-01
   3.7320000e+03   3.2280799e-01   6.2519659e-02   6.1467235e-01
   3.7430000e+03   8.0224781e-04   5.6201281e-04   9.9863574e-01
   3.6140000e+03   5.3126108e-02   4.3120921e-01   5.1566468e-01
   3.6150000e+03   9.9607377e-01   1.7319600e-15   3.9262336e-03
   3.6210000e+03   7.6779653e-01   2.1139790e-02   2.1106368e-01
   3.6220000e+03   1.6167614e-03   9.0375354e-04   9.9747949e-01
   3.1310000e+03   3.8509665e-01   2.0117299e-01   4.1373036e-01
   3.6290000e+03   6.5262902e-02   4.8892434e-01   4.4581276e-01
   3.6230000e+03   3.5676258e-02   2.7594574e-01   6.8837800e-01
   3.6250000e+03   1.6912371e-02   1.8457948e-01   7.9850815e-01
   3.6300000e+03   4.1571007e-01   1.9604336e-02   5.6468560e-01
   3.6270000e+03   3.0892423e-03   9.9285789e-01   4.0528658e-03
   3.6310000e+03   4.8755483e-02   1.2077869e-01   8.3046583e-01
   3.6450000e+03   1.6254952e-02   1.3047586e-01   8.5326919e-01
   3.6350000e+03   5.4370427e-03   9.9079797e-01   3.7649870e-03
   3.6380000e+03   5.8902832e-03   9.9012488e-01   3.9848407e-03
   3.6670000e+03   3.4513330e-03   9.9189563e-01   4.6530326e-03
   3.6460000e+03   2.6195198e-01   7.6559768e-03   7.3039205e-01
   3.6430000e+03   5.3597453e-03   9.9121472e-01   3.4255394e-03
   3.6470000e+03   6.4549878e-03   9.8942614e-01   4.1188723e-03
   3.6510000e+03   6.3807461e-03   9.8943728e-01   4.1819729e-03
   3.6550000e+03   7.5142449e-01   2.0071125e-01   4.7864255e-02
   3.6570000e+03   2.9493111e-03   1.0254062e-03   9.9602528e-01
   3.6610000e+03   2.6040173e-03   8.8250646e-05   9.9730773e-01
   3.6610000e+03   6.2377249e-01   7.2881804e-02   3.0334571e-01
   3.6770000e+03   1.8264318e-03   9.9312416e-01   5.0494114e-03
   3.6630000e+03   2.8890539e-03   9.9258863e-01   4.5223184e-03
   3.6710000e+03   8.2025297e-02   2.7917693e-01   6.3879777e-01
   3.6760000e+03   7.2561249e-01   2.3192713e-02   2.5119480e-01
   3.6780000e+03   7.3615298e-01   2.4310368e-03   2.6141599e-01
   3.6830000e+03   2.3037708e-02   9.4404496e-01   3.2917335e-02
   3.8050000e+03   3.3205315e-02   8.8904695e-01   7.7747737e-02
   3.3300000e+03   3.8348901e-02   9.6126286e-01   3.8823695e-04
   3.3320000e+03   1.1647471e-01   3.8200356e-01   5.0152173e-01
   3.7170000e+03   2.8383435e-03   4.1726005e-03   9.9298906e-01
   3.6910000e+03   4.6837212e-03   9.9438896e-01   9.2732218e-04
   3.6920000e+03   3.2038555e-01   6.6455769e-01   1.5056761e-02
   3.6940000e+03   6.5389850e-01   3.3616528e-01   9.9362149e-03
   3.6940000e+03   2.3429432e-01   7.4558847e-01   2.0117207e-02
   3.6970000e+03   1.9851573e-01   3.7905094e-04   8.0110522e-01
   3.6990000e+03   2.5286030e-01   7.8624575e-03   7.3927724e-01
   3.6980000e+03   5.5873369e-04   2.5676279e-01   7.4267848e-01
   3.0980000e+03   5.5111177e-04   7.1482421e-01   2.8462468e-01
   3.7040000e+03   6.4979827e-03   3.2772913e-01   6.6577289e-01
   3.7040000e+03   9.9572225e-01   2.6306334e-03   1.6471130e-03
   3.7110000e+03   5.6746078e-01   5.3564173e-02   3.7897504e-01
   3.7240000e+03   5.2434185e-03   9.9265528e-01   2.1012972e-03
   3.7110000e+03   8.5532582e-01   2.3298209e-02   1.2137597e-01
   3.7110000e+03   2.5743473e-01   3.0810537e-02   7.1175474e-01
   3.7190000e+03   5.2133182e-03   0.0000000e+00   9.9478668e-01
   3.7200000e+03   5.7209291e-03   9.9145332e-01   2.8257459e-03
   3.7340000e+03   1.0834833e-03   6.1084338e-05   9.9885543e-01
   3.7330000e+03   4.8120046e-02   2.4137693e-01   7.1050302e-01
   3.7350000e+03   2.7530935e-01   6.2472968e-01   9.9960966e-02
   3.7430000e+03   4.6482307e-01   3.2421738e-01   2.1095955e-01
   3.8320000e+03   5.8841463e-01   1.1629921e-01   2.9528617e-01
   3.8320000e+03   1.1118595e-01   2.6768821e-01   6.2112584e-01
   3.7400000e+03   8.1475221e-01   8.1479896e-03   1.7709980e-01
   3.7420000e+03   9.0394621e-01   3.6126953e-02   5.9926842e-02
   3.7550000e+03   7.7836660e-01   4.3814206e-02   1.7781919e-01
   3.7470000e+03   5.2095473e-01   7.6090796e-02   4.0295447e-01
   3.7470000e+03   1.2489683e-03   1.8225427e-04   9.9856878e-01
   3.7640000e+03   1.7598770e-15   9.9595924e-01   4.0407610e-03
   3.7490000e+03   3.8186326e-02   6.7807902e-01   2.8373465e-01
   3.7620000e+03   7.0303616e-01   2.8897764e-03   2.9407407e-01
   3.7610000e+03   1.0062116e-04   9.9531563e-01   4.5837484e-03
   3.8340000e+03   4.1940963e-02   2.9890076e-02   9.2816896e-01
   3.7690000e+03   3.1482260e-01   1.7700037e-01   5.0817702e-01
   3.7680000e+03   1.5908022e-03   5.1132155e-01   4.8708765e-01
   3.7700000e+03   1.9882693e-02   5.3289281e-01   4.4722450e-01
   3.7720000e+03   5.6635496e-01   3.4282293e-01   9.0822117e-02
   3.7780000e+03   3.1937546e-01   2.3286308e-02   6.5733823e-01
   3.8390000e+03   3.3724961e-03   6.3928406e-04   9.9598822e-01
   3.7810000e+03   3.9546196e-03   4.4196577e-15   9.9604538e-01
   3.7830000e+03   3.1494039e-01   6.1963791e-01   6.5421705e-02
   3.7880000e+03   3.3946204e-01   4.6241265e-02   6.1429669e-01
   3.7900000e+03   2.8732829e-01   8.5716404e-02   6.2695530e-01
   3.7910000e+03   1.2716703e-02   5.6907109e-01   4.1821221e-01
   3.8080000e+03   2.2729553e-02   9.6764624e-01   9.6242082e-03
   3.8070000e+03   1.5397046e-01   2.3504575e-01   6.1098378e-01
   3.8120000e+03   6.9536636e-01   2.2742407e-01   7.7209561e-02
   3.8150000e+03   2.1141250e-01   6.0841081e-01   1.8017669e-01
   3.8350000e+03   3.9310145e-05   4.7023248e-04   9.9949046e-01
   3.8230000e+03   9.9661310e-01   1.6218816e-04   3.2247151e-03
   3.8240000e+03   9.9692368e-01   1.3662388e-03   1.7100787e-03
   3.8260000e+03   2.8883194e-01   6.9135927e-01   1.9808782e-02
   3.8310000e+03   1.7314121e-02   5.6847301e-01   4.1421286e-01
   3.8390000e+03   7.8612684e-01   1.4917503e-01   6.4698128e-02
   2.5060000e+03   8.9911189e-02   6.5998965e-01   2.5009916e-01
   2.5080000e+03   1.2502270e-01   6.8661726e-01   1.8836003e-01
   3.4140000e+03   1.0027043e-02   9.8436052e-01   5.6124370e-03
   2.5090000e+03   6.4929931e-02   8.2257849e-01   1.1249158e-01
   2.5120000e+03   7.9583140e-02   6.3962151e-01   2.8079535e-01
   2.6850000e+03   8.3015679e-02   4.4832133e-01   4.6866299e-01
   3.3540000e+03   9.3918536e-02   8.5027934e-01   5.5802122e-02
   3.3720000e+03   1.1033741e-02   9.8329363e-01   5.6726316e-03
   3.3010000e+03   9.3484058e-03   9.8584794e-01   4.8036555e-03
   3.3450000e+03   4.1799863e-02   6.6238654e-01   2.9581359e-01
   2.6030000e+03   2.4236672e-01   7.0832891e-01   4.9304366e-02
   3.3270000e+03   4.0855591e-01   5.8461125e-01   6.8328421e-03
   2.6510000e+03   1.0924123e-02   6.8396394e-01   3.0511193e-01
   2.7610000e+03   1.0498832e-03   8.5017780e-01   1.4877231e-01
   3.3170000e+03   5.9477150e-03   9.9405228e-01   0.0000000e+00
   3.3180000e+03   1.3005611e-03   9.9419099e-01   4.5084517e-03
   3.3440000e+03   2.6211667e-01   7.3344272e-01   4.4406073e-03
   2.6840000e+03   1.0100392e-02   7.8920631e-01   2.0069329e-01
   3.4130000e+03   1.1162124e-02   9.8284895e-01   5.9889220e-03
   3.4070000e+03   1.1967248e-02   9.8479696e-01   3.2357914e-03
   3.4060000e+03   1.5739763e-01   8.3140950e-01   1.1192868e-02
   3.4470000e+03   9.8689882e-03   9.8744295e-01   2.6880640e-03
   3.4190000e+03   9.0458877e-01   9.2880331e-02   2.5309024e-03
   3.4220000e+03   1.0837769e-01   3.7889675e-01   5.1272556e-01
   3.4370000e+03   1.8757153e-01   3.3339501e-01   4.7903346e-01
   2.7310000e+03   4.6690970e-01   1.0887892e-01   4.2421137e-01
   3.3500000e+03   1.2646940e-02   1.2971232e-02   9.7438183e-01
   3.2990000e+03   8.1806305e-03   9.8768868e-01   4.1306886e-03
   3.2880000e+03   7.2669215e-03   9.8931452e-01   3.4185586e-03
   3.2860000e+03   7.1059995e-03   9.9032269e-01   2.5713110e-03
   3.2930000e+03   5.7693502e-03   9.9267468e-01   1.5559734e-03
   3.1520000e+03   6.2795274e-01   3.3141562e-01   4.0631644e-02
   3.1510000e+03   4.4294797e-03   9.9143475e-01   4.1357666e-03
   3.1550000e+03   7.0847093e-03   9.8852652e-01   4.3887681e-03
   3.1400000e+03   4.2883800e-03   1.7798221e-01   8.1772941e-01
   3.3710000e+03   4.3318098e-02   4.8016834e-02   9.0866507e-01
   3.1390000e+03   7.9000419e-01   1.7702023e-01   3.2975581e-02
   3.3530000e+03   1.2730584e-02   1.3140834e-01   8.5586107e-01
   3.1430000e+03   2.4003246e-02   1.8754020e-01   7.8845655e-01
   3.1420000e+03   0.0000000e+00   0.0000000e+00   1.0000000e+00
   3.1440000e+03   1.7572862e-02   1.7238600e-01   8.1004114e-01
   3.1480000e+03   8.6022290e-03   2.5904538e-02   9.6549323e-01
   3.1580000e+03   1.8476158e-02   3.5952779e-01   6.2199605e-01
   3.1230000e+03   4.4486229e-01   3.8103721e-01   1.7410050e-01
   3.1230000e+03   9.9607596e-01   3.5694473e-03   3.5458849e-04
   3.2770000e+03   4.3979445e-03   9.9486607e-01   7.3598390e-04
   3.1490000e+03   4.4088755e-03   9.9100826e-01   4.5828677e-03
   3.1530000e+03   7.0051923e-03   9.8840129e-01   4.5935193e-03
   3.1600000e+03   4.8505040e-01   2.9166183e-01   2.2328777e-01
   3.1610000e+03   1.5710406e-02   3.5153627e-01   6.3275332e-01
   3.1610000e+03   1.2936793e-04   9.9513716e-01   4.7334737e-03
   3.3060000e+03   9.9288145e-01   1.5292722e-03   5.5892728e-03
   3.1720000e+03   6.9318340e-01   2.8669650e-01   2.0120105e-02
   3.1650000e+03   3.1932670e-02   2.5656551e-01   7.1150182e-01
   3.1650000e+03   2.6743350e-02   7.0933148e-01   2.6392517e-01
   3.1670000e+03   7.8989830e-01   2.0015007e-01   9.9516229e-03
   3.2760000e+03   4.4828957e-02   2.5689914e-01   6.9827191e-01
   3.2760000e+03   4.6702407e-02   6.6332241e-01   2.8997519e-01
   3.2770000e+03   8.2823480e-01   1.3579541e-01   3.5969789e-02
   3.2820000e+03   5.0014091e-01   2.5653516e-01   2.4332393e-01
   3.1680000e+03   6.1148071e-03   2.2949496e-01   7.6439023e-01
   3.1710000e+03   3.5980536e-03   9.5025036e-03   9.8689944e-01
   3.1670000e+03   2.4975750e-01   7.4630796e-01   3.9345417e-03
   3.1770000e+03   1.1142535e-01   3.4548763e-02   8.5402589e-01
   3.1760000e+03   7.2508118e-01   2.5247534e-01   2.2443487e-02
   3.3290000e+03   3.2323059e-02   4.9158110e-02   9.1851883e-01
   3.3240000e+03   6.5218506e-03   3.5650012e-02   9.5782814e-01
   3.1800000e+03   1.1905673e-02   8.7641634e-01   1.1167799e-01
   3.1790000e+03   7.9783513e-01   1.8284142e-01   1.9323451e-02
   3.3090000e+03   9.3282235e-03   9.1532224e-01   7.5349533e-02
   3.3070000e+03   4.3354888e-02   6.5661168e-01   3.0003343e-01
   3.3210000e+03   3.9189426e-01   5.0160789e-01   1.0649785e-01
   3.1850000e+03   3.8100965e-02   1.5491559e-02   9.4640748e-01
   3.1880000e+03   1.0006392e-01   6.3676865e-01   2.6316743e-01
   3.3600000e+03   2.8117576e-03   3.3020289e-02   9.6416795e-01
   3.3380000e+03   9.9095267e-01   5.7741710e-03   3.2731606e-03
   3.3480000e+03   1.6220208e-01   1.7884364e-01   6.5895427e-01
   3.1930000e+03   6.0971621e-02   4.4034443e-01   4.9868394e-01
   3.3520000e+03   4.6175305e-01   5.9314469e-02   4.7893248e-01
   3.1920000e+03   5.6798595e-01   4.1545762e-01   1.6556427e-02
   3.4760000e+03   4.0345205e-02   7.7675676e-01   1.8289803e-01
   3.4740000e+03   4.3152214e-02   5.5369095e-01   4.0315683e-01
   3.4360000e+03   2.5451328e-02   2.1586222e-01   7.5868646e-01
   3.2000000e+03   1.9110447e-01   3.7867914e-01   4.3021639e-01
   3.4310000e+03   4.3909894e-01   4.8612635e-01   7.4774712e-02
   3.4870000e+03   5.2538796e-01   3.8272479e-03   4.7078479e-01
   3.4690000e+03   1.4806654e-02   3.8429904e-01   6.0089431e-01
   3.2060000e+03   0.0000000e+00   1.0000000e+00  -0.0000000e+00
   3.2150000e+03   1.8506230e-01   2.6246291e-01   5.5247480e-01
   3.2170000e+03   2.6581710e-01   1.7878110e-01   5.5540180e-01
   3.4290000e+03   5.0226154e-01   1.3474416e-01   3.6299430e-01
   3.4200000e+03   6.1221162e-01   1.7286686e-01   2.1492152e-01
   3.2360000e+03   1.7904861e-01   5.8741674e-01   2.3353465e-01
   3.4160000e+03   7.4461268e-01   3.3450878e-02   2.2193644e-01
   3.2380000e+03   5.9823966e-01   3.4447516e-01   5.7285177e-02
   3.2410000e+03   8.6615367e-01   1.3304523e-01   8.0110252e-04
   3.2220000e+03   3.7205372e-01   1.7790214e-01   4.5004415e-01
   3.2230000e+03   5.3401289e-01   2.7927673e-01   1.8671038e-01
   3.2370000e+03   2.9797017e-01   3.1495002e-01   3.8707982e-01
