   5.2300000e+02   1.5751867e-02   1.9029783e-01   7.9395030e-01
   5.6700000e+02   1.4798932e-01   8.3920457e-01   1.2806112e-02
   1.1955000e+04   2.4392206e-01   6.5411124e-01   1.0196670e-01
   1.1964000e+04   8.1168755e-01   4.9480868e-02   1.3883158e-01
   3.4100000e+02   4.3226193e-01   5.4797313e-01   1.9764938e-02
   3.4600000e+02   3.7938023e-04   2.4062942e-03   9.9721433e-01
   3.4700000e+02   7.3747756e-03   6.7457846e-03   9.8587944e-01
   6.3200000e+02   1.0966529e-02   9.8311950e-01   5.9139707e-03
   6.3200000e+02   4.5680934e-01   5.7248595e-02   4.8594207e-01
   6.2800000e+02   4.7110196e-01   4.0455149e-01   1.2434655e-01
   5.1200000e+02   5.3403459e-02   9.1343470e-01   3.3161837e-02
   3.6900000e+02   4.5461572e-01   3.2189826e-01   2.2348603e-01
   3.6700000e+02   2.6852996e-02   4.1686214e-01   5.5628486e-01
   3.6600000e+02   3.1317642e-01   3.8020027e-01   3.0662331e-01
   3.6400000e+02   7.9206079e-02   1.0295070e-01   8.1784322e-01
   3.6300000e+02   6.7869777e-02   9.3107998e-01   1.0502381e-03
   4.7800000e+02   8.1887697e-02   3.5579302e-02   8.8253300e-01
   4.6400000e+02   5.3033538e-01   3.1836235e-01   1.5130228e-01
   3.7900000e+02   2.6355402e-01   4.1587520e-01   3.2057079e-01
   3.7200000e+02   7.3453542e-01   2.3355762e-01   3.1906961e-02
   6.3000000e+02   5.4057571e-01   4.1032087e-01   4.9103424e-02
   4.4500000e+02   3.7529915e-01   6.0926120e-01   1.5439654e-02
   3.7400000e+02   6.8313349e-01   8.8957727e-02   2.2790879e-01
   4.3800000e+02   5.5222874e-01   1.2977317e-01   3.1799809e-01
   4.3600000e+02   1.2130105e-03   8.5885508e-01   1.3993191e-01
   4.4000000e+02   4.7266583e-02   1.4226277e-03   9.5131079e-01
   4.4600000e+02   3.7383671e-02   8.9254364e-01   7.0072689e-02
   5.1900000e+02   5.3455369e-01   4.5950951e-01   5.9367923e-03
   5.1600000e+02   9.8094335e-03   5.5734771e-01   4.3284285e-01
   4.5100000e+02   2.9814666e-01   6.6363873e-01   3.8214610e-02
   1.4100000e+02   1.4897463e-02   4.0939216e-03   9.8100862e-01
   4.6800000e+02   1.0946155e-02   3.9074027e-03   9.8514644e-01
   4.6200000e+02   1.7768310e-04   9.9503619e-01   4.7861304e-03
   4.6200000e+02   2.1297867e-01   4.0516413e-01   3.8185721e-01
   4.7300000e+02   5.8093644e-03   9.8515778e-01   9.0328543e-03
   4.7000000e+02   1.3814203e-03   9.8723078e-01   1.1387802e-02
   4.5200000e+02   3.3520495e-03   9.8997020e-01   6.6777529e-03
   4.5300000e+02   1.6475432e-03   9.8494963e-01   1.3402827e-02
   4.5600000e+02   4.1280239e-03   9.9177855e-01   4.0934300e-03
   5.6100000e+02   2.9541231e-03   9.9523682e-01   1.8090573e-03
   4.6600000e+02   5.3431988e-02   5.4161126e-01   4.0495675e-01
   3.6200000e+02   5.2058093e-01   4.6761254e-01   1.1806529e-02
   4.5800000e+02   2.3214551e-01   3.4148223e-01   4.2637226e-01
   4.7600000e+02   4.9866654e-02   5.8263471e-02   8.9186987e-01
   4.6700000e+02   1.2049285e-01   5.2475594e-01   3.5475121e-01
   4.8000000e+02   8.2927476e-01   4.6465245e-02   1.2425999e-01
   1.6160000e+03   3.0303370e-01   3.0702292e-02   6.6626401e-01
   4.8200000e+02   9.4949589e-01   1.0715873e-02   3.9788241e-02
   5.3300000e+02   2.5811968e-01   1.8755668e-01   5.5432364e-01
   5.3600000e+02   1.2346884e-02   1.8326666e-01   8.0438646e-01
   5.2800000e+02   4.3971329e-01   4.2928216e-02   5.1735850e-01
   5.2900000e+02   5.5239611e-01   3.2144457e-02   4.1545943e-01
   5.3700000e+02   9.8296523e-01   4.5058406e-03   1.2528930e-02
   5.3800000e+02   8.5600430e-03   1.5906923e-03   9.8984926e-01
   5.4000000e+02   3.2936791e-03   9.8321171e-01   1.3494616e-02
   5.5300000e+02   7.8908811e-03   9.9011539e-01   1.9937294e-03
   5.5000000e+02   9.8376674e-01   2.0045145e-03   1.4228744e-02
   5.4300000e+02   1.0976771e-02   2.2241967e-03   9.8679903e-01
   2.2800000e+02   9.6022205e-03   2.3718158e-03   9.8802596e-01
   5.5500000e+02   6.1308864e-02   2.5971580e-01   6.7897534e-01
   5.5800000e+02   7.4194885e-02   1.7089095e-02   9.0871602e-01
   5.6000000e+02   1.7867755e-02   2.0439464e-02   9.6169278e-01
   5.6700000e+02   6.7730828e-02   4.6079559e-01   4.7147358e-01
   6.2700000e+02   4.5824810e-01   8.8348878e-02   4.5340302e-01
   1.3780000e+03   5.2706399e-01   4.1437470e-01   5.8561316e-02
   3.0500000e+02   1.7067106e-02   9.6910888e-01   1.3824017e-02
   6.1000000e+01   3.4167869e-01   4.0501524e-01   2.5330607e-01
   5.8000000e+01   3.1428595e-01   5.6237511e-01   1.2333894e-01
   6.9000000e+01   4.3360964e-01   2.2786488e-01   3.3852548e-01
   5.6000000e+01   1.4242828e-01   7.2840355e-02   7.8473136e-01
   1.0200000e+03   3.0084790e-02   9.6030351e-01   9.6117021e-03
   5.7000000e+01   6.8797751e-02   9.0753674e-01   2.3665504e-02
   1.5500000e+02   1.3156722e-01   3.1635498e-01   5.5207780e-01
   6.5000000e+01   5.9811098e-01   3.9300726e-01   8.8817538e-03
   1.4600000e+02   9.8528898e-01   4.1304817e-03   1.0580540e-02
   1.6200000e+02   9.8443203e-01   4.0990867e-03   1.1468884e-02
   1.5900000e+02   1.2049219e-02   4.5753160e-04   9.8749325e-01
   1.5000000e+02   1.5267791e-02   9.2479111e-02   8.9225310e-01
   1.4300000e+02   1.0025827e-02   2.2765806e-04   9.8974652e-01
   1.6400000e+02   9.8241272e-01   1.7140971e-02   4.4630997e-04
   1.4700000e+02   1.5701089e-02   9.7944432e-01   4.8545880e-03
   5.4000000e+01   2.5607670e-02   4.4616254e-01   5.2822979e-01
   1.5600000e+02   5.7924478e-01   3.4932854e-02   3.8582237e-01
   1.7000000e+02   9.8327338e-01   1.2187777e-02   4.5388413e-03
   1.6600000e+02   6.9110073e-01   1.2679689e-01   1.8210239e-01
   1.6300000e+02   9.0590832e-01   5.5924976e-02   3.8166702e-02
   1.5700000e+02   5.1597782e-01   1.3658847e-01   3.4743372e-01
   1.0180000e+03   4.1089200e-02   9.5536962e-01   3.5411763e-03
   1.0330000e+03   8.2859622e-01   1.5104203e-01   2.0361750e-02
   2.4100000e+02   8.3029495e-03   9.8995608e-01   1.7409727e-03
   2.3100000e+02   1.0026203e-02   4.4852989e-03   9.8548850e-01
   1.4800000e+02   3.7855183e-03   9.8495202e-01   1.1262464e-02
   2.3900000e+02   2.5309702e-02   2.2057991e-01   7.5411039e-01
   2.4400000e+02   7.9176854e-03   1.5284278e-02   9.7679804e-01
   3.0200000e+02   4.2508223e-01   3.2153022e-01   2.5338755e-01
   3.5000000e+02   9.5703616e-01   2.6069127e-02   1.6894716e-02
   1.3860000e+03   5.2560509e-02   2.7775744e-01   6.6968205e-01
   4.8100000e+02   5.0200826e-03   9.7898575e-01   1.5994171e-02
   1.0130000e+03   1.3993089e-01   6.3345659e-01   2.2661252e-01
   1.0350000e+03   4.1521282e-03   7.2125722e-01   2.7459065e-01
   1.2630000e+03   1.2167612e-01   4.5165009e-01   4.2667379e-01
   1.2630000e+03   6.2287098e-02   1.3571428e-01   8.0199862e-01
   1.2620000e+03   1.9602710e-01   3.9541714e-01   4.0855577e-01
   1.5890000e+03   2.7940518e-02   2.2299278e-02   9.4976020e-01
   1.3160000e+03   7.5789022e-01   1.0292887e-01   1.3918091e-01
   1.5680000e+03   5.7428833e-02   2.6622033e-03   9.3990896e-01
   1.5990000e+03   5.0752182e-02   5.6952656e-02   8.9229516e-01
   1.3220000e+03   9.8864248e-01   2.0332122e-03   9.3243114e-03
   1.6170000e+03   2.3921931e-03   9.8712201e-01   1.0485795e-02
   1.5840000e+03   3.1302440e-01   4.6225911e-01   2.2471649e-01
   1.6230000e+03   2.9726821e-01   3.8981048e-01   3.1292131e-01
   1.5970000e+03   2.8574216e-01   1.5266134e-01   5.6159650e-01
   1.5320000e+03   1.5539527e-01   4.0487594e-01   4.3972879e-01
   1.3310000e+03   1.3824824e-01   5.3285882e-01   3.2889294e-01
   1.3330000e+03   4.7213034e-01   3.2217496e-01   2.0569470e-01
   1.6320000e+03   6.0561933e-01   1.1041817e-01   2.8396250e-01
   1.6070000e+03   6.8199274e-02   7.2536541e-01   2.0643531e-01
   1.3220000e+03   5.2528726e-03   2.4981711e-01   7.4493002e-01
   1.3340000e+03   6.6652618e-02   2.5874626e-01   6.7460112e-01
   1.0250000e+03   9.6722492e-01   9.5159551e-03   2.3259127e-02
   1.3300000e+03   3.4253929e-01   6.0117722e-01   5.6283483e-02
   7.1500000e+02   7.8202045e-01   1.5554269e-01   6.2436868e-02
   1.6330000e+03   9.3965034e-01   2.4952338e-02   3.5397322e-02
   1.6110000e+03   1.0316205e-02   6.5491810e-03   9.8313461e-01
   1.6560000e+03   5.0667944e-01   6.5647297e-02   4.2767326e-01
   1.4640000e+03   9.6080100e-01   2.2416059e-03   3.6957399e-02
   1.3820000e+03   0.0000000e+00   1.0000000e+00  -0.0000000e+00
   1.3870000e+03   5.2815248e-02   3.5743662e-01   5.8974813e-01
   1.3910000e+03   9.8733956e-01   1.0037098e-02   2.6233465e-03
   1.3910000e+03   6.8447186e-02   7.4060709e-01   1.9094573e-01
   1.4000000e+03   9.9046736e-01   4.9962752e-03   4.5363621e-03
   1.3900000e+03   9.8748983e-01   5.8186924e-03   6.6914774e-03
   1.4260000e+03   9.8307209e-01   1.3978295e-02   2.9496114e-03
   1.4000000e+03   2.0065646e-01   7.9921136e-01   1.3217978e-04
   1.3940000e+03   1.5909816e-01   6.5516574e-01   1.8573609e-01
   1.5290000e+03   7.7222116e-03   9.8773327e-01   4.5445164e-03
   1.4260000e+03   1.5219838e-02   9.8064448e-01   4.1356811e-03
   1.4180000e+03   8.4989397e-02   9.1317897e-01   1.8316363e-03
   1.4280000e+03   1.0606979e-03   9.7239590e-01   2.6543398e-02
   1.4120000e+03   6.9862009e-03   0.0000000e+00   9.9301380e-01
   1.4190000e+03   1.4634772e-01   3.9820231e-01   4.5544997e-01
   1.4200000e+03   1.9238525e-01   7.3952582e-01   6.8088926e-02
   1.4360000e+03   6.8267901e-01   2.2224807e-01   9.5072923e-02
   1.4670000e+03   3.4286486e-03   1.0649921e-01   8.9007214e-01
   1.4270000e+03   9.8095874e-01   5.8996544e-03   1.3141610e-02
   1.4270000e+03   1.7750495e-02   1.8235999e-02   9.6401351e-01
   1.8560000e+03   7.2051793e-01   2.4320824e-01   3.6273829e-02
   1.4890000e+03   6.6465319e-03   7.5572796e-01   2.3762551e-01
   1.5160000e+03   7.7149638e-04   4.6689263e-01   5.3233587e-01
   1.4990000e+03   9.6730781e-01   2.0613273e-02   1.2078917e-02
   1.5090000e+03   1.5044420e-01   7.8543342e-01   6.4122374e-02
   1.5060000e+03   6.5020121e-02   8.9794302e-01   3.7036860e-02
   1.5050000e+03   4.6968813e-03   9.9207973e-01   3.2233838e-03
   1.5040000e+03   2.1402829e-02   4.4211881e-01   5.3647836e-01
   1.6660000e+03   1.1396906e-04   1.4962078e-02   9.8492395e-01
   1.4770000e+03   4.8752197e-02   1.2426392e-02   9.3882141e-01
   1.4890000e+03   9.7089624e-01   2.7848573e-02   1.2551880e-03
   1.4940000e+03   1.9591659e-01   7.5885913e-01   4.5224281e-02
   1.4760000e+03   9.7720719e-01   1.6260636e-02   6.5321719e-03
   1.4790000e+03   8.9064695e-01   5.7550419e-02   5.1802628e-02
   1.4830000e+03   7.0671355e-02   2.7609767e-01   6.5323098e-01
   1.4810000e+03   9.0157973e-01   6.2189301e-02   3.6230966e-02
   1.5470000e+03   2.8863947e-01   3.8409358e-01   3.2726694e-01
   1.4870000e+03   1.8294505e-02   6.8093695e-01   3.0076854e-01
   1.4700000e+03   3.7339780e-01   1.4596789e-02   6.1200541e-01
   1.6530000e+03   2.9020778e-01   5.1902673e-01   1.9076549e-01
   1.4900000e+03   1.1686918e-01   8.4829827e-01   3.4832544e-02
   3.0140000e+03   7.1108898e-01   2.4903236e-01   3.9878661e-02
   1.4960000e+03   4.4634249e-02   1.5894347e-01   7.9642228e-01
   1.4960000e+03   1.2104083e-01   7.2558538e-01   1.5337378e-01
   1.5170000e+03   4.6426882e-01   2.5474699e-01   2.8098419e-01
   1.5010000e+03   4.6591303e-01   5.1770803e-01   1.6378942e-02
   1.5030000e+03   3.8741978e-01   9.8623595e-03   6.0271786e-01
   1.5070000e+03   1.6317874e-02   9.2567374e-01   5.8008386e-02
   1.5110000e+03   9.4809296e-01   1.8809563e-02   3.3097480e-02
   1.5140000e+03   2.4884675e-01   6.1595398e-01   1.3519927e-01
   1.5250000e+03   4.6947735e-01   4.8269091e-01   4.7831745e-02
   1.5270000e+03   4.3462284e-01   5.2557124e-01   3.9805922e-02
   1.5230000e+03   6.7146539e-02   3.3545386e-03   9.2949892e-01
   1.5350000e+03   5.7838987e-01   4.0891629e-01   1.2693847e-02
   1.5220000e+03   5.7281629e-03   9.9256491e-01   1.7069264e-03
   1.5410000e+03   4.9242290e-02   6.8392935e-01   2.6682836e-01
   1.5400000e+03   9.7703078e-01   2.1822613e-02   1.1466027e-03
   1.6620000e+03   8.6824129e-01   1.1267802e-01   1.9080685e-02
   1.8580000e+03   5.8629854e-01   1.8299059e-01   2.3071086e-01
   1.8560000e+03   1.0171363e-01   7.6047383e-01   1.3781254e-01
   1.5420000e+03   4.5824626e-02   3.7764768e-02   9.1641061e-01
   1.5510000e+03   4.5861328e-01   1.0614155e-01   4.3524518e-01
   1.8730000e+03   8.2605394e-01   1.1969991e-01   5.4246150e-02
   1.5580000e+03   7.5115377e-01   4.8101069e-02   2.0074516e-01
   1.5460000e+03   8.5318244e-01   1.4513681e-01   1.6807483e-03
   3.0140000e+03   1.4059583e-01   4.6280553e-01   3.9659864e-01
   1.5540000e+03   1.8532063e-01   4.7539635e-01   3.3928302e-01
   3.0110000e+03   1.4174015e-01   1.5463997e-01   7.0361987e-01
   9.4400000e+02   2.8498953e-02   4.0034565e-01   5.7115539e-01
   1.5600000e+03   7.5000038e-01   1.1567424e-01   1.3432538e-01
   1.5610000e+03   9.2793951e-03   2.1727247e-01   7.7344814e-01
   9.4900000e+02   7.0325764e-03   2.6033249e-01   7.3263493e-01
   1.5670000e+03   7.8130580e-02   7.5663298e-02   8.4620612e-01
   9.6000000e+02   4.2651757e-02   7.5566341e-01   2.0168484e-01
   1.5640000e+03   5.7629865e-01   2.0966081e-01   2.1404054e-01
   1.8610000e+03   9.5973815e-01   2.8087869e-02   1.2173980e-02
   1.8700000e+03   6.3855292e-02   1.7173464e-01   7.6441006e-01
   1.8630000e+03   1.5975230e-01   6.3968847e-01   2.0055923e-01
   1.5760000e+03   3.0870228e-01   5.5485532e-01   1.3644240e-01
   1.5590000e+03   5.1130393e-02   8.8329016e-01   6.5579446e-02
   1.5730000e+03   7.4032571e-02   3.7174205e-01   5.5422538e-01
   1.5950000e+03   8.0802834e-01   2.5563936e-02   1.6640772e-01
   1.5750000e+03   1.8868734e-01   3.3309991e-01   4.7821275e-01
   9.7700000e+02   8.2762653e-01   1.4894592e-01   2.3427558e-02
   1.5910000e+03   3.4271775e-02   5.5244883e-01   4.1327939e-01
   1.5920000e+03   1.1577660e-02   8.4270805e-01   1.4571429e-01
   1.5850000e+03   5.6776930e-01   5.2300278e-02   3.7993043e-01
   1.6100000e+03   7.0276255e-02   2.3033684e-01   6.9938691e-01
   1.6010000e+03   4.5369602e-02   5.3522288e-01   4.1940752e-01
   1.6080000e+03   3.8708081e-01   1.8545701e-01   4.2746218e-01
   1.5820000e+03   8.8938589e-03   9.7004037e-01   2.1065769e-02
   1.5690000e+03   9.0148145e-03   8.8076626e-01   1.1021893e-01
   1.5940000e+03   1.8489471e-01   1.5309888e-01   6.6200641e-01
   1.6000000e+03   7.4162056e-01   2.5491021e-01   3.4692334e-03
   1.6130000e+03   9.7027354e-01   4.3246632e-03   2.5401801e-02
   1.6170000e+03   9.8815662e-01   8.3102236e-03   3.5331568e-03
   1.6290000e+03   3.4838196e-03   3.9159172e-01   6.0492446e-01
   1.6290000e+03   9.8877746e-01   4.0003733e-03   7.2221701e-03
   1.6440000e+03   5.7205755e-02   2.2694422e-02   9.2009982e-01
   1.6440000e+03   7.8161455e-01   7.6766637e-02   1.4161881e-01
   1.6440000e+03   2.5149059e-02   8.9476365e-01   8.0087292e-02
   1.6470000e+03   1.1985552e-01   1.5717872e-01   7.2296576e-01
   1.6500000e+03   2.0314492e-01   4.6959489e-01   3.2726020e-01
   1.6580000e+03   5.3759641e-01   2.6839718e-01   1.9400642e-01
   1.6560000e+03   1.8467121e-01   6.2956170e-01   1.8576709e-01
   1.6590000e+03   1.0040362e-01   5.9981309e-01   2.9978329e-01
   1.8570000e+03   2.2927182e-01   5.0313755e-01   2.6759064e-01
   1.6610000e+03   1.6580066e-01   1.9532715e-01   6.3887220e-01
   9.4100000e+02   2.1421961e-02   1.7864967e-01   7.9992837e-01
   9.4600000e+02   7.7137959e-01   1.0182727e-01   1.2679314e-01
   6.5100000e+02   1.4073670e-01   4.3126152e-01   4.2800178e-01
   9.8800000e+02   9.0245178e-02   1.1338688e-01   7.9636794e-01
   9.9400000e+02   6.4566581e-01   2.6732605e-01   8.7008139e-02
   9.6400000e+02   7.8444885e-03   9.2362129e-01   6.8534226e-02
   7.0400000e+02   7.7767537e-03   9.5866989e-01   3.3553355e-02
   9.9900000e+02   5.7923479e-01   2.5427722e-01   1.6648799e-01
   1.0240000e+03   2.0426167e-02   9.7737490e-01   2.1989355e-03
   1.0240000e+03   9.6873100e-01   1.8911316e-02   1.2357679e-02
   9.9700000e+02   3.9686286e-02   7.4308251e-01   2.1723121e-01
   7.0700000e+02   2.1150721e-01   5.2142634e-01   2.6706645e-01
   7.1800000e+02   1.9145289e-01   8.7062455e-03   7.9984087e-01
   9.8600000e+02   3.6726548e-01   5.5524409e-02   5.7721011e-01
   1.0270000e+03   9.3063646e-04   9.6230754e-01   3.6761827e-02
   1.0280000e+03   2.1900437e-02   9.4509861e-01   3.3000951e-02
   7.1900000e+02   4.0362717e-03   9.9418769e-01   1.7760380e-03
   1.0120000e+03   5.9554869e-03   9.8263842e-01   1.1406093e-02
   1.0260000e+03   1.9705915e-02   1.6958809e-02   9.6333528e-01
   1.3250000e+03   2.5069806e-03   9.9415771e-01   3.3353114e-03
   7.1400000e+02   1.6942358e-01   1.7860138e-01   6.5197503e-01
   1.3290000e+03   7.2151182e-01   2.0834341e-01   7.0144773e-02
   1.0320000e+03   3.0942561e-02   9.5559339e-01   1.3464053e-02
   7.1800000e+02   9.7054525e-01   1.6252663e-02   1.3202085e-02
   7.6100000e+02   2.3934505e-01   5.7299388e-01   1.8766107e-01
   1.0230000e+03   2.3588103e-03   1.3508882e-01   8.6255237e-01
   7.6300000e+02   7.4210311e-01   2.4149809e-01   1.6398793e-02
   7.7800000e+02   7.0766486e-01   5.1408101e-02   2.4092704e-01
   7.7800000e+02   5.2142341e-03   1.8845834e-02   9.7593993e-01
   7.7600000e+02   8.0190881e-02   8.8869121e-01   3.1117909e-02
   7.8000000e+02   2.8103542e-01   5.7824472e-02   6.6114011e-01
   9.1900000e+02   2.6205283e-01   2.2845637e-02   7.1510154e-01
   7.8300000e+02   1.8646188e-02   6.0508265e-02   9.2084555e-01
   9.2200000e+02   9.7496312e-01   2.2939502e-02   2.0973751e-03
   8.5500000e+02   6.2030963e-03   6.5331740e-01   3.4047950e-01
   9.0100000e+02   3.5375168e-02   9.0912028e-01   5.5504550e-02
   8.9500000e+02   7.2978664e-01   5.6337484e-02   2.1387588e-01
   8.8900000e+02   7.1808338e-02   5.1357958e-01   4.1461208e-01
   9.0000000e+02   4.6228751e-01   1.1693730e-01   4.2077519e-01
   8.9200000e+02   7.6901205e-01   1.6567021e-01   6.5317744e-02
   2.0490000e+03   9.5586261e-01   1.6142075e-02   2.7995311e-02
   8.6000000e+02   9.7618824e-01   5.1977711e-03   1.8613992e-02
   8.7400000e+02   9.3556984e-01   5.9353600e-02   5.0765632e-03
   8.6200000e+02   4.8597785e-01   3.4604877e-01   1.6797339e-01
   2.0480000e+03   3.8957851e-01   3.1349759e-01   2.9692390e-01
   8.6700000e+02   1.8931869e-02   1.0505551e-02   9.7056258e-01
   9.3100000e+02   8.4826370e-01   4.7337060e-02   1.0439924e-01
   8.9900000e+02   6.6909160e-03   9.2144394e-01   7.1865148e-02
   8.7800000e+02   6.2929109e-01   2.4340677e-01   1.2730214e-01
   8.7200000e+02   3.0780910e-01   5.1761341e-01   1.7457749e-01
   8.5400000e+02   1.0759425e-01   9.1356344e-03   8.8327011e-01
   8.7000000e+02   9.9863663e-04   8.3188208e-01   1.6711929e-01
   1.0510000e+03   5.4742364e-01   7.9595702e-03   4.4461679e-01
   2.0610000e+03   2.1395381e-01   7.8203456e-01   4.0116227e-03
   8.9800000e+02   8.5179800e-01   8.6899729e-02   6.1302272e-02
   8.8100000e+02   4.8887305e-02   6.1014328e-01   3.4096942e-01
   8.8200000e+02   3.1476752e-01   6.5808630e-01   2.7146184e-02
   1.0040000e+03   1.0411568e-01   2.5255378e-01   6.4333054e-01
   8.8400000e+02   8.0862388e-01   6.0420843e-02   1.3095527e-01
   9.1600000e+02   4.3222503e-01   1.4854419e-01   4.1923078e-01
   9.2800000e+02   9.6461590e-01   9.1632142e-03   2.6220886e-02
   9.2600000e+02   4.8315056e-03   4.2569951e-02   9.5259854e-01
   1.0620000e+03   1.4578671e-03   3.6773058e-02   9.6176907e-01
   9.0400000e+02   4.9378559e-01   1.3812223e-01   3.6809218e-01
   9.1400000e+02   4.2450565e-02   3.4861070e-01   6.0893874e-01
   9.1500000e+02   8.8383410e-01   6.0129076e-02   5.6036824e-02
   9.1200000e+02   2.4150324e-02   3.2510534e-03   9.7259862e-01
   9.2100000e+02   7.0189568e-03   9.8762744e-01   5.3536007e-03
   9.2200000e+02   4.3398878e-02   3.1750172e-02   9.2485095e-01
   1.2600000e+03   1.3161573e-02   9.6627711e-01   2.0561316e-02
   9.3000000e+02   5.1399972e-01   1.1326782e-01   3.7273246e-01
   9.4300000e+02   8.7467321e-01   3.4253367e-02   9.1073424e-02
   9.3200000e+02   1.3390212e-02   9.3569409e-01   5.0915696e-02
   2.0600000e+03   6.0868398e-01   1.0152109e-01   2.8979494e-01
   9.3500000e+02   4.0992880e-01   4.5776382e-01   1.3230738e-01
   9.4200000e+02   1.5830519e-01   6.9274781e-01   1.4894700e-01
   9.4000000e+02   3.7068591e-01   5.1675107e-01   1.1256303e-01
   2.0550000e+03   9.3572408e-01   3.3106344e-02   3.1169575e-02
   9.4500000e+02   4.8583698e-02   1.5366509e-01   7.9775121e-01
   9.5700000e+02   2.2150383e-01   6.7563895e-01   1.0285722e-01
   9.6400000e+02   1.2408019e-02   4.4455043e-02   9.4313694e-01
   9.6200000e+02   8.7001486e-01   1.5761182e-02   1.1422395e-01
   9.6500000e+02   4.5294825e-01   2.0700566e-01   3.4004609e-01
   1.8680000e+03   4.5918005e-01   4.9561455e-01   4.5205398e-02
   9.7100000e+02   3.5804937e-01   2.5373176e-02   6.1657745e-01
   1.0030000e+03   6.2753197e-01   2.5665695e-01   1.1581108e-01
   9.7400000e+02   7.9396592e-01   1.8268718e-01   2.3346898e-02
   1.0080000e+03   6.9871478e-01   4.3754970e-02   2.5753025e-01
   9.8000000e+02   9.6536299e-03   8.9947309e-01   9.0873278e-02
   9.8900000e+02   1.0874432e-01   2.0691919e-01   6.8433649e-01
   9.9000000e+02   5.2855294e-03   1.3190783e-02   9.8152369e-01
   9.9600000e+02   1.0060625e-01   8.9215400e-01   7.2397471e-03
   1.0180000e+03   9.8719317e-01   6.1706357e-03   6.6361964e-03
   1.0190000e+03   8.3780457e-01   5.0754998e-02   1.1144043e-01
   1.0340000e+03   1.0321695e-02   9.7313981e-01   1.6538491e-02
   1.0410000e+03   5.8304274e-01   1.6627523e-02   4.0032974e-01
   2.0910000e+03   6.4192904e-03   3.5433563e-02   9.5814715e-01
   1.0430000e+03   1.8196438e-02   9.0903600e-01   7.2767565e-02
   1.0640000e+03   8.4834915e-01   7.1825554e-02   7.9825299e-02
   9.5300000e+02   7.4485285e-02   5.8828116e-01   3.3723356e-01
   9.6800000e+02   2.4424712e-01   1.5637983e-01   5.9937306e-01
   1.9330000e+03   5.4506207e-01   3.7622823e-01   7.8709699e-02
   1.9360000e+03   3.8963801e-01   3.2273023e-01   2.8763177e-01
   1.9310000e+03   9.1819036e-03   4.3608965e-01   5.5472845e-01
   1.9160000e+03   3.9201557e-02   4.5485954e-01   5.0593890e-01
   3.3630000e+03   2.2169414e-01   4.2648123e-01   3.5182463e-01
   1.9180000e+03   1.2755363e-01   6.4678178e-01   2.2566459e-01
   1.9370000e+03   2.8341535e-01   6.8382946e-01   3.2755186e-02
   3.3770000e+03   3.7377168e-03   9.8962358e-01   6.6387052e-03
   1.9210000e+03   8.2069202e-02   3.9401823e-01   5.2391257e-01
   1.9230000e+03   3.2865398e-01   6.2712948e-01   4.4216538e-02
   3.3530000e+03   3.4730716e-01   1.0129629e-01   5.5139655e-01
   1.9400000e+03   2.5123733e-01   6.2362548e-01   1.2513719e-01
   1.9280000e+03   4.0012947e-01   9.5113833e-03   5.9035915e-01
   3.3550000e+03   3.1085672e-01   2.6822284e-01   4.2092044e-01
   1.9250000e+03   2.5915578e-01   6.6377028e-01   7.7073939e-02
   3.3200000e+03   3.4671067e-01   6.0086865e-01   5.2420682e-02
   3.3560000e+03   7.6485880e-02   8.6511623e-02   8.3700250e-01
   3.3600000e+03   6.5502503e-01   1.6602227e-02   3.2837274e-01
   3.3670000e+03   4.9136316e-01   3.9395199e-01   1.1468485e-01
   3.3190000e+03   2.0220836e-01   2.3004392e-01   5.6774773e-01
   1.9030000e+03   7.0202672e-01   1.5160504e-01   1.4636823e-01
   1.9080000e+03   7.8662255e-01   1.8369446e-02   1.9500801e-01
   1.8890000e+03   2.7663341e-01   4.5645322e-01   2.6691337e-01
   1.8950000e+03   9.3764459e-01   2.7975604e-02   3.4379810e-02
   1.8910000e+03   3.4634790e-01   5.0274600e-01   1.5090611e-01
   1.8880000e+03   1.9130763e-01   6.6246344e-01   1.4622893e-01
   1.9090000e+03   1.4674745e-01   2.3422398e-01   6.1902857e-01
   1.9020000e+03   1.2041807e-01   3.6019950e-01   5.1938242e-01
   1.9100000e+03   7.0386291e-02   6.7993697e-01   2.4967674e-01
   1.8930000e+03   8.7165528e-01   2.7458657e-02   1.0088606e-01
   2.3890000e+03   3.9892163e-03   1.5759889e-03   9.9443479e-01
   1.8960000e+03   9.8645060e-01   6.2619029e-04   1.2923208e-02
   1.9050000e+03   8.5666815e-02   3.0590648e-01   6.0842670e-01
   2.3960000e+03   1.6470476e-01   3.6244307e-02   7.9905093e-01
   2.3970000e+03   5.3496180e-04   9.0347533e-01   9.5989709e-02
   2.3670000e+03   4.3759298e-01   4.5563743e-01   1.0676960e-01
   1.9010000e+03   3.6690651e-01   3.4860508e-03   6.2960744e-01
   2.4030000e+03   1.2272237e-01   2.3707874e-01   6.4019889e-01
   2.4110000e+03   7.8501129e-01   1.4569483e-01   6.9293880e-02
   2.4200000e+03   1.5398116e-01   3.3910122e-01   5.0691762e-01
   2.3630000e+03   3.7679417e-01   5.2877074e-01   9.4435099e-02
   6.6980000e+03   3.0957939e-01   4.6803644e-01   2.2238417e-01
   3.0520000e+03   6.5425709e-02   6.6332794e-01   2.7124635e-01
   6.4490000e+03   4.0071567e-01   2.1470495e-01   3.8457938e-01
   2.9000000e+03   1.6183526e-01   4.6805877e-01   3.7010598e-01
   2.9140000e+03   1.6929833e-03   5.1558598e-02   9.4674842e-01
   3.1330000e+03   2.6559026e-02   9.6270198e-01   1.0738993e-02
   2.9020000e+03   8.5820864e-01   7.5127402e-02   6.6663961e-02
   3.0370000e+03   4.6341627e-02   1.9793857e-02   9.3386452e-01
   3.1360000e+03   2.1374956e-03   9.9786250e-01   0.0000000e+00
   3.1440000e+03   8.2848590e-03   9.9171514e-01   0.0000000e+00
   3.1410000e+03   1.5134258e-03   9.8772653e-01   1.0760045e-02
   3.0410000e+03   4.7163731e-01   5.5516101e-02   4.7284659e-01
   2.9040000e+03   7.5506444e-01   4.0436363e-02   2.0449919e-01
   1.6380000e+03   8.2486222e-01   5.1148625e-02   1.2398915e-01
   2.9720000e+03   3.1242045e-02   5.3817579e-02   9.1494038e-01
   2.9050000e+03   6.6342586e-03   3.4788220e-03   9.8988692e-01
   2.9120000e+03   7.5456742e-01   2.3336102e-03   2.4309897e-01
   2.9140000e+03   4.5737885e-01   3.2639823e-01   2.1622293e-01
   2.9130000e+03   3.8249787e-03   5.8251938e-01   4.1365564e-01
   3.7900000e+03   1.3521542e-02   9.8348085e-01   2.9976036e-03
   3.1480000e+03   1.9136047e-02   9.5848680e-01   2.2377149e-02
   3.1490000e+03   3.0153519e-02   8.5840612e-01   1.1144036e-01
   3.1500000e+03   0.0000000e+00   3.4746653e-03   9.9652533e-01
   2.9200000e+03   7.6427944e-03   5.8683924e-02   9.3367328e-01
   2.0570000e+03   9.7119322e-04   4.2314810e-03   9.9479733e-01
   2.9350000e+03   7.5366869e-01   2.2056208e-02   2.2427510e-01
   2.9250000e+03   1.4255865e-01   3.7228203e-03   8.5371853e-01
   2.9240000e+03   1.3388296e-03   8.7561758e-02   9.1109941e-01
   3.1580000e+03   1.4965629e-01   5.3709746e-03   8.4497274e-01
   2.9470000e+03   9.7539499e-01   2.3524960e-02   1.0800527e-03
   3.0200000e+03   2.1975321e-01   1.2129096e-01   6.5895583e-01
   2.9280000e+03   9.8656697e-01   3.8968756e-03   9.5361568e-03
   3.0100000e+03   9.5128177e-01   1.4863500e-02   3.3854734e-02
   2.9300000e+03   1.0324290e-02   9.6127995e-01   2.8395755e-02
   3.0050000e+03   2.0671819e-02   9.5125806e-01   2.8070120e-02
   3.0060000e+03   1.9499682e-02   9.6526572e-01   1.5234598e-02
   2.9320000e+03   9.6861377e-03   9.4776932e-01   4.2544539e-02
   2.9350000e+03   1.9235281e-01   4.1360813e-01   3.9403906e-01
   2.9490000e+03   7.0629295e-01   1.0228820e-01   1.9141885e-01
   2.9360000e+03   1.7142906e-03   9.8498065e-01   1.3305062e-02
   2.9480000e+03   1.2220786e-01   2.3549322e-01   6.4229892e-01
   2.9390000e+03   9.8377718e-01   5.2186314e-03   1.1004190e-02
   2.9500000e+03   3.3610594e-02   2.9099388e-02   9.3729002e-01
   3.1100000e+03   1.8365126e-02   6.1531681e-01   3.6631806e-01
   3.4400000e+03   4.1166357e-03   5.1670471e-04   9.9536666e-01
   2.9400000e+03   4.1407786e-03   9.9341116e-01   2.4480652e-03
   2.9450000e+03   2.5652085e-02   3.8667706e-03   9.7048114e-01
   2.1530000e+03   1.2785236e-01   4.2184783e-01   4.5029981e-01
   3.0520000e+03   4.3750981e-01   2.7676411e-02   5.3481378e-01
   3.0770000e+03   3.6624604e-01   2.8087095e-01   3.5288301e-01
   3.1190000e+03   3.2160073e-02   3.1146744e-02   9.3669318e-01
   3.1200000e+03   4.5009971e-02   6.3568446e-01   3.1930556e-01
   2.9530000e+03   2.1501968e-01   3.2420741e-01   4.6077291e-01
   3.0780000e+03   2.7982972e-01   3.5800780e-01   3.6216247e-01
   3.1190000e+03   1.7661967e-02   5.4248646e-01   4.3985157e-01
   2.9640000e+03   8.4662558e-01   2.3605322e-02   1.2976910e-01
   2.9850000e+03   6.7027401e-02   6.2643113e-01   3.0654146e-01
   3.0980000e+03   2.7817577e-02   5.1925811e-02   9.2025661e-01
   2.0270000e+03   1.7726037e-01   2.8695178e-01   5.3578785e-01
   3.4770000e+03   9.4580941e-04   6.1129014e-02   9.3792518e-01
   2.9810000e+03   1.4531011e-01   2.5586132e-01   5.9882856e-01
   2.9590000e+03   8.1945802e-01   6.2395478e-02   1.1814650e-01
   6.7720000e+03   9.8117941e-01   1.3376904e-02   5.4436835e-03
   2.9570000e+03   7.2137237e-02   1.7358279e-01   7.5427997e-01
   3.5230000e+03   1.7867082e-01   1.1082934e-01   7.1049984e-01
   3.5270000e+03   1.7431057e-01   4.9062602e-01   3.3506341e-01
   3.7070000e+03   1.0066408e-01   8.0485175e-01   9.4484165e-02
   6.5770000e+03   6.3695110e-01   2.5449821e-01   1.0855069e-01
   3.4540000e+03   1.0905920e-01   7.6671312e-01   1.2422768e-01
   3.5260000e+03   3.3410565e-01   1.3017851e-01   5.3571584e-01
   2.9800000e+03   5.4213468e-01   2.4779770e-01   2.1006762e-01
   3.5200000e+03   2.3246286e-01   1.4111318e-01   6.2642396e-01
   2.9820000e+03   6.0612196e-02   6.8802431e-02   8.7058537e-01
   2.9870000e+03   8.3545491e-01   1.4173743e-01   2.2807662e-02
   3.7550000e+03   4.5762321e-01   5.2133267e-01   2.1044115e-02
   3.7600000e+03   5.0934069e-01   4.1994733e-01   7.0711980e-02
   3.7700000e+03   1.2383674e-01   1.1389025e-01   7.6227300e-01
   2.9920000e+03   4.7618414e-01   4.9374788e-01   3.0067980e-02
   3.7200000e+03   2.1683283e-01   4.6241300e-01   3.2075417e-01
   3.6970000e+03   8.1441091e-01   7.7126626e-02   1.0846247e-01
   2.9930000e+03   5.2901694e-01   3.2238081e-01   1.4860225e-01
   3.7170000e+03   2.5784804e-01   6.0784607e-01   1.3430590e-01
   3.7000000e+03   7.3929832e-01   1.8629409e-01   7.4407593e-02
   3.0180000e+03   1.0919219e-02   8.9913549e-01   8.9945287e-02
   1.4910000e+03   2.3472373e-01   4.7081210e-02   7.1819505e-01
   3.0170000e+03   3.3035444e-02   1.0130312e-01   8.6566144e-01
   3.0040000e+03   3.5007718e-02   9.4048273e-01   2.4509550e-02
   2.9990000e+03   2.8536516e-03   2.1950243e-01   7.7764392e-01
   2.9190000e+03   1.1935769e-02   9.7118368e-01   1.6880549e-02
   2.9980000e+03   8.0321850e-01   1.1708604e-01   7.9695466e-02
   3.0070000e+03   2.6627714e-01   1.0977682e-01   6.2394604e-01
   3.0160000e+03   6.5354416e-01   2.7902460e-01   6.7431243e-02
   1.6390000e+03   4.1298360e-02   5.1590655e-01   4.4279509e-01
   3.0260000e+03   2.0126683e-01   4.8972539e-01   3.0900777e-01
   3.0240000e+03   9.2013249e-01   7.0039733e-02   9.8277809e-03
   3.0310000e+03   3.6830545e-01   2.9921621e-01   3.3247833e-01
   3.0290000e+03   4.1950826e-03   5.8902733e-03   9.8991464e-01
   3.0430000e+03   3.6353875e-02   9.2825057e-01   3.5395560e-02
   1.6420000e+03   6.1810465e-03   9.9283936e-01   9.7959829e-04
   3.0470000e+03   8.1265672e-01   1.3323043e-01   5.4112856e-02
   3.0390000e+03   1.6145857e-01   1.6134689e-01   6.7719454e-01
   3.0480000e+03   5.6111688e-01   3.1938850e-01   1.1949462e-01
   3.0710000e+03   3.6843338e-02   8.2708758e-01   1.3606908e-01
   3.4480000e+03   1.0401008e-01   2.4993317e-01   6.4605675e-01
   2.9670000e+03   2.1343369e-01   3.0883496e-01   4.7773135e-01
   3.0540000e+03   1.3258774e-01   5.2209695e-01   3.4531531e-01
   3.0980000e+03   9.5211350e-01   1.5381405e-02   3.2505091e-02
   1.9990000e+03   1.1102230e-16   6.7093179e-03   9.9329068e-01
   3.0960000e+03   4.5990527e-01   4.6692056e-01   7.3174168e-02
   3.0560000e+03   1.1284444e-01   8.6692881e-01   2.0226750e-02
   3.4450000e+03   1.3633409e-01   6.2307088e-01   2.4059503e-01
   3.0660000e+03   5.8406673e-01   1.7517784e-01   2.4075543e-01
   3.0610000e+03   1.2146784e-01   8.0577268e-01   7.2759480e-02
   3.0620000e+03   7.8568019e-01   3.1567549e-02   1.8275226e-01
   3.0640000e+03   1.4893440e-01   8.0764978e-01   4.3415813e-02
   3.0650000e+03   6.6852819e-01   2.0153697e-01   1.2993484e-01
   3.0680000e+03   4.2079989e-01   1.3604648e-01   4.4315364e-01
   3.0810000e+03   1.4513353e-01   5.5494185e-02   7.9937228e-01
   3.0720000e+03   4.3948896e-01   1.7297171e-01   3.8753933e-01
   3.0840000e+03   7.4715293e-01   1.8229486e-02   2.3461758e-01
   3.0840000e+03   2.4542496e-01   6.5342296e-01   1.0115208e-01
   3.0870000e+03   2.8289870e-01   6.2526873e-01   9.1832577e-02
   3.0810000e+03   3.8795941e-01   4.7289864e-01   1.3914194e-01
   3.1840000e+03   6.1608775e-01   3.6280636e-01   2.1105888e-02
   3.0840000e+03   2.3329041e-01   1.4392613e-01   6.2278346e-01
   3.1890000e+03   1.6420039e-03   1.3082887e-02   9.8527511e-01
   3.1850000e+03   4.1618415e-01   2.9285854e-01   2.9095731e-01
   3.0880000e+03   5.5185929e-03   1.5612897e-02   9.7886851e-01
   3.0870000e+03   5.0716976e-03   7.9231259e-01   2.0261571e-01
   3.2050000e+03   2.0081834e-02   9.5008723e-01   2.9830935e-02
   3.4630000e+03   1.5542087e-02   9.6276869e-01   2.1689221e-02
   3.1070000e+03   5.1791051e-01   2.5020974e-01   2.3187975e-01
   3.1030000e+03   2.2925178e-01   6.0680868e-01   1.6393954e-01
   3.1070000e+03   6.0570154e-02   1.4837117e-02   9.2459273e-01
   3.1110000e+03   2.2990540e-02   1.1637801e-02   9.6537166e-01
   2.1530000e+03   9.9631198e-01   2.8911003e-03   7.9691729e-04
   3.1120000e+03   2.8300701e-01   2.3443096e-01   4.8256203e-01
   3.1120000e+03   8.0571151e-03   9.9111998e-01   8.2290892e-04
   3.1130000e+03   2.2687501e-01   1.7620609e-01   5.9691891e-01
   3.1800000e+03   8.2182683e-01   4.4208014e-02   1.3396516e-01
   3.1720000e+03   7.2402514e-02   1.2915659e-01   7.9844090e-01
   3.4110000e+03   4.1691649e-02   1.6705020e-01   7.9125815e-01
   3.4040000e+03   3.2612801e-15   9.1459875e-01   8.5401247e-02
   3.1320000e+03   7.9703236e-01   7.0772769e-02   1.3219487e-01
   3.1230000e+03   4.1408196e-02   7.2694276e-02   8.8589753e-01
   3.1240000e+03   9.9243954e-01   1.3048126e-03   6.2556425e-03
   3.3870000e+03   3.0845262e-02   6.8174871e-01   2.8740603e-01
   3.1870000e+03   4.2231642e-01   6.3622849e-02   5.1406073e-01
   3.3820000e+03   7.7726237e-02   6.1864207e-01   3.0363170e-01
   3.4000000e+03   5.8019037e-01   1.3292837e-01   2.8688126e-01
   3.1330000e+03   2.4840559e-04   4.7500846e-03   9.9500151e-01
   3.1340000e+03   2.1659499e-01   6.9888525e-01   8.4519752e-02
   3.1390000e+03   6.8280117e-01   4.8560897e-02   2.6863794e-01
   3.1440000e+03   9.7436618e-01   2.1743122e-02   3.8906960e-03
   3.1440000e+03   4.2195620e-03   1.7414331e-02   9.7836611e-01
   3.1470000e+03   9.6034503e-01   2.6125597e-02   1.3529373e-02
   3.1460000e+03   2.9612114e-02   2.1260414e-02   9.4912747e-01
   3.1500000e+03   7.2596475e-03   9.7589433e-01   1.6846025e-02
   3.4170000e+03   5.7497417e-03   3.5250557e-03   9.9072520e-01
   3.1570000e+03   8.5885662e-03   9.5083313e-01   4.0578309e-02
   3.1560000e+03   6.8546644e-03   9.7516320e-01   1.7982138e-02
   3.1690000e+03   9.8086351e-01   1.6525906e-02   2.6105878e-03
   3.1600000e+03   1.3217465e-02   9.4587466e-01   4.0907874e-02
   3.1670000e+03   9.9109350e-01   1.2295517e-03   7.6769503e-03
   3.1660000e+03   1.1838051e-03   9.8492869e-01   1.3887501e-02
   3.2010000e+03   1.4428607e-01   6.6921396e-01   1.8649997e-01
   3.3930000e+03   1.6582373e-01   2.0005756e-01   6.3411871e-01
   3.1710000e+03   1.3234646e-01   3.0821036e-01   5.5944318e-01
   3.1730000e+03   0.0000000e+00   0.0000000e+00   1.0000000e+00
   3.1760000e+03   0.0000000e+00  -0.0000000e+00   1.0000000e+00
   3.1750000e+03   5.5202278e-03   8.9341074e-01   1.0106903e-01
   3.1760000e+03   0.0000000e+00   1.0000000e+00  -0.0000000e+00
   3.2020000e+03   9.6643488e-02   7.1046963e-01   1.9288688e-01
   3.3980000e+03   2.5159843e-02   9.7108217e-01   3.7579874e-03
   3.1900000e+03   1.0000000e+00  -0.0000000e+00  -0.0000000e+00
   3.1990000e+03   1.0640680e-02   9.8686828e-01   2.4910385e-03
   3.1970000e+03   3.9017930e-02   9.4762887e-01   1.3353205e-02
   3.1960000e+03   1.9842086e-02   5.9742583e-03   9.7418366e-01
   3.2010000e+03   9.8555284e-01   2.7938393e-03   1.1653318e-02
   3.1980000e+03   1.1102230e-16  -0.0000000e+00   1.0000000e+00
   3.2050000e+03   1.2727060e-03   8.9304172e-04   9.9783425e-01
   3.2090000e+03   4.2299686e-03   1.7539009e-03   9.9401613e-01
   3.4160000e+03   5.7873878e-03   9.9405836e-01   1.5425340e-04
   3.2090000e+03   2.3900307e-03   9.8837146e-01   9.2385069e-03
   3.2100000e+03   2.6479978e-03   9.8568244e-01   1.1669558e-02
   3.2590000e+03   9.8942232e-01   9.5895810e-03   9.8810020e-04
   3.4400000e+03   9.7905780e-01   1.4467303e-02   6.4748972e-03
   3.2130000e+03   5.9132107e-03   4.2162530e-03   9.8987054e-01
   3.2160000e+03   9.8224613e-01   1.1752300e-02   6.0015744e-03
   3.4150000e+03   9.7210417e-01   2.0806568e-02   7.0892600e-03
   3.2130000e+03   4.0922670e-03   9.8929738e-01   6.6103579e-03
   3.2140000e+03   5.3315340e-03   9.8105517e-01   1.3613296e-02
   3.2200000e+03   3.1455912e-01   3.4344505e-02   6.5109637e-01
   3.2220000e+03   4.9012224e-03   2.1344063e-01   7.8165814e-01
   3.3850000e+03   9.7373439e-01   9.3551690e-03   1.6910437e-02
   3.2990000e+03   4.7337817e-01   9.4596814e-02   4.3202502e-01
   3.3060000e+03   6.8909245e-02   2.9200359e-01   6.3908717e-01
   3.2210000e+03   6.4206699e-01   3.5793301e-01   0.0000000e+00
   3.4250000e+03   2.9330800e-02   3.3782860e-03   9.6729091e-01
   3.4300000e+03   9.7377876e-01   2.0270223e-02   5.9510151e-03
   3.2250000e+03   2.9309857e-01   1.7239357e-02   6.8966208e-01
   3.3830000e+03   5.6389233e-01   2.2874798e-02   4.1323287e-01
   3.2270000e+03   3.4851212e-04   3.7083928e-03   9.9594310e-01
   3.2270000e+03   5.9728921e-02   6.3376635e-01   3.0650473e-01
   3.2250000e+03   9.9919330e-01   2.0157142e-05   7.8653942e-04
   3.2240000e+03   0.0000000e+00   1.0000000e+00  -0.0000000e+00
   3.2280000e+03   2.1280130e-03   0.0000000e+00   9.9787199e-01
   3.4010000e+03   5.8394646e-03   9.9277865e-01   1.3818858e-03
   3.2310000e+03   1.1102230e-16   1.0000000e+00  -0.0000000e+00
   3.2320000e+03   1.1102230e-16   1.0000000e+00  -0.0000000e+00
   3.3100000e+03   7.1971200e-01   2.3291425e-01   4.7373748e-02
   3.2350000e+03   2.9317245e-02   5.7924909e-01   3.9143367e-01
   3.2360000e+03   6.9067314e-02   8.3858463e-01   9.2348053e-02
   3.4060000e+03   3.2440006e-02   9.4586830e-01   2.1691698e-02
   3.2380000e+03   1.1230247e-03   9.8868802e-01   1.0188958e-02
   3.3170000e+03   5.6723133e-03   9.7952196e-01   1.4805730e-02
   3.3980000e+03   2.0121746e-02   4.1532739e-02   9.3834551e-01
   3.3970000e+03   1.2666486e-02   7.1233792e-01   2.7499559e-01
   3.3910000e+03   1.9349765e-01   1.0835697e-02   7.9566666e-01
   3.3180000e+03   6.5145211e-01   2.4760227e-01   1.0094561e-01
   3.3210000e+03   1.3460704e-01   3.1991008e-01   5.4548288e-01
   3.1710000e+03   8.9855031e-01   3.4865918e-03   9.7963103e-02
   3.3250000e+03   7.5065209e-01   5.9320258e-02   1.9002765e-01
   3.3250000e+03   4.7777227e-01   4.5382270e-01   6.8405031e-02
   3.2420000e+03   4.5526880e-01   7.2025781e-02   4.7270542e-01
   3.2460000e+03   3.8640734e-02   1.4688964e-01   8.1446962e-01
   3.2440000e+03   4.9800495e-02   8.9733019e-01   5.2869311e-02
   3.2430000e+03   2.3037363e-02   7.9463212e-01   1.8233052e-01
   3.2490000e+03   6.4245081e-01   2.3913914e-01   1.1841005e-01
   3.4350000e+03   4.7839662e-01   2.9303270e-01   2.2857068e-01
   3.3290000e+03   1.7936747e-03   9.9421146e-01   3.9948618e-03
   3.4360000e+03   6.7226726e-04   7.5530336e-03   9.9177470e-01
   3.3310000e+03   3.5053430e-03   9.9335675e-01   3.1379033e-03
   3.4410000e+03   9.9581425e-01   4.1263619e-03   5.9385314e-05
   3.4430000e+03   9.9535399e-01   1.0084918e-03   3.6375175e-03
   3.4370000e+03   3.4248375e-03   9.9478123e-01   1.7939289e-03
   3.3340000e+03   3.4053614e-03   6.2131797e-03   9.9038146e-01
   3.3350000e+03   9.9326154e-01   3.4131209e-03   3.3253434e-03
   3.4380000e+03   5.4729189e-04   9.9614102e-01   3.3116906e-03
