   7.5400000e+02   5.1070259e-15   2.1990622e-02   9.7800938e-01
   7.5800000e+02   1.3260831e-02   1.1223776e-02   9.7551539e-01
   7.5600000e+02   0.0000000e+00   1.4631868e-02   9.8536813e-01
   7.6000000e+02   7.6836594e-03   9.3025569e-03   9.8301378e-01
   7.5500000e+02   9.9636115e-01   0.0000000e+00   3.6388513e-03
   2.7000000e+01   1.0129075e-02   9.8827676e-01   1.5941614e-03
   1.1430000e+03   9.8347702e-01   1.4000837e-02   2.5221411e-03
   1.1560000e+03   3.1733958e-01   4.1269797e-01   2.6996246e-01
   1.1570000e+03   1.4881440e-01   5.3469847e-01   3.1648714e-01
   1.1430000e+03   2.2707578e-01   1.1705195e-01   6.5587227e-01
   8.5700000e+02   8.4952437e-02   1.5186675e-01   7.6318081e-01
   1.1490000e+03   3.0358186e-01   1.9725535e-03   6.9444558e-01
   8.7600000e+02   5.4228548e-03   3.8115240e-03   9.9076562e-01
   8.7600000e+02   6.1565433e-03   9.9207422e-01   1.7692377e-03
   3.1000000e+01   9.9053849e-01   5.6736728e-03   3.7878363e-03
   8.7800000e+02   5.4874415e-03   9.9451256e-01   2.3416965e-15
   1.1000000e+03   6.0585359e-03   3.9847170e-03   9.8995675e-01
   1.0690000e+03   4.9161171e-03   9.8895441e-01   6.1294717e-03
   1.0660000e+03   1.4677494e-01   7.4187914e-01   1.1134592e-01
   1.1090000e+03   7.7377523e-01   5.9470389e-02   1.6675439e-01
   1.1070000e+03   8.7450098e-01   0.0000000e+00   1.2549902e-01
   1.1030000e+03   4.8158920e-01   4.1117353e-01   1.0723727e-01
   2.1100000e+02   1.8665894e-03   1.7998034e-01   8.1815307e-01
   1.0840000e+03   9.6914721e-01   1.5561745e-02   1.5291041e-02
   9.2000000e+02   9.7450272e-01   2.5497280e-02   0.0000000e+00
   9.1800000e+02   9.6206236e-01   2.6609662e-03   3.5276676e-02
   9.2200000e+02   9.6758908e-01   1.1135132e-02   2.1275791e-02
   3.2000000e+01   9.8948123e-02   8.7998123e-01   2.1070645e-02
   1.4530000e+03   1.7768481e-02   9.6187841e-01   2.0353107e-02
   1.0470000e+03   8.8283842e-01   1.0768129e-01   9.4802888e-03
   1.4570000e+03   5.0688714e-01   3.8178210e-01   1.1133076e-01
   1.0470000e+03   4.4448595e-03   9.9506650e-01   4.8864013e-04
   1.1020000e+03   2.1908330e-02   1.4163517e-02   9.6392815e-01
   1.1070000e+03   3.5372286e-01   0.0000000e+00   6.4627714e-01
   1.0570000e+03   2.3951369e-01   5.0599010e-02   7.0988730e-01
   1.1060000e+03   9.0796108e-02   4.6793514e-02   8.6241038e-01
   1.0590000e+03   1.9647465e-03   9.9721489e-01   8.2036664e-04
   1.4490000e+03   4.4200905e-02   2.7337861e-02   9.2846123e-01
   3.5700000e+02   7.9068546e-06   2.7336220e-04   9.9971873e-01
   1.1530000e+03   7.2239468e-03   9.8883154e-01   3.9445097e-03
   1.0650000e+03   4.7536576e-03   9.8842751e-01   6.8188359e-03
   1.0730000e+03   1.7523937e-02   9.5001936e-01   3.2456701e-02
   1.0750000e+03   1.5467743e-01   7.1594557e-01   1.2937700e-01
   1.0870000e+03   4.8067831e-03   9.6347637e-01   3.1716850e-02
   3.8400000e+02   3.0586414e-03   9.5713546e-01   3.9805900e-02
   1.0770000e+03   5.5615042e-01   3.5950434e-01   8.4345233e-02
   1.0810000e+03   1.3844122e-01   6.5095554e-01   2.1060324e-01
   3.8100000e+02   1.8170097e-01   1.6372870e-03   8.1666174e-01
   3.0000000e+01   3.8455759e-01   3.2422086e-03   6.1220020e-01
   1.0900000e+03   3.2545461e-01   1.7292629e-01   5.0161910e-01
   3.7800000e+02   8.2875901e-02   8.8503591e-03   9.0827374e-01
   1.0940000e+03   9.2693772e-02   2.3810530e-01   6.6920092e-01
   1.1150000e+03   6.1435941e-03   9.8819833e-01   5.6580772e-03
   1.1120000e+03   4.6031079e-03   9.8997981e-01   5.4170832e-03
   1.1080000e+03   8.6778842e-02   7.4051417e-01   1.7270699e-01
   1.4610000e+03   3.2895706e-03   9.9121543e-01   5.4950000e-03
   1.1140000e+03   4.5895819e-03   9.9406632e-01   1.3441025e-03
   1.1100000e+03   5.3376290e-03   9.9323141e-01   1.4309605e-03
   1.1250000e+03   9.9149023e-01   4.9908297e-03   3.5189393e-03
   1.1380000e+03   7.3044885e-04   4.0195242e-03   9.9525003e-01
   1.1330000e+03   9.9125953e-01   8.4869813e-04   7.8917681e-03
   1.1400000e+03   4.7532050e-03   6.6268056e-01   3.3256623e-01
   1.1420000e+03   3.3154073e-02   5.1298149e-01   4.5386443e-01
   1.1490000e+03   9.4606363e-03   9.8594721e-01   4.5921544e-03
   1.1810000e+03   3.1666818e-03   2.1602595e-02   9.7523072e-01
   1.1840000e+03   2.4238416e-03   2.4659411e-02   9.7291675e-01
   1.1810000e+03   9.2018985e-01   3.8084174e-02   4.1725974e-02
   1.1860000e+03   7.2378105e-05   2.3721167e-02   9.7620645e-01
   1.1880000e+03   9.7725528e-01   3.6371288e-03   1.9107592e-02
   1.4550000e+03   2.2906755e-01   1.2453675e-02   7.5847878e-01
   1.4500000e+03   2.0207444e-01   1.4548258e-02   7.8337730e-01
   1.4560000e+03   7.0943257e-02   9.2733127e-01   1.7254697e-03
   1.4600000e+03   1.9069975e-01   2.2057057e-01   5.8872968e-01
   4.9000000e+01   1.9948236e-02   0.0000000e+00   9.8005176e-01
   4.8000000e+01   0.0000000e+00   1.1908850e-02   9.8809115e-01
   5.3000000e+01   1.0019523e-02   9.8971462e-01   2.6586159e-04
   5.1000000e+01   1.0924560e-02   5.9938869e-03   9.8308155e-01
   5.5000000e+01   8.8779086e-03   2.6004551e-03   9.8852164e-01
   5.4000000e+01   4.1723982e-03   5.0374820e-03   9.9079012e-01
   5.7000000e+01   0.0000000e+00   1.0000000e+00  -0.0000000e+00
   6.1000000e+01   0.0000000e+00   1.0000000e+00  -0.0000000e+00
   6.0000000e+01   9.6616302e-01   3.3836982e-02   3.3013367e-16
   1.6800000e+02   3.7184661e-02   0.0000000e+00   9.6281534e-01
   5.8000000e+01   4.9671852e-03   5.2436199e-01   4.7067083e-01
   1.6400000e+02   2.1558335e-02   4.6667099e-01   5.1177067e-01
   1.6500000e+02   6.0755736e-01   3.8582824e-01   6.6144023e-03
   1.6500000e+02   2.0917432e-01   7.8758693e-01   3.2387478e-03
   2.0700000e+02   3.0584004e-02   7.8621069e-01   1.8320531e-01
   4.7700000e+02   3.5964489e-01   5.9561343e-01   4.4741683e-02
   1.8100000e+02   1.4111234e-01   8.5210550e-01   6.7821595e-03
   2.2700000e+02   1.9137334e-02   5.4929650e-03   9.7536970e-01
   2.5100000e+02   6.6112633e-03   9.7384346e-01   1.9545273e-02
   8.8000000e+01   8.2499371e-02   3.4192468e-02   8.8330816e-01
   8.5000000e+01   7.7192425e-03   9.7574849e-01   1.6532266e-02
   9.2000000e+01   1.0000000e+00  -0.0000000e+00  -0.0000000e+00
   9.5000000e+01   6.1719416e-02   9.3828058e-01   0.0000000e+00
   9.6000000e+01   0.0000000e+00   1.0000000e+00  -0.0000000e+00
   1.0900000e+02   3.0840553e-02   7.9542418e-02   8.8961703e-01
   1.9900000e+02   8.3825853e-03   6.4601293e-01   3.4560448e-01
   2.7500000e+02   8.4977986e-03   1.9170891e-02   9.7233131e-01
   1.2700000e+02   3.1938247e-02   3.0554860e-02   9.3750689e-01
   1.3300000e+02   2.9493589e-03   2.0053466e-02   9.7699718e-01
   1.1100000e+02   4.4577636e-03   9.8688224e-01   8.6599981e-03
   2.7600000e+02   9.8420130e-01   8.1790819e-03   7.6196218e-03
   2.7600000e+02   1.0075552e-02   9.8621919e-01   3.7052535e-03
   1.1300000e+02   9.7994456e-01   1.4324688e-02   5.7307534e-03
   4.2000000e+02   1.0000085e-02   9.8620230e-01   3.7976169e-03
   1.1700000e+02   5.7003892e-03   9.9249274e-01   1.8068669e-03
   4.1400000e+02   9.2991754e-03   9.0130565e-03   9.8168777e-01
   1.1900000e+02   3.2019004e-03   9.9204146e-01   4.7566357e-03
   1.2300000e+02   5.2387265e-03   9.9200211e-01   2.7591587e-03
   4.1300000e+02   9.1671215e-03   3.2618428e-04   9.9050669e-01
   1.6000000e+01   9.9056117e-01   8.1698084e-03   1.2690209e-03
   1.2200000e+02   5.0194710e-02   9.4640335e-01   3.4019390e-03
   2.0000000e+02   3.3179082e-02   7.0285845e-02   8.9653507e-01
   1.2600000e+02   8.8817842e-16   1.7593687e-01   8.2406313e-01
   1.2800000e+02   3.4948387e-02   9.6272939e-01   2.3222253e-03
   1.4200000e+02   6.6998355e-01   1.2864351e-02   3.1715210e-01
   2.5800000e+02   1.1652396e-02   9.6515536e-01   2.3192242e-02
   1.3200000e+02   8.1709721e-01   1.7852171e-01   4.3810735e-03
   1.3200000e+02   4.2678657e-03   9.8541004e-01   1.0322095e-02
   2.5800000e+02   1.5167435e-02   1.4555726e-02   9.7027684e-01
   1.3500000e+02   9.8076504e-01   4.6173633e-04   1.8773228e-02
   1.3400000e+02   2.5248713e-03   9.7576912e-01   2.1706007e-02
   1.3700000e+02   9.4891620e-01   2.0508777e-02   3.0575024e-02
   1.3900000e+02   9.9009023e-01   4.1704160e-03   5.7393519e-03
   1.4600000e+02   8.3587085e-03   4.5463363e-03   9.8709496e-01
   1.5000000e+02   7.8774438e-03   4.4690719e-03   9.8765348e-01
   2.2200000e+02   7.6502088e-03   4.7312139e-03   9.8761858e-01
   4.2700000e+02   6.9259086e-03   9.9048676e-01   2.5873334e-03
   4.2900000e+02   6.1707335e-03   9.9097988e-01   2.8493897e-03
   4.2100000e+02   5.5539440e-03   9.9112309e-01   3.3229614e-03
   4.3800000e+02   9.2831339e-03   9.8426713e-01   6.4497330e-03
   4.3800000e+02   1.1280935e-01   2.2770941e-01   6.5948124e-01
   4.4900000e+02   2.7666531e-01   4.0570202e-01   3.1763267e-01
   1.5200000e+02   7.6648387e-01   1.5574329e-01   7.7772841e-02
   4.5000000e+02   5.3164030e-01   1.4567700e-01   3.2268270e-01
   4.4400000e+02   8.5404827e-03   3.0256781e-01   6.8889171e-01
   1.5600000e+02   0.0000000e+00   1.0000000e+00  -0.0000000e+00
   1.6000000e+02   2.3453461e-15   9.8161001e-01   1.8389989e-02
   1.5500000e+02   3.0416229e-02   9.4196544e-01   2.7618334e-02
   1.5900000e+02   0.0000000e+00   1.0000000e+00  -0.0000000e+00
   1.5700000e+02   1.8814394e-02   9.6418964e-01   1.6995962e-02
   1.6100000e+02   0.0000000e+00   1.0000000e+00  -0.0000000e+00
   1.6600000e+02   4.5091231e-03   4.8352028e-01   5.1197060e-01
   1.6500000e+02   6.0127175e-03   2.2486475e-02   9.7150081e-01
   1.6700000e+02   0.0000000e+00   1.0000000e+00  -0.0000000e+00
   1.7100000e+02   4.5973500e-03   7.1529446e-03   9.8824971e-01
   7.0000000e+00   5.5009292e-03   3.4997615e-03   9.9099931e-01
   3.9500000e+02   5.3331084e-03   6.1517669e-03   9.8851512e-01
   1.7000000e+02   9.9169090e-01   2.1354541e-03   6.1736508e-03
   1.7400000e+02   9.9358348e-01   1.7950523e-03   4.6214665e-03
   3.6200000e+02   6.0176406e-03   9.8749802e-01   6.4843425e-03
   4.0000000e+00   0.0000000e+00   1.0000000e+00  -0.0000000e+00
   1.7800000e+02   1.2316537e-16   9.8739240e-01   1.2607602e-02
   1.8300000e+02   7.5470484e-01   2.3466078e-01   1.0634381e-02
   3.6100000e+02   7.4012557e-01   1.4703044e-01   1.1284399e-01
   3.9600000e+02   4.1285187e-01   4.8129609e-01   1.0585203e-01
   4.0300000e+02   5.7781598e-02   7.7423563e-01   1.6798277e-01
   1.9400000e+02   2.2281238e-02   5.5932393e-02   9.2178637e-01
   1.9000000e+02   1.0241291e-02   9.7895784e-01   1.0800872e-02
   1.9400000e+02   3.8075402e-01   6.1741923e-01   1.8267506e-03
   1.0000000e+00   3.4593912e-01   2.9177610e-01   3.6228478e-01
   2.0200000e+02   6.3399117e-03   9.6973826e-03   9.8396271e-01
   2.0300000e+02   0.0000000e+00   1.0000000e+00  -0.0000000e+00
   2.1300000e+02   1.5818748e-02   4.2240322e-16   9.8418125e-01
   2.1300000e+02   1.7967398e-02   9.5292811e-01   2.9104496e-02
   2.1700000e+02   4.8606940e-03   9.6482440e-01   3.0314911e-02
   4.1300000e+02   2.1008770e-01   7.4320689e-01   4.6705410e-02
   2.7900000e+02   7.2569080e-02   4.6788387e-01   4.5954705e-01
   8.0000000e+00   2.1435654e-02   8.8037566e-01   9.8188689e-02
   2.2500000e+02   7.5654754e-03   3.5878356e-03   9.8884669e-01
   2.3100000e+02   2.3653716e-02   6.0377054e-03   9.7030858e-01
   2.2900000e+02   1.8738824e-02   4.8828759e-03   9.7637830e-01
   2.3300000e+02   2.0841535e-02   5.5481228e-03   9.7361034e-01
   2.5300000e+02   6.6684950e-03   9.7661753e-01   1.6713980e-02
   2.3800000e+02   9.8782153e-01   2.5946300e-03   9.5838419e-03
   2.4600000e+02   3.1510511e-02   5.4264859e-03   9.6306300e-01
   2.4800000e+02   2.8752327e-02   6.1616195e-03   9.6508605e-01
   2.4900000e+02   5.1541979e-03   9.7395184e-01   2.0893965e-02
   2.6400000e+02   8.0747108e-03   5.3167018e-03   9.8660859e-01
   2.7300000e+02   8.0260165e-03   7.0620311e-03   9.8491195e-01
   2.6700000e+02   7.0638254e-03   8.1124813e-03   9.8482369e-01
   2.7800000e+02   7.1186122e-03   1.0678121e-02   9.8220327e-01
   3.4600000e+02   3.4443530e-02   7.8828615e-01   1.7727032e-01
   3.0400000e+02   2.2204460e-16   3.4515030e-02   9.6548497e-01
   3.1400000e+02   9.8986381e-01   1.0136189e-02   0.0000000e+00
   3.5300000e+02   9.8073297e-03   8.8218517e-01   1.0800750e-01
   3.5400000e+02   3.7337670e-01   4.7121693e-01   1.5540637e-01
   3.4200000e+02   3.5283335e-04   9.9301933e-01   6.6278392e-03
   7.5100000e+02   2.1625922e-02   2.8284970e-01   6.9552438e-01
   3.5200000e+02   4.9846325e-02   2.3927266e-01   7.1088101e-01
   4.0100000e+02   8.6246588e-01   4.4774446e-02   9.2759678e-02
   3.5200000e+02   9.9750098e-01   2.4990237e-03   0.0000000e+00
   1.4830000e+03   4.8605242e-02   9.2262217e-01   2.8772592e-02
   3.0000000e+00   9.9244699e-01   0.0000000e+00   7.5530090e-03
   3.6000000e+02   7.1522788e-03   9.8643248e-01   6.4152406e-03
   3.6800000e+02   2.6910657e-02   9.6117720e-01   1.1912145e-02
   3.7300000e+02   2.6123389e-01   2.9989768e-01   4.3886843e-01
   3.6800000e+02   3.0898239e-02   2.2486926e-01   7.4423251e-01
   3.7700000e+02   8.9024278e-01   5.7260742e-02   5.2496473e-02
   3.8300000e+02   4.1489598e-01   2.9178134e-01   2.9332267e-01
   3.8900000e+02   2.3517713e-01   9.6748309e-02   6.6807456e-01
   3.8800000e+02   7.4921422e-01   2.2771656e-01   2.3069222e-02
   3.8800000e+02   1.1619801e-01   8.1398390e-01   6.9818099e-02
   4.0800000e+02   5.5954794e-03   9.8706978e-01   7.3347454e-03
   4.0600000e+02   5.6053785e-03   9.8849289e-01   5.9017269e-03
   4.0700000e+02   1.0264809e-02   2.2939087e-02   9.6679610e-01
   4.0000000e+02   1.7085604e-01   7.2327435e-01   1.0586961e-01
   7.5200000e+02   9.9322599e-01   3.6605967e-03   3.1134161e-03
   4.0400000e+02   1.5135204e-03   9.9223701e-01   6.2494708e-03
   4.0500000e+02   9.9344048e-01   4.9839588e-03   1.5755645e-03
   4.1200000e+02   8.4789931e-03   2.0034777e-03   9.8951753e-01
   4.1800000e+02   4.9211897e-03   9.9061725e-01   4.4615554e-03
   4.1900000e+02   9.3394630e-03   2.6507926e-03   9.8800974e-01
   4.3200000e+02   9.8414862e-01   8.6204567e-03   7.2309260e-03
   4.2500000e+02   8.0123773e-03   9.9056159e-01   1.4260309e-03
   4.3300000e+02   3.2952359e-01   6.6853224e-01   1.9441741e-03
   4.3500000e+02   4.5369130e-01   5.0918057e-01   3.7128128e-02
   4.4200000e+02   2.8428609e-02   1.4890120e-01   8.2267019e-01
   4.4300000e+02   9.9295702e-01   1.0296040e-15   7.0429838e-03
   4.4800000e+02   6.5418162e-01   2.8551817e-01   6.0300208e-02
   4.4700000e+02   3.2228142e-01   6.3969259e-01   3.8025984e-02
   4.7400000e+02   3.8866270e-02   9.1306564e-01   4.8068085e-02
   4.7500000e+02   4.8833925e-03   1.9436007e-02   9.7568060e-01
   4.8000000e+02   1.4142367e-02   9.2098986e-01   6.4867777e-02
   6.7100000e+02   5.3270907e-03   9.8664274e-01   8.0301713e-03
   6.6000000e+02   7.3629659e-03   9.8464944e-01   7.9875896e-03
   6.7500000e+02   9.7831194e-01   1.9836296e-02   1.8517683e-03
   7.4600000e+02   3.2565059e-01   2.3506679e-01   4.3928262e-01
   7.4300000e+02   8.0115145e-01   2.2687333e-02   1.7616122e-01
   7.4700000e+02   6.8230815e-01   3.1121010e-01   6.4817473e-03
   7.5200000e+02   8.6068556e-02   1.0753794e-02   9.0317765e-01
   1.8510000e+03   1.2239472e-02   6.6260153e-01   3.2515900e-01
   1.8540000e+03   6.5201566e-03   2.4836529e-03   9.9099619e-01
   1.8530000e+03   2.5634204e-03   5.0218331e-03   9.9241475e-01
   1.8550000e+03   1.2665681e-02   1.0635541e-02   9.7669878e-01
   1.9610000e+03   7.6298027e-04   0.0000000e+00   9.9923702e-01
   1.9600000e+03   4.4408921e-16   4.2861517e-03   9.9571385e-01
   1.9620000e+03   1.5966303e-01   8.1600882e-01   2.4328153e-02
   2.1880000e+03   2.2093466e-05   9.9926079e-01   7.1711509e-04
   2.1900000e+03   9.2548499e-05   9.9547159e-01   4.4358605e-03
   1.9670000e+03   8.5582792e-01   1.2545042e-01   1.8721658e-02
   1.9680000e+03   5.5179868e-01   3.9050421e-01   5.7697109e-02
   2.1970000e+03   8.6584385e-16   9.9889807e-01   1.1019307e-03
   1.8000000e+03   2.4396521e-02   9.7174605e-01   3.8574281e-03
   2.6990000e+03   2.9740860e-03   9.1698376e-01   8.0042153e-02
   2.1980000e+03   5.4110710e-02   8.9217279e-03   9.3696756e-01
   2.1960000e+03   1.8977715e-02   2.8474070e-03   9.7817488e-01
   2.7050000e+03   4.8098364e-03   4.1871304e-03   9.9100303e-01
   2.1850000e+03   8.5430909e-04   2.3071279e-02   9.7607441e-01
   2.2060000e+03   3.5001473e-02   2.0442152e-02   9.4455637e-01
   2.2050000e+03   1.3667353e-02   9.8117729e-01   5.1553576e-03
   2.2170000e+03   1.0965222e-02   9.6208832e-01   2.6946458e-02
   2.2240000e+03   3.7857751e-02   9.4985500e-01   1.2287245e-02
   2.2180000e+03   9.8259501e-01   1.3656096e-02   3.7488968e-03
   2.2150000e+03   4.5029051e-03   9.9429608e-01   1.2010132e-03
   1.6670000e+03   5.0340217e-02   8.6723250e-01   8.2427283e-02
   1.4760000e+03   1.3068055e-03   9.9279095e-01   5.9022476e-03
   1.6780000e+03   4.5246226e-03   9.9128378e-01   4.1915960e-03
   1.4700000e+03   5.9560567e-03   9.8646862e-01   7.5753246e-03
   1.6800000e+03   3.0724113e-03   9.8841162e-01   8.5159720e-03
   1.4720000e+03   5.8199308e-03   9.8644032e-01   7.7397447e-03
   1.6570000e+03   3.8234777e-03   9.8803977e-01   8.1367513e-03
   1.5560000e+03   4.8675021e-03   9.8771774e-01   7.4147600e-03
   1.5590000e+03   5.1835033e-03   9.8678359e-01   8.0329065e-03
   1.4740000e+03   3.6174395e-04   9.9442318e-01   5.2150776e-03
   1.5380000e+03   4.8484754e-03   9.7886597e-01   1.6285557e-02
   1.4780000e+03   6.4973622e-03   2.2735169e-04   9.9327529e-01
   1.4630000e+03   9.8846472e-01   3.9218389e-03   7.6134364e-03
   1.5380000e+03   5.9425165e-01   3.0043695e-01   1.0531140e-01
   1.5290000e+03   3.6083736e-03   9.8974542e-01   6.6462070e-03
   1.5530000e+03   2.0171394e-01   5.3430953e-01   2.6397653e-01
   1.5250000e+03   1.1406073e-02   9.7255015e-01   1.6043776e-02
   1.5270000e+03   9.3495823e-03   9.7628057e-01   1.4369843e-02
   1.4800000e+03   2.6509062e-01   1.7257141e-02   7.1765224e-01
   1.4820000e+03   1.2041336e-03   6.2864823e-03   9.9250938e-01
   1.4810000e+03   9.9298915e-01   3.9389893e-03   3.0718621e-03
   1.5890000e+03   2.9319650e-03   6.7399736e-03   9.9032806e-01
   1.4930000e+03   1.1884062e-02   5.1927857e-03   9.8292315e-01
   1.4970000e+03   7.2141608e-03   2.9452529e-03   9.8984059e-01
   1.5420000e+03   2.5723576e-03   9.9002689e-01   7.4007539e-03
   1.4950000e+03   7.8917673e-03   5.6297154e-03   9.8647852e-01
   1.4990000e+03   7.8864009e-03   3.2632521e-03   9.8885035e-01
   1.5400000e+03   3.9876983e-03   9.8832197e-01   7.6903297e-03
   1.5700000e+03   7.7427460e-03   6.1380708e-03   9.8611918e-01
   1.5730000e+03   7.9886893e-03   3.1313707e-03   9.8887994e-01
   1.5870000e+03   9.9252212e-01   7.0011224e-03   4.7675791e-04
   1.5210000e+03   1.6415263e-03   9.9259874e-01   5.7597296e-03
   1.5230000e+03   1.3783161e-03   9.9143922e-01   7.1824677e-03
   1.5500000e+03   9.7837547e-01   1.3347353e-02   8.2771808e-03
   1.5520000e+03   9.9602783e-01   5.8083186e-04   3.3913370e-03
   1.7240000e+03   5.3729554e-05   9.9260241e-01   7.3438631e-03
   1.5840000e+03   1.8828247e-02   3.3833540e-02   9.4733821e-01
   1.5340000e+03   9.9258840e-01   3.3888852e-04   7.0727139e-03
   1.5480000e+03   3.0643317e-03   9.9419303e-01   2.7426334e-03
   1.5660000e+03   5.4248188e-03   3.3138147e-03   9.9126137e-01
   1.5620000e+03   1.4283073e-02   5.0203746e-03   9.8069655e-01
   1.5360000e+03   3.1694197e-03   9.7936735e-01   1.7463235e-02
   1.6900000e+03   2.7185092e-03   9.8813786e-01   9.1436299e-03
   1.6920000e+03   2.3601469e-03   9.8844806e-01   9.1917966e-03
   1.7050000e+03   1.7477872e-03   9.9057725e-01   7.6749634e-03
   1.5440000e+03   2.9068889e-03   9.9051418e-01   6.5789353e-03
   1.5670000e+03   8.3392197e-04   5.5096625e-03   9.9365642e-01
   1.7070000e+03   4.8238939e-04   9.9266608e-01   6.8515322e-03
   1.6550000e+03   3.8782872e-02   1.6143191e-01   7.9978522e-01
   1.8370000e+03   4.7423053e-03   2.5980323e-03   9.9265966e-01
   1.6550000e+03   3.6622416e-03   9.8906908e-01   7.2686748e-03
   1.5540000e+03   4.6102876e-03   9.8707823e-01   8.3114846e-03
   1.5820000e+03   5.6403709e-02   2.5559279e-01   6.8800350e-01
   1.5640000e+03   1.2975326e-02   4.8677482e-03   9.8215693e-01
   1.5680000e+03   6.0415565e-03   3.8483842e-03   9.9011006e-01
   1.5690000e+03   7.6528849e-01   2.0027775e-01   3.4433760e-02
   1.5780000e+03   1.0022364e-02   1.2436362e-04   9.8985327e-01
   1.5760000e+03   7.3102017e-03   1.3335153e-03   9.9135628e-01
   1.5810000e+03   6.0721742e-03   6.4983635e-03   9.8742946e-01
   3.4800000e+02   9.6735702e-01   4.0900502e-03   2.8552927e-02
   1.5930000e+03   6.3123663e-03   8.5639910e-04   9.9283123e-01
   1.8120000e+03   1.0467185e-03   9.9775603e-01   1.1972514e-03
   1.5920000e+03   9.9422886e-01   5.7711410e-03   1.8938511e-15
   1.8100000e+03   4.0315225e-04   9.9920726e-01   3.8958683e-04
   1.5980000e+03   1.4687391e-01   3.6989793e-02   8.1613630e-01
   1.8100000e+03   4.8973843e-03   1.1479999e-01   8.8030262e-01
   1.5990000e+03   1.1687042e-02   4.5032638e-01   5.3798658e-01
   1.7300000e+03   1.0231050e-02   8.3782016e-01   1.5194879e-01
   1.7210000e+03   9.9120128e-01   2.6387465e-03   6.1599750e-03
   1.7210000e+03   9.4959746e-02   9.2021124e-02   8.1301913e-01
   1.7230000e+03   1.9380176e-02   4.0518734e-03   9.7656795e-01
   1.7150000e+03   8.2031273e-01   1.4709842e-01   3.2588857e-02
   1.6960000e+03   8.1043826e-02   8.6932629e-01   4.9629885e-02
   1.7030000e+03   1.9082983e-01   7.4449258e-01   6.4677597e-02
   1.6990000e+03   9.9146698e-01   8.1552652e-04   7.7174984e-03
   1.6840000e+03   3.4192803e-04   9.9048263e-01   9.1754451e-03
   1.7020000e+03   3.9460186e-01   5.7812074e-01   2.7277404e-02
   1.6880000e+03   2.2642665e-02   9.5895957e-01   1.8397768e-02
   1.6820000e+03   1.2923494e-03   9.8961886e-01   9.0887866e-03
   1.6720000e+03   5.0650942e-03   9.8672346e-01   8.2114421e-03
   1.6900000e+03   9.5258696e-01   3.1259889e-02   1.6153156e-02
   1.6750000e+03   3.4669456e-01   6.1901890e-01   3.4286539e-02
   1.6810000e+03   7.0810902e-01   2.8801386e-01   3.8771181e-03
   1.6730000e+03   6.6531872e-03   7.0825536e-01   2.8509145e-01
   1.6610000e+03   3.7387046e-03   9.8848703e-01   7.7742684e-03
   1.6770000e+03   1.0254124e-02   3.7311095e-01   6.1663493e-01
   1.6760000e+03   2.4777672e-02   1.1085184e-01   8.6437049e-01
   1.6590000e+03   1.7076106e-05   9.6999986e-01   2.9983063e-02
   1.6540000e+03   9.5086090e-01   4.2633871e-03   4.4875711e-02
   1.6640000e+03   1.8105297e-03   9.9028268e-01   7.9067855e-03
   1.6530000e+03   1.6473787e-03   9.8975216e-01   8.6004608e-03
   1.6520000e+03   9.5142849e-01   5.7404874e-03   4.2831022e-02
   1.6510000e+03   2.4519752e-02   4.9012978e-01   4.8535047e-01
   1.6560000e+03   9.9003582e-01   5.5394387e-06   9.9586385e-03
   1.6560000e+03   3.2203699e-02   1.9134897e-01   7.7644733e-01
   2.4670000e+03   7.9598849e-02   9.0870109e-01   1.1700058e-02
   2.4680000e+03   6.1732843e-04   9.8817017e-01   1.1212505e-02
   1.8070000e+03   3.2666553e-03   2.9199910e-02   9.6753343e-01
   1.8080000e+03   1.4742347e-02   9.5957034e-01   2.5687316e-02
   1.8130000e+03   1.8730121e-02   4.3473702e-03   9.7692251e-01
   1.8110000e+03   1.6852661e-02   1.2232280e-03   9.8192411e-01
   1.7990000e+03   3.9664374e-02   9.3443667e-01   2.5898958e-02
   2.5400000e+03   4.1546009e-03   9.6906436e-01   2.6781034e-02
   1.8180000e+03   7.9583941e-01   1.9486527e-01   9.2953163e-03
   1.8220000e+03   3.3608079e-01   5.6396727e-01   9.9951944e-02
   1.8170000e+03   1.5706891e-02   7.1254215e-02   9.1303889e-01
   1.8200000e+03   7.4740952e-02   7.3841637e-01   1.8684268e-01
   1.8260000e+03   9.9289514e-01   3.5385115e-03   3.5663475e-03
   1.8230000e+03   6.6709476e-01   3.0451710e-01   2.8388138e-02
   1.8360000e+03   1.2551716e-02   3.1580775e-02   9.5586751e-01
   1.8400000e+03   1.4712645e-02   1.2679853e-02   9.7260750e-01
   1.8320000e+03   1.1725005e-02   4.6283405e-04   9.8781216e-01
   1.8380000e+03   2.7582434e-04   8.0342117e-01   1.9630301e-01
   7.4100000e+02   3.6815460e-02   1.1777775e-02   9.5140676e-01
   2.5600000e+03   5.9171989e-01   1.6412032e-02   3.9186807e-01
   2.5610000e+03   6.5423279e-01   1.7508763e-02   3.2825845e-01
   2.5650000e+03   5.6194413e-01   4.8457338e-02   3.8959853e-01
   2.6980000e+03   9.5803499e-01   1.8393755e-02   2.3571253e-02
   2.6970000e+03   7.3426105e-02   8.1349971e-02   8.4522392e-01
   2.6960000e+03   1.3435068e-04   9.1740319e-02   9.0812533e-01
   2.7020000e+03   1.0188675e-02   1.7500815e-01   8.1480317e-01
   2.6960000e+03   2.9728024e-03   9.1910245e-01   7.7924744e-02
   2.7000000e+03   6.1233204e-02   9.3232674e-01   6.4400600e-03
   2.6980000e+03   3.8283974e-01   6.0398954e-01   1.3170722e-02
   2.6970000e+03   3.7713539e-02   8.7480965e-01   8.7476814e-02
   2.2440000e+03   7.7992482e-02   5.3268234e-02   8.6873928e-01
   2.2460000e+03   5.0074963e-02   1.5620927e-01   7.9371577e-01
   2.2420000e+03   7.8564020e-03   9.7484265e-01   1.7300953e-02
   2.2430000e+03   9.7680626e-04   9.5927398e-01   3.9749213e-02
   2.2470000e+03   7.2131442e-02   4.2553621e-01   5.0233234e-01
   3.4860000e+03   6.2971014e-02   2.9779511e-01   6.3923388e-01
   2.4620000e+03   9.5136774e-01   1.1311508e-02   3.7320756e-02
   2.5380000e+03   1.1164985e-01   4.6952382e-01   4.1882633e-01
   3.4850000e+03   7.8508051e-01   4.0586875e-02   1.7433262e-01
   2.5360000e+03   8.5365039e-03   2.5647509e-01   7.3498840e-01
   2.2490000e+03   6.6846473e-01   7.6154578e-02   2.5538069e-01
   2.2520000e+03   8.8937853e-01   5.5319417e-02   5.5302054e-02
   2.2530000e+03   9.2028728e-02   7.5984532e-01   1.4812595e-01
   2.2520000e+03   1.6008064e-01   8.2616127e-01   1.3758093e-02
   2.2570000e+03   2.3250372e-03   5.4867212e-01   4.4900284e-01
   2.2560000e+03   3.9869672e-01   5.8629508e-01   1.5008206e-02
   2.2580000e+03   5.0211379e-01   4.7732443e-01   2.0561781e-02
   2.4430000e+03   5.2025267e-02   4.9355277e-01   4.5442196e-01
   2.2610000e+03   3.2537593e-01   6.3702521e-01   3.7598855e-02
   2.2660000e+03   2.7472833e-02   3.8030332e-01   5.9222385e-01
   2.2620000e+03   2.6947139e-02   9.0179760e-01   7.1255258e-02
   2.4450000e+03   9.4734102e-01   1.9082428e-02   3.3576549e-02
   2.2680000e+03   1.4495253e-02   9.6554299e-01   1.9961758e-02
   2.2760000e+03   9.8453320e-01   5.0007987e-03   1.0466000e-02
   3.3600000e+03   2.7221483e-03   1.6238687e-02   9.8103916e-01
   2.2740000e+03   9.8919617e-01   2.0368134e-03   8.7670136e-03
   2.4350000e+03   9.3921862e-01   3.0312862e-02   3.0468516e-02
   2.2820000e+03   6.5905268e-03   9.5379982e-01   3.9609652e-02
   2.2810000e+03   4.3003104e-03   4.5419388e-02   9.5028030e-01
   2.2780000e+03   8.8133985e-02   8.4181742e-01   7.0048599e-02
   2.2910000e+03   2.5691737e-04   6.6214801e-01   3.3759507e-01
   2.2840000e+03   9.0206342e-02   8.2937311e-01   8.0420547e-02
   2.2850000e+03   2.6773792e-01   6.7450107e-01   5.7761003e-02
   2.2900000e+03   9.9208772e-01   1.4770281e-03   6.4352508e-03
   2.2940000e+03   9.9187042e-01   1.0848231e-03   7.0447529e-03
   2.2920000e+03   9.9190579e-01   1.9440514e-03   6.1501541e-03
   2.2960000e+03   9.9239753e-01   9.9109859e-04   6.6113686e-03
   2.2980000e+03   2.8249819e-01   6.1597909e-01   1.0152272e-01
   2.3860000e+03   2.1440643e-02   2.3572768e-02   9.5498659e-01
   2.4740000e+03   2.2851525e-01   4.2801804e-01   3.4346671e-01
   2.4710000e+03   5.2515774e-02   9.4342101e-01   4.0632209e-03
   2.5420000e+03   1.5435027e-02   9.7341415e-01   1.1150819e-02
   2.4620000e+03   1.1615143e-01   8.7600903e-01   7.8395339e-03
   2.4580000e+03   9.3833893e-02   8.9409691e-01   1.2069201e-02
   2.4590000e+03   4.4668927e-01   3.4155084e-01   2.1175989e-01
   2.4610000e+03   4.6621076e-01   3.8368142e-01   1.5010782e-01
   1.6490000e+03   8.0550534e-01   1.7746509e-01   1.7029568e-02
   2.4520000e+03   6.6479922e-01   2.9995868e-01   3.5242091e-02
   2.4480000e+03   3.6920160e-03   7.4982786e-01   2.4648013e-01
   2.4550000e+03   2.6233273e-01   7.1367933e-01   2.3987941e-02
   2.4400000e+03   2.0210571e-02   9.1544302e-02   8.8824513e-01
   2.4470000e+03   9.3625773e-01   5.7391077e-02   6.3511968e-03
   2.4490000e+03   4.9685083e-04   9.9099541e-01   8.5077373e-03
   2.4470000e+03   7.2931546e-04   9.9140752e-01   7.8631670e-03
   2.4380000e+03   9.5936238e-01   2.7052883e-02   1.3584735e-02
   2.4420000e+03   9.9068491e-01   1.7388840e-03   7.5762012e-03
   2.4400000e+03   9.9046869e-01   1.5960718e-03   7.9352413e-03
   1.6850000e+03   9.9072477e-01   6.6750956e-04   8.6077209e-03
   2.4390000e+03   1.8214596e-16   9.9118702e-01   8.8129801e-03
   2.3800000e+03   8.3727295e-03   4.3661346e-01   5.5501381e-01
   2.4270000e+03   9.6230222e-01   2.6675793e-02   1.1021989e-02
   2.4330000e+03   9.9149485e-01   5.2337477e-03   3.2714031e-03
   2.4310000e+03   9.9101061e-01   3.5920590e-03   5.3973352e-03
   1.6970000e+03   8.7185870e-01   1.2254053e-02   1.1588725e-01
   1.6950000e+03   9.9109010e-01   2.4430661e-03   6.4668318e-03
   2.3850000e+03   7.6575084e-02   3.5619351e-01   5.6723141e-01
   2.3790000e+03   5.2548322e-01   3.1001355e-01   1.6450324e-01
   2.3950000e+03   9.6414127e-01   1.2743013e-02   2.3115717e-02
   2.3830000e+03   7.8994012e-01   7.6470412e-02   1.3358947e-01
   1.7090000e+03   9.9445776e-01   1.0514421e-03   4.4907984e-03
   1.7100000e+03   4.5961554e-01   2.9118215e-03   5.3747264e-01
   2.3910000e+03   9.7790288e-01   1.8943244e-02   3.1538762e-03
   1.7170000e+03   9.9080116e-01   6.5754267e-03   2.6234159e-03
   2.5400000e+03   8.4577232e-02   2.8228807e-01   6.3313470e-01
   2.5450000e+03   1.5350875e-01   3.2971329e-02   8.1351992e-01
   4.0450000e+03   8.2850262e-02   7.5596303e-01   1.6118671e-01
   3.4250000e+03   7.1588901e-02   4.0412972e-01   5.2428138e-01
   3.4340000e+03   5.4448138e-02   9.2995442e-01   1.5597441e-02
   3.4390000e+03   1.7995307e-01   8.0133466e-01   1.8712265e-02
   3.4220000e+03   3.2576088e-01   3.3490498e-01   3.3933415e-01
   2.5610000e+03   9.5214841e-02   3.1364064e-02   8.7342109e-01
   3.8710000e+03   5.4592178e-01   3.8110589e-01   7.2972333e-02
   3.9240000e+03   2.7866606e-01   7.1245029e-01   8.8836510e-03
   4.3830000e+03   9.5982111e-02   2.0446052e-02   8.8357184e-01
   3.9890000e+03   7.5831022e-01   2.2521229e-01   1.6477495e-02
   3.9900000e+03   7.0526449e-01   1.7433280e-01   1.2040271e-01
   3.9910000e+03   3.4926799e-02   9.5780330e-01   7.2699000e-03
   3.4760000e+03   2.3857729e-01   7.4507725e-01   1.6345460e-02
   3.3590000e+03   9.9072796e-01   3.2034887e-03   6.0685472e-03
   2.8760000e+03   1.0563059e-02   2.2553878e-01   7.6389816e-01
   3.0670000e+03   1.7846659e-01   8.1295882e-01   8.5745936e-03
   2.8760000e+03   9.9414745e-01   3.9073281e-03   1.9452193e-03
   2.2870000e+03   9.9071718e-01   3.4262906e-03   5.8565327e-03
   3.0660000e+03   1.9831922e-02   9.6282408e-01   1.7344000e-02
   2.8780000e+03   9.9430176e-01   5.6982384e-03   1.4153861e-16
   2.2880000e+03   9.9289408e-01   1.2211443e-03   5.8847746e-03
   3.4170000e+03   2.0834137e-02   9.5749256e-01   2.1673299e-02
   3.1810000e+03   1.5781899e-01   8.3145859e-01   1.0722419e-02
   3.4330000e+03   1.8970330e-02   6.3430720e-01   3.4672247e-01
   3.4350000e+03   4.7729049e-02   5.3074189e-01   4.2152906e-01
   2.9100000e+03   6.7441006e-01   3.2105071e-01   4.5392376e-03
   3.3260000e+03   6.7530217e-01   3.1604979e-01   8.6480373e-03
   3.4180000e+03   1.6687090e-01   8.1583659e-01   1.7292502e-02
   3.4700000e+03   4.4528391e-02   5.6755870e-02   8.9871574e-01
   3.4580000e+03   5.1818876e-01   1.9175918e-02   4.6263533e-01
   3.4520000e+03   1.6414149e-01   1.5441712e-02   8.2041680e-01
   3.4140000e+03   3.4046833e-01   6.2773057e-01   3.1801103e-02
   3.4370000e+03   1.0959761e-02   9.1640394e-01   7.2636304e-02
   2.9250000e+03   1.0694430e-01   8.7677870e-01   1.6276996e-02
   3.4210000e+03   1.5529208e-02   3.9032432e-01   5.9414647e-01
   3.4080000e+03   7.9648795e-03   4.9969396e-01   4.9234116e-01
   3.4040000e+03   1.3259102e-02   3.6875843e-01   6.1798247e-01
   3.4030000e+03   1.5153044e-02   2.0611984e-01   7.7872712e-01
   3.1360000e+03   1.0942030e-01   8.7469687e-01   1.5882831e-02
   3.0600000e+03   4.3970612e-02   1.4717141e-02   9.4131225e-01
   3.3790000e+03   9.9052969e-01   8.8718007e-03   5.9851055e-04
   3.0610000e+03   4.1316395e-02   1.8862607e-02   9.3982100e-01
   3.3640000e+03   3.1337641e-02   7.9942829e-03   9.6066808e-01
   3.3770000e+03   9.9364710e-01   5.7063063e-03   6.4659214e-04
   3.3960000e+03   9.7035817e-01   2.8304814e-02   1.3370165e-03
   3.1310000e+03   6.6951471e-03   9.4949951e-01   4.3805348e-02
   3.1640000e+03   6.3936934e-03   6.5274889e-02   9.2833142e-01
   3.1360000e+03   8.5399385e-01   1.2035540e-01   2.5650749e-02
   3.1940000e+03   7.9915394e-01   1.7344853e-01   2.7397526e-02
   3.2970000e+03   8.3623953e-01   1.5373584e-01   1.0024635e-02
   9.7840000e+03   5.3599991e-02   9.3197375e-01   1.4426259e-02
   3.3080000e+03   3.8667371e-01   4.1815692e-01   1.9516936e-01
   3.3070000e+03   4.3794183e-01   5.0935150e-01   5.2706673e-02
   3.3060000e+03   2.3280149e-01   7.4744747e-01   1.9751040e-02
   9.8350000e+03   5.4720086e-01   1.4671164e-01   3.0608750e-01
   9.8330000e+03   8.1171089e-01   2.7567714e-02   1.6072140e-01
   3.3140000e+03   9.7460806e-02   7.1131167e-02   8.3140803e-01
   3.1880000e+03   7.7345728e-01   8.3665644e-02   1.4287708e-01
   3.4670000e+03   1.7266669e-01   5.8713415e-01   2.4019916e-01
   3.1840000e+03   1.5373496e-02   2.7061518e-02   9.5756499e-01
   3.1820000e+03   4.0741124e-03   8.4441778e-01   1.5150810e-01
   4.3790000e+03   2.7374508e-02   3.1128561e-01   6.6133988e-01
   4.3800000e+03   3.0588504e-02   2.8245833e-01   6.8695317e-01
   3.4750000e+03   7.9048334e-02   4.5112957e-02   8.7583871e-01
   3.3130000e+03   1.5661024e-01   4.2535054e-01   4.1803922e-01
   3.3230000e+03   3.1796155e-02   7.6152362e-01   2.0668022e-01
   3.3240000e+03   7.6598526e-03   7.7643280e-01   2.1590735e-01
   3.3150000e+03   6.4494221e-01   1.1306985e-01   2.4198794e-01
   3.3150000e+03   1.5141711e-01   3.0798799e-01   5.4059490e-01
   3.3100000e+03   1.4088272e-01   8.4908059e-01   1.0036695e-02
   3.3050000e+03   9.7143452e-03   2.8970432e-01   7.0058133e-01
   4.3570000e+03   1.3033416e-01   1.1973702e-01   7.4992882e-01
   3.3010000e+03   9.1816179e-02   2.6921883e-01   6.3896499e-01
   3.4130000e+03   1.3551557e-02   2.9521203e-02   9.5692724e-01
   3.3600000e+03   9.7989977e-01   9.8671652e-03   1.0233066e-02
   3.4120000e+03   2.1675589e-02   4.6039322e-01   5.1793119e-01
   3.3820000e+03   9.1241804e-01   6.8601737e-02   1.8980221e-02
   3.3870000e+03   1.0626897e-02   2.8831079e-01   7.0106231e-01
   3.4780000e+03   3.3637040e-02   6.3857734e-01   3.2778562e-01
   3.3830000e+03   7.9005877e-01   2.0647741e-01   3.4638199e-03
   3.4060000e+03   4.8225642e-03   9.8122491e-01   1.3952525e-02
   3.4800000e+03   2.4277166e-01   2.3959274e-01   5.1763560e-01
   3.3700000e+03   1.8820205e-02   9.8347059e-02   8.8283274e-01
   3.4040000e+03   1.1833191e-02   9.3803175e-01   5.0135063e-02
   1.0196000e+04   8.9130242e-01   9.3972676e-02   1.4724904e-02
   3.3920000e+03   1.3293395e-03   9.4123105e-01   5.7439608e-02
   3.3660000e+03   7.4051081e-01   2.5895292e-01   5.3626939e-04
   3.3670000e+03   1.2079918e-03   1.1199609e-02   9.8759240e-01
   1.0119000e+04   4.7098059e-03   9.8449463e-01   1.0795567e-02
   1.0195000e+04   1.1723351e-02   4.7113901e-02   9.4116275e-01
   3.3910000e+03   3.6166665e-02   9.6033753e-01   3.4958071e-03
   3.3880000e+03   9.9247186e-01   1.0377813e-03   6.4903623e-03
   3.3950000e+03   9.9326326e-01   5.4327810e-03   1.3039617e-03
   3.3920000e+03   9.9313293e-01   1.6196787e-03   5.2473882e-03
   3.3750000e+03   2.0868023e-02   1.8902047e-01   7.9011150e-01
   3.4060000e+03   3.9904632e-02   4.5244828e-01   5.0764708e-01
   3.4000000e+03   5.0236688e-03   1.3109431e-01   8.6388202e-01
   3.4240000e+03   3.7168501e-01   6.2035607e-01   7.9589251e-03
   3.4360000e+03   6.9385752e-02   9.1592398e-01   1.4690271e-02
   3.4300000e+03   3.1840241e-02   6.2737268e-01   3.4078708e-01
   3.4290000e+03   2.2618341e-02   7.7735618e-01   2.0002548e-01
   3.4880000e+03   1.8717549e-02   6.7817594e-02   9.1346486e-01
   3.4420000e+03   2.9465792e-02   1.5191544e-01   8.1861876e-01
   3.4450000e+03   8.7758843e-01   4.0508479e-02   8.1903092e-02
   3.4430000e+03   9.7180015e-01   8.2354661e-03   1.9964388e-02
   3.4500000e+03   5.0089077e-01   2.4635857e-01   2.5275066e-01
   3.4550000e+03   5.6536953e-01   3.1364455e-02   4.0326602e-01
   3.4520000e+03   2.4127249e-03   9.9478805e-01   2.7992228e-03
   3.4540000e+03   7.6319252e-01   1.4916824e-02   2.2189066e-01
   3.4680000e+03   7.4110593e-01   1.4965233e-01   1.0924174e-01
   3.4710000e+03   1.0477224e-02   2.7948418e-02   9.6157436e-01
   3.4730000e+03   2.6945494e-01   4.6698533e-01   2.6355972e-01
   4.3890000e+03   6.8049230e-02   4.0590710e-01   5.2604367e-01
   3.3870000e+03   3.8966393e-02   7.5044896e-01   2.1058465e-01
   3.3860000e+03   1.5700816e-02   6.7285320e-01   3.1144599e-01
   3.3830000e+03   3.6048524e-02   3.3415705e-02   9.3053577e-01
   3.4910000e+03   7.4562334e-02   8.9323007e-01   3.2207601e-02
   3.4840000e+03   3.1170499e-02   1.6108538e-02   9.5272096e-01
   3.4810000e+03   2.1163303e-02   8.9314792e-01   8.5688775e-02
   3.4870000e+03   1.0145599e-01   6.8871688e-01   2.0982713e-01
   3.4820000e+03   2.6313599e-02   9.0201161e-01   7.1674793e-02
   3.4820000e+03   9.0840185e-01   3.5505609e-03   8.8047590e-02
   4.2180000e+03   8.9790912e-01   5.2894796e-02   4.9196080e-02
   4.1730000e+03   6.7973362e-01   8.6344573e-02   2.3392180e-01
   5.0600000e+03   7.8844015e-01   9.8287135e-02   1.1327272e-01
   4.5410000e+03   8.6747703e-03   8.7479591e-01   1.1652932e-01
   4.4970000e+03   3.8409042e-01   5.3573785e-01   8.0171729e-02
   4.4650000e+03   7.7604127e-01   1.2895489e-01   9.5003839e-02
   4.8050000e+03   2.4124059e-02   4.6852244e-03   9.7119072e-01
   5.2190000e+03   4.4238658e-02   3.8034006e-01   5.7542128e-01
   4.7020000e+03   1.3226567e-03   2.0938612e-01   7.8929122e-01
   5.1120000e+03   7.1279614e-01   2.8597965e-01   1.2242074e-03
   4.4980000e+03   5.3846805e-02   7.4465287e-01   2.0150032e-01
   4.5400000e+03   8.6815943e-01   5.1452828e-03   1.2669529e-01
   4.5390000e+03   8.8150895e-01   1.8082030e-02   1.0040902e-01
   4.5410000e+03   6.0692504e-03   3.1952725e-01   6.7440350e-01
   4.5090000e+03   9.3907698e-02   8.2322010e-01   8.2872207e-02
   4.2180000e+03   4.2988375e-01   3.8599306e-02   5.3151694e-01
   4.2880000e+03   3.6390017e-02   8.9815827e-01   6.5451712e-02
   4.5810000e+03   1.4956935e-02   9.8376511e-01   1.2779509e-03
   4.5390000e+03   2.8742918e-01   9.5849935e-03   7.0298582e-01
   4.5400000e+03   2.3200443e-01   8.7157121e-03   7.5927986e-01
   4.6250000e+03   4.9260467e-02   1.5778972e-01   7.9294981e-01
   4.2920000e+03   9.7624371e-01   1.2073508e-02   1.1682784e-02
   4.5810000e+03   9.8050460e-01   1.3113073e-02   6.3823260e-03
   4.5800000e+03   9.3607980e-02   8.8636243e-01   2.0029592e-02
   3.9270000e+03   9.5948806e-03   8.3207730e-01   1.5832782e-01
   4.6410000e+03   3.7334813e-03   6.5216846e-01   3.4409805e-01
   4.6940000e+03   5.4815562e-02   6.8398293e-01   2.6120151e-01
   4.7030000e+03   2.6430963e-01   7.5334138e-03   7.2815696e-01
   4.8180000e+03   4.6188380e-03   9.9533182e-01   4.9337717e-05
   4.2240000e+03   9.4698209e-01   1.6790119e-02   3.6227786e-02
   4.4090000e+03   2.1796450e-01   4.4607262e-01   3.3596287e-01
   4.4060000e+03   7.0648782e-03   9.9082721e-01   2.1079138e-03
   4.2240000e+03   3.8892397e-01   1.7248950e-02   5.9382708e-01
   4.1810000e+03   1.6708443e-02   6.7773601e-01   3.0555555e-01
   4.2520000e+03   8.7370446e-01   1.5637053e-02   1.1065849e-01
   4.2060000e+03   8.7619962e-02   5.2920880e-01   3.8317124e-01
