   2.8700000e+03   5.4770454e-01   4.3100579e-01   2.1289670e-02
   2.8460000e+03   3.4440408e-01   5.8449895e-01   7.1096968e-02
   2.8420000e+03   4.2397002e-01   4.8229791e-01   9.3732077e-02
   1.8830000e+03   6.0041599e-01   3.8140769e-01   1.8176325e-02
   2.8360000e+03   1.3783648e-01   4.3244384e-02   8.1891914e-01
   2.7940000e+03   1.2249038e-01   7.5638667e-03   8.6994576e-01
   2.8020000e+03   8.6283031e-02   2.3166579e-03   9.1140031e-01
   3.7410000e+03   2.9742705e-02   7.5589492e-01   2.1436237e-01
   2.7940000e+03   9.5213729e-01   3.0855774e-02   1.7006931e-02
   2.8020000e+03   8.6999507e-01   4.8878160e-02   8.1126766e-02
   2.8090000e+03   1.7347235e-18   9.8796825e-01   1.2031749e-02
   2.7950000e+03   6.8619598e-01   2.9391811e-01   1.9885914e-02
   2.7950000e+03   2.3240483e-01   7.4951970e-01   1.8075478e-02
   2.8120000e+03   6.8683760e-01   3.0149389e-01   1.1668509e-02
   2.8030000e+03   5.7221478e-01   4.1859905e-01   9.1861735e-03
   2.8010000e+03   6.0976355e-02   8.0959032e-01   1.2943332e-01
   2.8190000e+03   5.6617883e-02   3.3595243e-01   6.0742969e-01
   2.8210000e+03   1.5854673e-02   4.3029414e-01   5.5385119e-01
   2.8050000e+03   5.7293512e-01   3.5314596e-01   7.3918911e-02
   3.0240000e+03   6.7656453e-03   6.1538922e-02   9.3169543e-01
   3.0350000e+03   2.6241764e-02   1.0158551e-01   8.7217272e-01
   3.0380000e+03   4.8274830e-01   5.0775965e-02   4.6647573e-01
   2.8110000e+03   6.6596900e-01   7.4104349e-02   2.5992665e-01
   2.8160000e+03   9.8845174e-01   2.9042924e-04   1.1257830e-02
   2.4590000e+03   8.0818295e-02   8.2815939e-01   9.1022318e-02
   3.0050000e+03   3.8005778e-02   1.8619576e-01   7.7579846e-01
   3.0040000e+03   7.7936360e-02   4.8168757e-01   4.4037607e-01
   3.0060000e+03   2.5772849e-01   7.3670570e-01   5.5658118e-03
   2.8280000e+03   9.8434707e-01   5.3843153e-03   1.0268614e-02
   2.8600000e+03   9.9156159e-01   4.5254846e-03   3.9129238e-03
   2.8480000e+03   4.3447162e-03   2.6281701e-03   9.9302711e-01
   2.8600000e+03   7.1868096e-02   1.9835389e-01   7.2977802e-01
   3.0450000e+03   3.8571392e-01   8.7386622e-02   5.2689946e-01
   2.8500000e+03   2.8054168e-03   9.9346151e-01   3.7330776e-03
   2.8570000e+03   5.5503883e-01   4.3579113e-01   9.1700349e-03
   2.8410000e+03   3.6651674e-01   5.8182837e-01   5.1654889e-02
   2.8450000e+03   3.8972215e-01   5.6110420e-01   4.9173651e-02
   2.8490000e+03   8.7076880e-01   2.3046206e-02   1.0618499e-01
   3.0490000e+03   3.3493867e-01   4.9703067e-01   1.6803067e-01
   3.0510000e+03   1.1646678e-01   7.8109416e-01   1.0243906e-01
   2.8510000e+03   8.3070266e-03   9.9160120e-01   9.1776295e-05
   2.8540000e+03   9.9185245e-01   5.5017300e-04   7.5973799e-03
   2.8660000e+03   8.1802194e-02   2.0577110e-02   8.9762070e-01
   3.0130000e+03   2.8565836e-01   1.7262427e-01   5.4171736e-01
   2.8670000e+03   3.0031719e-01   2.8719237e-03   6.9681089e-01
   3.0110000e+03   5.8995470e-02   1.1527655e-01   8.2572798e-01
   2.8680000e+03   6.0616991e-01   3.7262050e-01   2.1209590e-02
   2.9010000e+03   1.4959770e-01   1.7089552e-01   6.7950678e-01
   2.8780000e+03   4.1509893e-02   5.0816315e-04   9.5798194e-01
   2.8810000e+03   2.9149519e-02   3.2660639e-02   9.3818984e-01
   2.9270000e+03   1.4225495e-01   3.2909863e-02   8.2483518e-01
   2.8770000e+03   3.4154925e-03   1.9991875e-03   9.9458532e-01
   2.9260000e+03   2.4402958e-03   1.8536662e-03   9.9570604e-01
   2.9290000e+03   2.6280419e-03   2.3832127e-03   9.9498875e-01
   2.8880000e+03   2.4550182e-01   4.4105922e-02   7.1039226e-01
   2.8850000e+03   3.6438941e-03   1.4658544e-03   9.9489025e-01
   2.8890000e+03   3.8920776e-03   9.9301425e-04   9.9511491e-01
   2.9180000e+03   2.9193518e-03   1.9696906e-03   9.9511096e-01
   2.9220000e+03   3.1507009e-03   1.6423682e-03   9.9520693e-01
   2.9890000e+03   5.7377795e-03   2.7235075e-02   9.6702715e-01
   2.8980000e+03   6.1499480e-01   1.3167920e-02   3.7183728e-01
   3.0950000e+03   8.7516513e-03   1.6568796e-02   9.7467955e-01
   2.9050000e+03   4.1742546e-03   5.9860234e-04   9.9522714e-01
   2.9090000e+03   4.4916550e-03   3.4760247e-04   9.9516074e-01
   3.0700000e+03   3.2393549e-03   1.4225426e-03   9.9533810e-01
   2.9090000e+03   3.2001433e-02   9.5085568e-01   1.7142888e-02
   2.9310000e+03   1.5902669e-03   2.2839132e-03   9.9612582e-01
   2.9200000e+03   1.9480584e-03   2.5804781e-03   9.9547146e-01
   2.9240000e+03   2.2719879e-03   2.1868855e-03   9.9554113e-01
   2.9270000e+03   7.9943844e-01   6.8957209e-03   1.9366584e-01
   2.9280000e+03   1.3711254e-03   2.8561599e-03   9.9577271e-01
   2.9400000e+03   4.8002343e-03   1.7501210e-04   9.9502475e-01
   2.9440000e+03   5.2543918e-03   1.6336988e-04   9.9458224e-01
   2.9400000e+03   5.1751232e-02   8.7594553e-01   7.2303234e-02
   3.1010000e+03   9.8652594e-01   8.7503309e-03   4.7237253e-03
   2.9640000e+03   5.7167968e-03   9.9355930e-01   7.2389969e-04
   2.9490000e+03   6.0409926e-03   9.9316573e-01   7.9327279e-04
   2.9510000e+03   8.3705312e-02   7.2053823e-02   8.4424087e-01
   2.9840000e+03   5.0832139e-03   9.9456862e-01   3.4816711e-04
   2.9740000e+03   4.0552030e-03   9.9423917e-01   1.7056290e-03
   2.9510000e+03   2.5208156e-02   8.7916887e-01   9.5622973e-02
   2.4630000e+03   9.9273686e-01   1.1087421e-03   6.1543992e-03
   2.9600000e+03   5.1992509e-03   9.9293140e-01   1.8693515e-03
   3.1000000e+03   5.4390290e-03   5.0596327e-03   9.8950134e-01
   2.9800000e+03   4.9659530e-03   9.9437028e-01   6.6376330e-04
   2.9720000e+03   1.4839349e-01   1.5701069e-01   6.9459582e-01
   2.9720000e+03   9.3401262e-01   3.5716784e-02   3.0270593e-02
   2.9740000e+03   7.7760329e-01   8.6195421e-03   2.1377716e-01
   2.9750000e+03   5.2941650e-03   2.2902483e-03   9.9241559e-01
   3.0870000e+03   4.1347683e-01   5.4226957e-01   4.4253606e-02
   3.1030000e+03   5.4594738e-03   4.6479426e-03   9.8989258e-01
   2.9820000e+03   4.8013193e-03   9.9515224e-01   4.6443247e-05
   2.9860000e+03   2.8854955e-02   9.2678985e-01   4.4355193e-02
   3.0950000e+03   6.4500387e-03   7.3453741e-01   2.5901255e-01
   2.9930000e+03   6.7444277e-01   3.9501114e-03   3.2160712e-01
   3.1170000e+03   7.9387272e-03   4.3590114e-03   9.8770226e-01
   3.0960000e+03   9.6348324e-01   3.2836273e-02   3.6804913e-03
   3.1080000e+03   9.7118241e-01   2.0785871e-02   8.0317174e-03
   3.0590000e+03   8.8179244e-03   9.8333493e-01   7.8471464e-03
   3.0520000e+03   6.0287179e-02   3.6748094e-01   5.7223188e-01
   3.0010000e+03   9.1553482e-01   8.2525984e-02   1.9391912e-03
   3.0180000e+03   7.0689938e-01   5.1748316e-02   2.4135231e-01
   3.0170000e+03   1.2870662e-02   2.2608779e-03   9.8486846e-01
   3.0940000e+03   9.6026391e-02   7.7198216e-01   1.3199144e-01
   3.0220000e+03   7.4587786e-03   2.3958027e-02   9.6858319e-01
   3.0900000e+03   2.7948168e-01   6.6814324e-02   6.5370400e-01
   3.0230000e+03   7.2496642e-01   2.5407811e-01   2.0955471e-02
   3.0250000e+03   6.8045765e-01   1.3433875e-01   1.8520360e-01
   3.7540000e+03   4.4908518e-02   5.6650632e-01   3.8858516e-01
   3.0440000e+03   9.2929269e-02   6.6443013e-01   2.4264060e-01
   3.0500000e+03   4.8034103e-01   2.1881183e-01   3.0084714e-01
   3.0570000e+03   4.1560205e-03   3.8745948e-02   9.5709803e-01
   3.0560000e+03   4.5523368e-01   2.5794677e-01   2.8681955e-01
   3.0600000e+03   6.0751437e-02   7.1503769e-01   2.2421087e-01
   3.0630000e+03   9.9303269e-01   8.0040776e-04   6.1669028e-03
   3.0720000e+03   2.5043896e-03   1.8893896e-03   9.9560622e-01
   3.0760000e+03   2.7357095e-03   1.6255493e-03   9.9563874e-01
   3.0810000e+03   4.9299076e-01   5.0342938e-01   3.5798628e-03
   3.1040000e+03   5.1678859e-01   8.1945794e-02   4.0126562e-01
   3.0840000e+03   7.8075970e-02   7.0270635e-01   2.1921768e-01
   2.7600000e+03   5.9883860e-01   3.8045741e-01   2.0703997e-02
   3.0930000e+03   4.1723963e-01   5.5127267e-01   3.1487694e-02
   3.1050000e+03   2.8248294e-03   7.1131987e-03   9.9006197e-01
   2.5090000e+03   3.9618463e-02   1.3808475e-01   8.2229679e-01
   2.5090000e+03   3.0219787e-02   8.5125063e-01   1.1852958e-01
   2.4860000e+03   7.2512038e-01   5.4707793e-02   2.2017183e-01
   2.4670000e+03   3.2943052e-01   3.9023328e-01   2.8033620e-01
   2.4670000e+03   4.6348804e-02   9.1505638e-01   3.8594812e-02
   2.4760000e+03   5.1489687e-02   8.7183922e-01   7.6671095e-02
   2.4740000e+03   9.7235547e-01   1.0021202e-03   2.6642407e-02
   2.4680000e+03   1.1645467e-02   2.9637130e-01   6.9198324e-01
   2.4680000e+03   9.2173025e-03   7.5212436e-01   2.3865834e-01
   2.4850000e+03   3.8891523e-03   3.0757530e-01   6.8853555e-01
   2.4770000e+03   3.2003123e-01   1.4175000e-01   5.3821876e-01
   2.4950000e+03   5.5698038e-03   3.3844336e-01   6.5598684e-01
   2.4940000e+03   9.8931421e-01   5.1903604e-03   5.4954265e-03
   2.4780000e+03   6.4053992e-02   3.5631571e-01   5.7963030e-01
   2.6970000e+03   9.4282438e-01   4.9568282e-02   7.6073393e-03
   2.4840000e+03   8.0332476e-02   6.5847067e-01   2.6119685e-01
   2.7080000e+03   8.7551457e-01   9.7737887e-02   2.6747547e-02
   2.7100000e+03   5.0904369e-02   4.8398645e-01   4.6510918e-01
   2.4870000e+03   4.4380389e-03   9.8661431e-01   8.9476520e-03
   2.4500000e+03   8.5439188e-01   5.6605106e-02   8.9003016e-02
   2.4510000e+03   5.7344361e-01   1.5200207e-02   4.1135619e-01
   2.4960000e+03   1.2966754e-02   4.2520087e-02   9.4451316e-01
   2.6780000e+03   4.6648992e-01   6.8658638e-02   4.6485144e-01
   2.4990000e+03   2.8678353e-03   9.8963363e-01   7.4985307e-03
   2.5080000e+03   1.3422473e-01   6.0481013e-01   2.6096513e-01
   2.5330000e+03   3.0244432e-03   2.0515513e-03   9.9492401e-01
   2.5330000e+03   7.3483677e-01   1.8776957e-01   7.7393656e-02
   2.7180000e+03   8.3586800e-02   3.8974216e-01   5.2667104e-01
   2.5210000e+03   9.8868304e-01   9.4029427e-03   1.9140163e-03
   2.5250000e+03   9.9077478e-01   5.4631985e-04   8.6789022e-03
   2.5280000e+03   4.6316205e-03   4.3738162e-01   5.5798676e-01
   2.5140000e+03   4.6028833e-02   5.8818533e-01   3.6578584e-01
   2.5180000e+03   3.4044219e-02   8.4135042e-01   1.2460536e-01
   2.5230000e+03   1.5379530e-01   3.4987756e-01   4.9632714e-01
   2.7220000e+03   5.0366497e-01   3.3890926e-01   1.5742577e-01
   2.7280000e+03   9.7615306e-02   1.7079276e-01   7.3159193e-01
   2.7380000e+03   3.2671646e-01   2.1870674e-01   4.5457680e-01
   2.5270000e+03   2.4338170e-15   9.9410894e-01   5.8910595e-03
   2.5370000e+03   9.0044785e-01   1.7769569e-02   8.1782578e-02
   2.6860000e+03   1.9011903e-01   2.4185556e-01   5.6802541e-01
   2.5390000e+03   8.6209758e-02   4.9501274e-01   4.1877751e-01
   2.5380000e+03   6.8849181e-01   3.0966881e-01   1.8393711e-03
   2.5440000e+03   8.8433686e-01   3.2172367e-02   8.3490770e-02
   2.6000000e+03   2.2647694e-02   1.1868161e-01   8.5867070e-01
   2.5510000e+03   1.7658958e-03   3.4465304e-02   9.6376880e-01
   2.5990000e+03   9.9550146e-01   4.4985408e-03   1.5607290e-15
   2.5610000e+03   1.8873791e-15   4.6672903e-03   9.9533271e-01
   2.5920000e+03   1.1102230e-16   4.7605822e-03   9.9523942e-01
   2.5600000e+03   9.9493079e-01   5.0692105e-03   5.5606747e-15
   2.5940000e+03   1.0954376e-04   5.1391853e-03   9.9475127e-01
   2.5810000e+03   2.8865799e-15   5.6255685e-03   9.9437443e-01
   2.7440000e+03   5.6993893e-04   5.3499885e-03   9.9408007e-01
   2.5700000e+03   1.6651305e-02   3.0296247e-03   9.8031907e-01
   2.5710000e+03   1.3053133e-02   6.0900832e-01   3.7793855e-01
   2.5830000e+03   3.3125534e-04   6.0082568e-03   9.9366049e-01
   2.7460000e+03   1.2515169e-03   5.4443910e-03   9.9330409e-01
   2.6160000e+03   9.0284700e-04   6.1496318e-03   9.9294752e-01
   2.5820000e+03   1.9235665e-02   9.5427994e-01   2.6484391e-02
   2.5960000e+03   6.9770553e-04   4.3853003e-03   9.9491699e-01
   2.5980000e+03   9.1723814e-04   4.5608332e-03   9.9452193e-01
   2.7480000e+03   1.2714032e-03   4.7245703e-03   9.9400403e-01
   2.6000000e+03   8.7427715e-03   7.9854925e-01   1.9270798e-01
   2.6050000e+03   6.2560087e-04   2.8651557e-03   9.9650924e-01
   2.6180000e+03   9.7199779e-03   3.5226935e-16   9.9028002e-01
   2.6150000e+03   7.3912666e-02   8.8071814e-01   4.5369195e-02
   2.4540000e+03   9.9064083e-01   1.8773888e-03   7.4817849e-03
   2.7720000e+03   2.0380502e-03   3.9493764e-03   9.9401257e-01
   2.6230000e+03   8.6222220e-03   1.0159801e-16   9.9137778e-01
   2.6470000e+03   2.7642622e-03   4.2548188e-03   9.9298092e-01
   2.6250000e+03   9.3700691e-03   1.7689305e-03   9.8886100e-01
   2.6480000e+03   3.8507311e-03   4.8339035e-03   9.9131537e-01
   2.6430000e+03   5.3522752e-01   1.4289044e-01   3.2188204e-01
   2.6420000e+03   8.5968190e-02   4.7664661e-01   4.3738520e-01
   2.4530000e+03   1.1102230e-16   0.0000000e+00   1.0000000e+00
   2.6530000e+03   2.1161287e-03   5.9345286e-03   9.9194934e-01
   2.6300000e+03   0.0000000e+00   1.0000000e+00  -0.0000000e+00
   2.6550000e+03   1.9320378e-03   5.6594167e-03   9.9240855e-01
   2.6470000e+03   1.6723339e-02   7.7789778e-01   2.0537888e-01
   2.6510000e+03   3.6084081e-03   5.5606718e-03   9.9083092e-01
   2.6500000e+03   5.9947694e-01   3.9976629e-01   7.5676640e-04
   2.6570000e+03   1.7838130e-03   5.2818093e-03   9.9293438e-01
   2.6580000e+03   1.7897689e-03   4.6155338e-03   9.9359470e-01
   2.7680000e+03   7.3476704e-01   4.7146556e-03   2.6051830e-01
   2.6660000e+03   5.8051943e-03   6.7435936e-01   3.1983544e-01
   2.6680000e+03   3.9744471e-03   1.6627505e-02   9.7939805e-01
   2.6690000e+03   7.6688845e-03   7.8424740e-03   9.8448864e-01
   2.7710000e+03   6.5969205e-02   3.3871675e-03   9.3064363e-01
   2.7700000e+03   9.9614088e-02   2.6354752e-01   6.3683839e-01
   2.6720000e+03   4.8642503e-01   7.5352521e-03   5.0603972e-01
   2.6710000e+03   1.8219354e-02   9.4534529e-01   3.6435358e-02
   2.6890000e+03   7.8663189e-02   6.7466267e-01   2.4667415e-01
   2.6920000e+03   3.2531822e-01   6.5284261e-01   2.1839167e-02
   2.7640000e+03   4.3129884e-02   6.2539595e-01   3.3147417e-01
   2.6960000e+03   7.7057774e-02   4.7274790e-01   4.5019433e-01
   2.6950000e+03   9.7246911e-01   2.0041217e-02   7.4896710e-03
   2.6980000e+03   8.5479457e-02   6.8213203e-01   2.3238851e-01
   3.4080000e+03   1.5877268e-02   8.1329846e-01   1.7082427e-01
   2.7170000e+03   2.4281903e-01   6.6029728e-01   9.6883685e-02
   2.7230000e+03   3.0372878e-01   2.1054888e-01   4.8572234e-01
   2.7300000e+03   6.9604722e-02   2.1049600e-01   7.1989927e-01
   2.7290000e+03   2.8806279e-01   2.8864408e-01   4.2329313e-01
   2.7340000e+03   6.8948412e-01   2.7966385e-02   2.8254950e-01
   2.7800000e+03   9.9456693e-01   1.9271578e-15   5.4330700e-03
   2.7500000e+03   1.8094191e-03   4.8505798e-03   9.9334000e-01
   2.7510000e+03   9.9782958e-01   0.0000000e+00   2.1704225e-03
   2.7530000e+03   5.0055145e-01   3.9997929e-03   4.9544875e-01
   2.7770000e+03   4.0559801e-01   7.6589772e-02   5.1781222e-01
   3.4570000e+03   2.4057596e-01   7.5585385e-01   3.5701879e-03
   2.7740000e+03   1.9882870e-03   3.2503759e-03   9.9476134e-01
   3.7400000e+03   9.5409455e-01   2.4050654e-02   2.1854799e-02
   3.7490000e+03   1.4995687e-02   7.7528387e-01   2.0972044e-01
   3.7660000e+03   4.8983010e-03   4.1607607e-01   5.7902563e-01
   3.7420000e+03   9.4145808e-01   3.8959206e-03   5.4646002e-02
   3.7760000e+03   2.5902781e-01   4.3943621e-01   3.0153598e-01
   3.7060000e+03   9.9531010e-01   3.1556294e-04   4.3743384e-03
   3.7270000e+03   9.9560754e-01   7.3475014e-04   3.6577146e-03
   3.7230000e+03   9.9571590e-01   1.1659945e-03   3.1181012e-03
   3.7070000e+03   2.6453396e-03   6.8615429e-01   3.1120037e-01
   2.9320000e+03   6.7980968e-01   6.0804077e-03   3.1410991e-01
   3.6790000e+03   4.2962104e-03   5.8659429e-01   4.0910950e-01
   2.9780000e+03   6.8114374e-01   8.4747428e-03   3.1038152e-01
   2.9770000e+03   1.0394603e-03   8.4815307e-01   1.5080747e-01
   3.6430000e+03   9.9638221e-01   9.9832584e-04   2.6194605e-03
   3.6690000e+03   9.9624221e-01   0.0000000e+00   3.7577917e-03
   3.7000000e+03   3.4149627e-03   2.5902381e-01   7.3756122e-01
   3.6990000e+03   7.4283202e-01   1.7369793e-03   2.5543100e-01
   3.7630000e+03   9.3025723e-01   1.2116881e-02   5.7625893e-02
   3.7670000e+03   4.7740215e-01   4.9111110e-03   5.1768674e-01
   3.7970000e+03   7.3979691e-01   1.1139814e-01   1.4880495e-01
   3.8010000e+03   9.7125900e-03   9.4965130e-01   4.0636107e-02
   3.7720000e+03   1.1619677e-01   6.6380182e-01   2.2000141e-01
   3.7730000e+03   6.7140297e-01   5.9824680e-03   3.2261456e-01
   3.7870000e+03   6.0225309e-01   2.6986596e-01   1.2788095e-01
   3.7010000e+03   1.0498883e-01   8.2116391e-01   7.3847260e-02
   3.6540000e+03   9.9582534e-01   1.5427949e-03   2.6318639e-03
   3.6500000e+03   9.9598140e-01   1.9336889e-03   2.0849074e-03
   3.6410000e+03   9.9607474e-01   2.3782840e-03   1.5469774e-03
   3.6370000e+03   9.9621424e-01   2.8417465e-03   9.4401529e-04
   3.0860000e+03   1.8067806e-02   8.4536505e-01   1.3656715e-01
   2.7620000e+03   1.1094482e-01   7.6688738e-01   1.2216781e-01
   3.4900000e+03   3.2003133e-01   1.7001454e-02   6.6296722e-01
   3.4930000e+03   1.7970056e-01   7.1030937e-03   8.1319635e-01
   3.4920000e+03   2.9976027e-02   1.8258345e-01   7.8744052e-01
   3.5050000e+03   5.7157323e-04   9.9662827e-01   2.8001606e-03
   3.4930000e+03   7.0415798e-01   4.7204529e-02   2.4863749e-01
   3.7080000e+03   8.3921187e-01   1.9886524e-02   1.4090161e-01
   3.5070000e+03   4.9371067e-04   9.9568450e-01   3.8217860e-03
   3.7250000e+03   3.0876429e-01   3.9679704e-02   6.5155601e-01
   3.7050000e+03   4.0226675e-01   2.8534903e-02   5.6919835e-01
   3.4950000e+03   7.3748612e-02   1.0641363e-02   9.1561002e-01
   3.4980000e+03   1.7169603e-01   1.4423420e-02   8.1388055e-01
   3.4970000e+03   5.0125443e-03   3.9792702e-03   9.9100819e-01
   3.5000000e+03   7.1927869e-03   3.8874557e-03   9.8891976e-01
   3.5100000e+03   3.5292035e-01   1.4070461e-02   6.3300919e-01
   3.1330000e+03   2.5530143e-01   3.2171800e-01   4.2298057e-01
   3.5060000e+03   3.1173071e-01   4.2601682e-02   6.4566761e-01
   3.1330000e+03   1.2978818e-03   1.1894496e-03   9.9751267e-01
   3.5010000e+03   8.5649518e-04   9.9645471e-01   2.6887905e-03
   3.1320000e+03   2.2586853e-03   6.9371167e-04   9.9704760e-01
   3.5030000e+03   4.2517992e-04   9.9584157e-01   3.7332464e-03
   3.5090000e+03   8.9942778e-03   3.3005544e-01   6.6095029e-01
   3.5110000e+03   1.4957353e-02   2.8535300e-01   6.9968965e-01
   3.5130000e+03   3.5402912e-01   1.7218497e-02   6.2875239e-01
   3.5240000e+03   2.1283646e-02   2.8135801e-01   6.9735834e-01
   3.5210000e+03   1.0766500e-02   1.9681783e-01   7.9241567e-01
   3.5130000e+03   9.9733078e-01   8.3011855e-04   1.8390971e-03
   3.5170000e+03   2.5800706e-01   3.2815410e-02   7.0917753e-01
   3.6280000e+03   2.5811824e-01   4.5849656e-02   6.9603211e-01
   3.5150000e+03   9.9734273e-01   1.6867939e-03   9.7047380e-04
   3.5170000e+03   7.1153129e-01   3.0418504e-02   2.5805020e-01
   3.6280000e+03   6.6560917e-01   5.0970205e-02   2.8342062e-01
   3.6290000e+03   6.7726632e-02   1.0873544e-02   9.2139982e-01
   3.5220000e+03   2.2578356e-01   5.4037047e-03   7.6881273e-01
   3.5230000e+03   3.4405194e-03   5.5414569e-05   9.9650407e-01
   3.5210000e+03   8.1243657e-03   7.3874996e-01   2.5312568e-01
   3.5260000e+03   2.5331878e-04   3.4897288e-03   9.9625695e-01
   3.5280000e+03   2.6261928e-02   2.4458253e-01   7.2915554e-01
   3.5320000e+03   1.6998737e-02   1.4699155e-02   9.6830211e-01
   3.5310000e+03   3.6852788e-04   1.8201790e-01   8.1761357e-01
   3.6810000e+03   2.1886486e-02   9.3571319e-01   4.2400323e-02
   3.5320000e+03   6.8850171e-01   5.3444029e-02   2.5805426e-01
   3.1340000e+03   3.1390469e-03   1.0457023e-03   9.9581525e-01
   3.6760000e+03   3.3216350e-01   4.1013595e-02   6.2682290e-01
   3.6780000e+03   2.4476070e-01   8.3643183e-03   7.4687498e-01
   3.6610000e+03   2.4112949e-03   9.9592230e-01   1.6664027e-03
   3.6570000e+03   6.1557816e-01   2.0911615e-01   1.7530569e-01
   3.5360000e+03   2.6487287e-02   1.6786369e-01   8.0564902e-01
   3.6730000e+03   6.6578372e-02   5.3841725e-01   3.9500437e-01
   3.5360000e+03   5.9100310e-01   1.1985749e-01   2.8913941e-01
   3.5390000e+03   3.1279430e-01   5.9602180e-02   6.2760352e-01
   3.5400000e+03   5.9750830e-01   3.4028946e-01   6.2202238e-02
   3.7130000e+03   6.4621852e-03   2.1910690e-03   9.9134675e-01
   3.5630000e+03   7.8341946e-03   2.9303310e-03   9.8923547e-01
   3.5470000e+03   2.0892735e-02   9.7478054e-01   4.3267262e-03
   3.6900000e+03   1.1550448e-03   9.9511969e-01   3.7252673e-03
   3.5420000e+03   1.0808363e-03   9.9353637e-01   5.3827979e-03
   3.5460000e+03   1.0350582e-03   9.9258212e-01   6.3828174e-03
   3.7000000e+03   3.8420305e-03   9.8979570e-01   6.3622738e-03
   3.5440000e+03   1.7868131e-03   9.9196801e-01   6.2451749e-03
   3.5480000e+03   2.0284119e-03   9.9256928e-01   5.4023044e-03
   3.5500000e+03   9.9450502e-01   3.4549218e-03   2.0400558e-03
   3.5520000e+03   3.7178361e-03   3.0956190e-01   6.8672027e-01
   3.8210000e+03   1.6999383e-01   1.4496149e-01   6.8504469e-01
   3.7850000e+03   2.4681948e-01   2.5252893e-01   5.0065159e-01
   3.8200000e+03   9.9180553e-01   4.6455491e-03   3.5489227e-03
   3.5650000e+03   3.5649318e-03   4.3807906e-03   9.9205428e-01
   3.7150000e+03   2.9440562e-03   3.9139907e-03   9.9314195e-01
   3.5670000e+03   5.6849661e-01   1.0966504e-01   3.2183835e-01
   3.5680000e+03   5.3425961e-02   5.6758878e-03   9.4089815e-01
   3.5680000e+03   1.0221739e-01   7.8179786e-01   1.1598475e-01
   3.5690000e+03   6.9131151e-01   4.5769455e-02   2.6291904e-01
   3.5890000e+03   5.2683097e-01   4.0943198e-02   4.3222583e-01
   3.5710000e+03   2.3948478e-02   2.5643459e-01   7.1961693e-01
   3.5740000e+03   1.8714234e-01   4.2567946e-01   3.8717820e-01
   3.5750000e+03   6.3048883e-02   4.0269748e-01   5.3425363e-01
   3.5810000e+03   4.6373893e-01   2.7850888e-02   5.0841018e-01
   3.1300000e+03   9.9261672e-01   1.4464154e-03   5.9368646e-03
   3.5800000e+03   6.3667347e-01   1.9466479e-01   1.6866174e-01
   3.7710000e+03   6.7752382e-02   5.4536230e-01   3.8688531e-01
   3.5820000e+03   4.1483497e-01   5.0962502e-01   7.5540007e-02
   3.1300000e+03   2.3074527e-01   2.1636215e-01   5.5289258e-01
   3.7610000e+03   2.2455341e-02   6.9650964e-02   9.0789369e-01
   3.5860000e+03   5.2669967e-01   4.9287337e-02   4.2401299e-01
   3.8150000e+03   7.1082916e-01   1.3117736e-01   1.5799349e-01
   3.1360000e+03   9.8098827e-01   5.0637208e-03   1.3948008e-02
   3.5920000e+03   2.3636327e-02   9.3740767e-02   8.8262291e-01
   3.5960000e+03   2.5531363e-01   2.3343136e-02   7.2134324e-01
   3.5990000e+03   4.1394564e-01   5.5646247e-02   5.3040811e-01
   3.5990000e+03   2.2610411e-03   9.9209115e-01   5.6478047e-03
   3.6050000e+03   7.1505914e-01   8.6167260e-02   1.9877360e-01
   3.8000000e+03   1.0104105e-01   8.8486639e-01   1.4092565e-02
   3.7920000e+03   2.5612397e-03   1.4481869e-02   9.8295689e-01
   3.6080000e+03   1.0365310e-01   4.8536764e-01   4.1097926e-01
   3.6190000e+03   6.9847908e-01   1.4591034e-02   2.8692989e-01
   3.7440000e+03   1.5216521e-02   3.7629757e-01   6.0848591e-01
   3.6170000e+03   5.6755024e-01   1.5154505e-01   2.8090471e-01
   3.7460000e+03   9.1613684e-03   9.5737954e-01   3.3459090e-02
   3.6210000e+03   7.6342109e-01   2.3296349e-02   2.1328256e-01
   3.6200000e+03   1.6168351e-03   9.9214770e-01   6.2354618e-03
   3.6290000e+03   6.1214322e-02   4.9357897e-01   4.4520670e-01
   3.6230000e+03   3.7978829e-02   2.7387722e-01   6.8814395e-01
   3.6250000e+03   1.9696304e-02   1.8202090e-01   7.9828279e-01
   3.6300000e+03   4.1862770e-01   2.5805318e-02   5.5556698e-01
   3.6290000e+03   9.9811003e-01   4.0051809e-04   1.4894524e-03
   3.6310000e+03   5.1816427e-02   1.1781889e-01   8.3036469e-01
   3.6450000e+03   8.6728869e-03   1.3890106e-01   8.5242605e-01
   3.6390000e+03   9.9655424e-01   1.6876679e-03   1.7580914e-03
   3.6480000e+03   9.9651589e-01   1.1779557e-03   2.3061536e-03
   3.6420000e+03   9.9443643e-01   2.5424509e-03   3.0211199e-03
   3.6460000e+03   2.6185645e-01   1.4008772e-02   7.2413478e-01
   3.6460000e+03   9.9663877e-01   3.2069988e-03   1.5422909e-04
   3.6520000e+03   9.9600471e-01   6.3891467e-04   3.3563771e-03
   3.7210000e+03   9.9570949e-01   6.6304543e-05   4.2242051e-03
   3.6550000e+03   7.5080497e-01   1.9883283e-01   5.0362192e-02
   3.6550000e+03   2.6847404e-03   9.9650031e-01   8.1494999e-04
   3.6590000e+03   3.7629137e-03   9.9490221e-01   1.3348780e-03
   3.6610000e+03   6.2371604e-01   6.9099773e-02   3.0718419e-01
   3.6640000e+03   9.9633399e-01   2.7721125e-03   8.9389374e-04
   3.6680000e+03   9.9604217e-01   2.5825187e-03   1.3753066e-03
   3.6710000e+03   8.3416306e-02   2.7690648e-01   6.3967721e-01
   3.6760000e+03   7.2569644e-01   2.7675758e-02   2.4662780e-01
   3.6780000e+03   7.3611810e-01   6.6544944e-03   2.5722741e-01
   3.8030000e+03   3.2578370e-03   9.9602068e-01   7.2148362e-04
   3.6800000e+03   7.3185868e-02   9.0898855e-01   1.7825587e-02
   3.6880000e+03   3.3413538e-01   4.2170106e-02   6.2369451e-01
   3.6820000e+03   7.7100197e-01   2.2644930e-01   2.5487271e-03
   3.6820000e+03   4.8558851e-02   9.4793110e-01   3.5100520e-03
   3.6850000e+03   4.6534512e-01   4.4388552e-03   5.3021602e-01
   3.6840000e+03   9.9473515e-01   2.3790509e-03   2.8857969e-03
   3.6880000e+03   7.2156638e-01   3.7334320e-02   2.4109930e-01
   3.7170000e+03   5.2084048e-03   1.8591754e-03   9.9293242e-01
   3.6920000e+03   7.3002488e-01   2.5123720e-01   1.8737920e-02
   3.6970000e+03   1.9757589e-01   3.9704588e-03   7.9845365e-01
   3.6990000e+03   2.5138435e-01   1.1499322e-02   7.3711633e-01
   3.7000000e+03   9.3002266e-01   5.8068635e-02   1.1908701e-02
   3.7110000e+03   3.4756469e-01   2.7876454e-02   6.2455885e-01
   3.7240000e+03   8.3950736e-04   9.9660614e-01   2.5543550e-03
   3.7110000e+03   8.5496346e-01   2.7167640e-02   1.1786890e-01
   3.7190000e+03   4.8238565e-03   3.8180794e-03   9.9135806e-01
   3.7200000e+03   2.9605342e-04   9.9659501e-01   3.1089387e-03
   3.7340000e+03   3.0117900e-01   8.9979412e-02   6.0884159e-01
   3.7330000e+03   7.7688096e-02   6.0224192e-01   3.2006998e-01
   6.1650000e+03   1.9123132e-02   3.4036623e-01   6.4051064e-01
   3.7430000e+03   3.5398432e-01   5.7241558e-01   7.3600104e-02
   3.8350000e+03   3.2883137e-01   6.4493729e-02   6.0667490e-01
   3.7480000e+03   6.1418884e-01   1.3836617e-01   2.4744499e-01
   3.7480000e+03   4.6948679e-03   9.7932190e-01   1.5983235e-02
   3.7980000e+03   4.4408921e-16   3.4559895e-01   6.5440105e-01
   3.7690000e+03   2.6240268e-01   4.4464260e-01   2.9295472e-01
   3.7790000e+03   4.6439531e-01   4.7271681e-01   6.2887878e-02
   3.7880000e+03   3.3613252e-01   2.4720702e-01   4.1666046e-01
   3.7910000e+03   6.5980149e-03   2.8701366e-01   7.0638833e-01
   3.7940000e+03   3.0577822e-02   8.8623973e-01   8.3182450e-02
   3.8100000e+03   1.7280415e-01   7.4936700e-01   7.7828856e-02
   3.8070000e+03   8.6927091e-02   2.8020532e-01   6.3286759e-01
   3.8060000e+03   2.0592409e-03   2.3692919e-01   7.6101157e-01
   3.8120000e+03   4.7446765e-01   5.1191397e-01   1.3618384e-02
   3.8400000e+03   2.2733187e-01   2.7925367e-01   4.9341446e-01
   3.8260000e+03   2.8884630e-01   6.8989053e-01   2.1263169e-02
   2.5060000e+03   8.2953158e-02   6.6081484e-01   2.5623200e-01
   3.4010000e+03   6.6085963e-02   6.8329124e-01   2.5062280e-01
   2.5120000e+03   7.2808286e-02   6.4110244e-01   2.8608927e-01
   3.4250000e+03   4.7631096e-02   7.1463056e-01   2.3773835e-01
   3.3740000e+03   4.0866372e-03   9.9416555e-01   1.7478169e-03
   3.3720000e+03   4.1689626e-03   9.9398066e-01   1.8503791e-03
   3.3010000e+03   4.2362276e-03   9.9374793e-01   2.0158389e-03
   3.3550000e+03   3.0994226e-01   6.8610762e-01   3.9501206e-03
   2.6050000e+03   7.8670402e-03   6.8013327e-01   3.1199969e-01
   3.3270000e+03   4.0413964e-01   5.8436414e-01   1.1496214e-02
   2.6510000e+03   1.7247010e-02   6.8632221e-01   2.9643078e-01
   2.7610000e+03   9.8211914e-03   8.4945100e-01   1.4072780e-01
   3.3170000e+03   3.9953841e-03   9.9426546e-01   1.7391512e-03
   3.3150000e+03   5.1985969e-03   9.9277046e-01   2.0309411e-03
   3.3480000e+03   2.5851633e-01   2.7552597e-03   7.3872841e-01
   3.3470000e+03   6.9088521e-04   7.4343810e-01   2.5587102e-01
   3.4150000e+03   6.6180727e-02   8.8135362e-01   5.2465655e-02
   3.4470000e+03   9.6955284e-02   1.7141141e-01   7.3163331e-01
   3.4490000e+03   3.5418787e-02   9.4925212e-01   1.5329088e-02
   3.4190000e+03   3.0225997e-01   6.0631746e-01   9.1422569e-02
   3.4210000e+03   5.0758087e-01   3.3764918e-01   1.5476995e-01
   3.4350000e+03   1.2395807e-01   2.4016965e-01   6.3587228e-01
   3.2990000e+03   4.2630051e-03   9.9345466e-01   2.2823391e-03
   3.2880000e+03   4.1815859e-03   9.9348480e-01   2.3336115e-03
   3.2860000e+03   4.3209441e-03   9.9337094e-01   2.3081202e-03
   3.2930000e+03   3.6835096e-03   9.9413074e-01   2.1857532e-03
   3.1380000e+03   1.6125665e-02   3.2085351e-01   6.6302083e-01
   3.1510000e+03   2.1500633e-03   9.9586194e-01   1.9880002e-03
   3.1550000e+03   3.1542269e-03   9.9461587e-01   2.2299039e-03
   3.1400000e+03   6.4394246e-03   1.8030350e-01   8.1325707e-01
   3.1400000e+03   4.6156235e-02   7.0466112e-01   2.4918265e-01
   3.3710000e+03   3.8431311e-02   3.0893834e-01   6.5263035e-01
   3.1390000e+03   7.8677088e-01   1.8265579e-01   3.0573333e-02
   3.3560000e+03   1.8750550e-02   8.4030469e-01   1.4094476e-01
   3.3530000e+03   2.7524905e-02   4.0406656e-01   5.6840853e-01
   3.1430000e+03   2.1498667e-02   1.8375609e-01   7.9474524e-01
   3.1460000e+03   3.2146049e-03   2.8943003e-03   9.9389109e-01
   3.1440000e+03   1.5099690e-02   1.6977766e-01   8.1512265e-01
   3.1480000e+03   3.3691279e-03   5.0316957e-03   9.9159918e-01
   3.1580000e+03   1.3989738e-02   3.5217663e-01   6.3383363e-01
   3.1500000e+03   6.0717778e-01   3.3755321e-01   5.5269006e-02
   3.1220000e+03   1.3994338e-03   7.6155881e-04   9.9783901e-01
   3.2770000e+03   1.5514648e-03   9.9773376e-01   7.1477427e-04
   3.1490000e+03   1.9079192e-03   9.9542500e-01   2.6670810e-03
   3.1530000e+03   2.8726329e-03   9.9481212e-01   2.3152479e-03
   3.1570000e+03   6.6161630e-01   3.2956390e-01   8.8198072e-03
   3.1590000e+03   7.0037259e-01   2.8506873e-01   1.4558677e-02
   3.1610000e+03   1.5090057e-02   3.5571368e-01   6.2919627e-01
   3.3030000e+03   9.9774961e-01   4.7735716e-04   1.7730375e-03
   3.3050000e+03   9.9781305e-01   8.1079889e-16   2.1869490e-03
   3.1720000e+03   6.9701630e-01   2.8400456e-01   1.8979140e-02
   3.1650000e+03   2.9997831e-02   2.5810097e-01   7.1190120e-01
   3.1650000e+03   2.6881901e-02   7.1151874e-01   2.6159936e-01
   3.1670000e+03   7.9337709e-01   1.9814767e-01   8.4752374e-03
   3.2760000e+03   4.2983515e-02   2.5816103e-01   6.9885545e-01
   3.2760000e+03   4.7388344e-02   6.6551939e-01   2.8709227e-01
   3.1220000e+03   5.5566722e-01   4.5320383e-02   3.9901239e-01
   3.2810000e+03   2.0912409e-01   7.6266239e-01   2.8213520e-02
   3.1680000e+03   7.3323588e-02   2.5858107e-01   6.6809534e-01
   3.1670000e+03   2.5409170e-01   7.3953004e-01   6.3782583e-03
   3.1770000e+03   1.3180806e-03   3.2641759e-03   9.9541774e-01
   3.1760000e+03   7.2965191e-01   2.4578005e-01   2.4568040e-02
   3.1800000e+03   6.2735859e-03   1.9473385e-02   9.7425303e-01
   3.3290000e+03   9.3570153e-01   2.6138906e-02   3.8159560e-02
   3.3240000e+03   3.5214440e-02   3.3290488e-01   6.3188068e-01
   3.1800000e+03   4.9648059e-02   6.8819273e-01   2.6215921e-01
   3.3260000e+03   3.8197384e-03   2.4564551e-01   7.5053475e-01
   3.1790000e+03   8.1949351e-01   1.7639847e-01   4.1080173e-03
   3.1790000e+03   3.8929559e-03   9.9430263e-01   1.8044100e-03
   3.1810000e+03   3.0124303e-03   9.9623589e-01   7.5167907e-04
   3.3070000e+03   1.7453205e-01   2.1258851e-01   6.1287944e-01
   3.3210000e+03   4.0124077e-01   5.2489483e-01   7.3864401e-02
   3.1830000e+03   1.7111828e-01   2.5577147e-02   8.0330457e-01
   3.1830000e+03   1.2216886e-01   5.9028014e-01   2.8755100e-01
   3.1880000e+03   6.2102942e-02   3.1168109e-01   6.2621597e-01
   3.1870000e+03   6.2877944e-02   3.4044178e-01   5.9668028e-01
   3.3610000e+03   2.1550264e-03   3.5691909e-03   9.9427578e-01
   3.3380000e+03   9.9694399e-01   1.5468487e-03   1.5091659e-03
   3.1950000e+03   8.1258357e-03   9.1490386e-01   7.6970299e-02
   3.2090000e+03   2.4857405e-03   4.0863103e-03   9.9342795e-01
   3.1900000e+03   3.1893807e-03   9.9538131e-01   1.4293094e-03
   3.3520000e+03   6.8170953e-01   4.2629298e-02   2.7566118e-01
   3.1930000e+03   9.5097416e-01   9.6072985e-03   3.9418542e-02
   3.1920000e+03   3.5438172e-03   9.9510648e-01   1.3497049e-03
   3.4760000e+03   4.5990555e-02   5.6461107e-01   3.8939837e-01
   3.1980000e+03   2.0255121e-03   9.9002064e-04   9.9698447e-01
   3.4330000e+03   4.8917920e-01   2.9104052e-01   2.1978029e-01
   3.2000000e+03   1.5590454e-03   1.9563309e-03   9.9648462e-01
   3.2040000e+03   1.8420715e-03   1.6951544e-03   9.9646277e-01
   3.4710000e+03   1.3077252e-01   1.6964156e-02   8.5226332e-01
   3.4700000e+03   2.7960635e-03   1.1612858e-03   9.9604265e-01
   3.2130000e+03   3.2526835e-03   1.8298256e-03   9.9491749e-01
   3.3650000e+03   3.0158152e-03   1.5441830e-03   9.9544000e-01
   3.2230000e+03   6.7772983e-01   7.1152205e-02   2.5111797e-01
   3.4280000e+03   9.9669530e-01   2.4016246e-03   9.0307435e-04
   3.2170000e+03   4.5633627e-02   6.9349986e-01   2.6086652e-01
   3.2150000e+03   8.1997705e-01   1.3331824e-01   4.6704701e-02
   3.2170000e+03   8.7041189e-01   1.1221302e-01   1.7375094e-02
   3.2360000e+03   1.0437872e-03   7.6760975e-01   2.3134646e-01
   3.4160000e+03   1.9476141e-01   7.7110257e-02   7.2812833e-01
   3.2370000e+03   6.2343637e-01   1.9843978e-02   3.5671965e-01
   3.2200000e+03   4.7365634e-01   1.8698802e-01   3.3935565e-01
   3.4840000e+03   3.6576640e-01   3.9874618e-01   2.3548742e-01
   3.2250000e+03   2.8523959e-01   6.0925678e-02   6.5383474e-01
   3.4180000e+03   5.1169675e-01   7.0367743e-02   4.1793551e-01
   3.2280000e+03   5.4657452e-02   4.5554890e-01   4.8979364e-01
   3.2290000e+03   1.1852590e-01   5.5553553e-01   3.2593858e-01
   3.1210000e+03   3.0712303e-03   2.9931034e-05   9.9689884e-01
   3.2310000e+03   4.0026042e-01   3.8148976e-02   5.6159060e-01
   3.4100000e+03   5.5921023e-01   9.9652819e-02   3.4113695e-01
   3.1210000e+03   5.1829787e-01   4.0065119e-01   8.1050945e-02
   3.1270000e+03   6.9782873e-03   2.8250204e-03   9.9019669e-01
   3.3960000e+03   2.3542635e-02   9.0489812e-01   7.1559247e-02
   3.4640000e+03   2.4442104e-01   5.9694221e-01   1.5863675e-01
   3.2380000e+03   4.5847279e-02   6.7086544e-01   2.8328728e-01
   3.2400000e+03   8.8801343e-01   8.8313774e-02   2.3672800e-02
   3.2450000e+03   2.1810700e-02   2.9068877e-01   6.8750053e-01
   3.2470000e+03   6.4177480e-03   3.9785326e-01   5.9572900e-01
   3.2590000e+03   7.7653965e-01   3.1383038e-08   2.2346032e-01
   3.2490000e+03   6.9916475e-01   3.8062142e-02   2.6277311e-01
   3.2520000e+03   9.5603369e-02   4.7387381e-01   4.3052282e-01
   3.2520000e+03   8.4937868e-01   9.4816506e-02   5.5804810e-02
   3.4400000e+03   1.8453216e-01   7.2464960e-02   7.4300288e-01
   3.2560000e+03   4.2204510e-01   4.7254316e-01   1.0541175e-01
   3.2670000e+03   1.4077658e-02   6.9967004e-01   2.8625230e-01
   3.2610000e+03   2.1082107e-01   1.7487065e-01   6.1430828e-01
   3.2630000e+03   1.1607650e-01   3.7261997e-01   5.1130353e-01
   3.2640000e+03   9.2449955e-02   5.6385344e-02   8.5116470e-01
   3.2690000e+03   2.3140388e-02   7.6517624e-01   2.1168337e-01
   3.3770000e+03   1.9791644e-04   9.9753007e-01   2.2720090e-03
   3.2770000e+03   4.4511143e-01   4.9171966e-01   6.3168910e-02
   3.2710000e+03   6.8881761e-01   2.7376363e-01   3.7418762e-02
   3.2730000e+03   7.9904601e-01   1.8223998e-01   1.8714003e-02
   3.2780000e+03   2.2608695e-02   4.1762219e-01   5.5976911e-01
   3.2750000e+03   2.6233575e-03   9.9616298e-01   1.2136648e-03
   3.2790000e+03   8.3113657e-01   1.1829749e-01   5.0565938e-02
   3.2930000e+03   8.5252502e-01   1.3456905e-01   1.2905930e-02
   3.2830000e+03   3.4922104e-03   9.9468655e-01   1.8212360e-03
   3.2840000e+03   3.2483654e-03   9.9470433e-01   2.0473051e-03
   3.3130000e+03   3.7103073e-03   9.9453325e-01   1.7564461e-03
   3.2940000e+03   9.9927955e-03   2.6238978e-01   7.2761742e-01
   3.2910000e+03   3.0926699e-03   9.9512095e-01   1.7863806e-03
   3.2950000e+03   3.6864643e-03   9.9406713e-01   2.2464047e-03
   3.2970000e+03   3.9301325e-03   9.9367208e-01   2.3977892e-03
   3.3030000e+03   4.8184217e-02   2.0153683e-01   7.5027895e-01
   3.3070000e+03   9.9761824e-01   6.1445312e-04   1.7673071e-03
   3.3090000e+03   3.0438884e-01   7.2558216e-02   6.2305294e-01
   3.3090000e+03   9.9808790e-01   1.9906648e-04   1.7130304e-03
   3.3250000e+03   4.0839433e-03   9.9357035e-01   2.3457095e-03
   3.3110000e+03   3.4325215e-03   9.9460044e-01   1.9670341e-03
   3.3190000e+03   1.9803257e-01   6.3528630e-01   1.6668113e-01
   3.3240000e+03   2.1276297e-02   7.2648532e-01   2.5223838e-01
   3.3260000e+03   1.4411791e-03   7.3705774e-01   2.6150108e-01
   3.4520000e+03   3.5220516e-03   1.8666541e-03   9.9461129e-01
   3.3280000e+03   1.1720718e-02   9.1519796e-01   7.3081325e-02
   3.3350000e+03   3.4454449e-02   3.3417796e-01   6.3136760e-01
   3.3350000e+03   2.8189326e-02   7.2160629e-01   2.5020439e-01
   3.3630000e+03   2.1060637e-03   3.2957053e-03   9.9459823e-01
   3.3410000e+03   9.9645172e-01   1.6053615e-03   1.9429224e-03
   3.3420000e+03   2.1464800e-02   6.2679309e-01   3.5174211e-01
   3.3440000e+03   9.7473227e-01   9.4167797e-04   2.4326051e-02
   3.3450000e+03   3.2364327e-03   1.9838749e-01   7.9837608e-01
   2.7710000e+03   7.1554420e-01   2.9000445e-03   2.8155575e-01
   3.3700000e+03   2.1697053e-03   9.9555126e-01   2.2790373e-03
   3.3590000e+03   6.0807839e-02   3.4601357e-01   5.9317859e-01
   3.3590000e+03   2.6025410e-02   8.5483318e-01   1.1914141e-01
   3.3670000e+03   2.9835662e-03   2.6495642e-03   9.9436687e-01
   3.3680000e+03   2.7441678e-03   9.9503551e-01   2.2203223e-03
   3.3760000e+03   3.3855024e-03   9.9598587e-01   6.2862678e-04
   3.3860000e+03   3.6227873e-02   7.6906217e-02   8.8686591e-01
   3.3910000e+03   7.2105350e-02   5.7519851e-01   3.5269614e-01
   3.3870000e+03   1.6368997e-01   1.8874282e-01   6.4756721e-01
   3.4020000e+03   1.4427751e-01   3.3389163e-01   5.2183085e-01
   3.3960000e+03   2.0663700e-01   4.5435008e-01   3.3901292e-01
   3.3960000e+03   9.8883159e-01   1.4746394e-03   9.6937685e-03
   3.3970000e+03   2.9301052e-01   6.6931500e-01   3.7674474e-02
   3.4430000e+03   0.0000000e+00   2.4982622e-01   7.5017378e-01
   3.4160000e+03   5.1005443e-02   5.3962403e-01   4.0937053e-01
   3.4200000e+03   3.2104015e-02   3.3882076e-01   6.2907522e-01
   3.4270000e+03   1.5839120e-03   4.0869379e-01   5.8972229e-01
   3.4360000e+03   2.3751135e-01   3.5305238e-01   4.0943627e-01
   3.4500000e+03   9.3538502e-01   2.3592549e-02   4.1022432e-02
   3.4550000e+03   2.8251251e-01   8.7595537e-02   6.2989195e-01
   3.4650000e+03   6.7522631e-03   4.3614162e-03   9.8888632e-01
   3.4880000e+03   5.1735331e-01   3.3596239e-01   1.4668430e-01
   3.4740000e+03   2.1430981e-02   6.9149423e-01   2.8707479e-01
   5.0590000e+03   3.9454220e-02   7.8341796e-01   1.7712782e-01
   5.6690000e+03   9.4820154e-01   6.9244131e-03   4.4874047e-02
   5.4360000e+03   9.4549474e-01   2.8979320e-02   2.5525940e-02
   3.4990000e+03   1.2193396e-02   8.1814793e-01   1.6965867e-01
   3.5090000e+03   7.9977997e-03   7.8791103e-01   2.0409117e-01
   3.6240000e+03   8.1587433e-01   8.3403864e-03   1.7578528e-01
   3.6330000e+03   5.4096330e-03   8.2886354e-01   1.6572683e-01
