   4.9000000e+01   1.0000000e+00   0.0000000e+00  -0.0000000e+00
   4.7000000e+01   1.0000000e+00  -0.0000000e+00  -0.0000000e+00
   3.2000000e+02  -1.1102230e-16   5.7969288e-04   9.9942031e-01
   9.6000000e+01   1.1102230e-16   1.4282238e-16   1.0000000e+00
   3.1900000e+02   3.1501317e-01   5.2420698e-01   1.6077985e-01
   8.1000000e+01   0.0000000e+00  -0.0000000e+00   1.0000000e+00
   9.7000000e+01   1.0000000e+00  -0.0000000e+00  -0.0000000e+00
   1.9100000e+02   9.6805825e-01   3.1109634e-03   2.8830791e-02
   9.8000000e+01   1.0927043e-02   1.9890765e-01   7.9016531e-01
   1.2600000e+02   1.1227053e-01   5.3001111e-03   8.8242936e-01
   2.1900000e+02   2.1922351e-02   9.5680805e-01   2.1269594e-02
   2.9300000e+02   6.2749950e-04   9.9750818e-01   1.8643212e-03
   1.2800000e+02   1.1579279e-16   9.9741135e-01   2.5886499e-03
   2.9100000e+02   9.9873763e-01   7.5952431e-04   5.0284204e-04
   5.5000000e+01   9.9881594e-01   7.4726759e-04   4.3679699e-04
   2.8900000e+02   2.6590498e-04   9.9893106e-01   8.0303541e-04
   1.3000000e+02   2.9304370e-04   9.9913070e-01   5.7625901e-04
   2.8100000e+02   9.9949084e-01   3.3389947e-04   1.7525731e-04
   5.7000000e+01   1.8296489e-04   9.9940854e-01   4.0849229e-04
   4.0000000e+00   1.6920701e-04   1.6887803e-04   9.9966191e-01
   2.8300000e+02   1.7320030e-04   9.9956195e-01   2.6484806e-04
   1.3100000e+02   9.4104948e-05   9.9960715e-01   2.9874658e-04
   1.0500000e+02   1.5889029e-04   8.3903979e-07   9.9984027e-01
   4.0000000e+02   2.2956345e-04   9.9976700e-01   3.4405100e-06
   1.3700000e+02   4.8799094e-02   1.0841755e-01   8.4278335e-01
   8.3000000e+01   1.0000000e+00  -0.0000000e+00  -0.0000000e+00
   1.0000000e+02   4.9554009e-02   8.6363408e-01   8.6811915e-02
   2.1200000e+02   0.0000000e+00   1.0000000e+00  -0.0000000e+00
   2.1200000e+02   2.6249365e-03   2.2525717e-02   9.7484935e-01
   3.8600000e+02   2.1620311e-03   9.9783797e-01   0.0000000e+00
   3.7100000e+02   1.0778052e-04   9.9814806e-01   1.7441569e-03
   3.3700000e+02   0.0000000e+00   1.0000000e+00  -0.0000000e+00
   4.3000000e+01   1.0000000e+00  -0.0000000e+00  -0.0000000e+00
   1.9900000e+02   1.3149732e-03   6.6187094e-04   9.9802316e-01
   1.3800000e+02   6.9151817e-04   0.0000000e+00   9.9930848e-01
   2.2000000e+02   5.1810798e-04   4.5729855e-16   9.9948189e-01
   9.2000000e+01   5.9954064e-04   9.9897274e-01   4.2772405e-04
   1.4100000e+02   3.6389761e-04   4.1431593e-16   9.9963610e-01
   9.0000000e+01   1.8090656e-04   9.9936035e-01   4.5873973e-04
   9.1000000e+01   4.7541623e-04   9.9952458e-01   0.0000000e+00
   7.0000000e+01   2.2204460e-16   0.0000000e+00   1.0000000e+00
   7.5000000e+01   1.0000000e+00   0.0000000e+00  -0.0000000e+00
   2.2800000e+02   9.9979475e-01   4.4246520e-15   2.0525212e-04
   7.1000000e+01   9.9985680e-01   9.8117642e-16   1.4319875e-04
   6.8000000e+01   0.0000000e+00   2.6877032e-17   1.0000000e+00
   1.3000000e+01   0.0000000e+00  -0.0000000e+00   1.0000000e+00
   7.6000000e+01   0.0000000e+00   1.0325751e-17   1.0000000e+00
   6.9000000e+01   1.0000000e+00  -0.0000000e+00  -0.0000000e+00
   6.7000000e+01   1.0000000e+00  -0.0000000e+00  -0.0000000e+00
   1.1200000e+02   1.4013378e-04   1.5259784e-15   9.9985987e-01
   6.6000000e+01   1.6079406e-04   1.0656879e-15   9.9983921e-01
   2.3800000e+02   9.9986356e-01   5.8093640e-05   7.8350710e-05
   2.4300000e+02   1.0772688e-05   2.4080219e-04   9.9974843e-01
   6.3000000e+01   6.4472501e-04   9.9934547e-01   9.8002814e-06
   3.9700000e+02   8.4624256e-05   1.5685265e-04   9.9975852e-01
   1.0300000e+02   2.6593092e-05   1.6493528e-04   9.9980847e-01
   6.7000000e+01   0.0000000e+00   1.0000000e+00  -0.0000000e+00
   1.0700000e+02   1.7905305e-04   1.7518774e-15   9.9982095e-01
   2.6400000e+02   9.9994361e-01   7.7330283e-16   5.6391698e-05
   6.7000000e+01   0.0000000e+00   0.0000000e+00   1.0000000e+00
   2.6600000e+02   9.9980551e-01   0.0000000e+00   1.9448786e-04
   1.5900000e+02   9.9990261e-01   9.7387564e-05   7.9709225e-16
   2.4400000e+02   1.1914404e-04   5.7656271e-04   9.9930429e-01
   2.4200000e+02   9.9976143e-01   2.0252477e-04   3.6043453e-05
   1.0900000e+02   2.4533427e-04   7.7509718e-04   9.9897957e-01
   2.4100000e+02   9.9973887e-01   1.3689669e-04   1.2422938e-04
   1.6500000e+02   0.0000000e+00   0.0000000e+00   1.0000000e+00
   1.6400000e+02   1.7403379e-04   0.0000000e+00   9.9982597e-01
   1.6400000e+02   0.0000000e+00   1.0000000e+00  -0.0000000e+00
   5.3000000e+01   0.0000000e+00   1.0000000e+00  -0.0000000e+00
   3.0900000e+02   8.9771940e-17   9.9941313e-01   5.8687306e-04
   1.6700000e+02   1.6811639e-15   9.9934711e-01   6.5289182e-04
   5.3000000e+01   0.0000000e+00   0.0000000e+00   1.0000000e+00
   3.1000000e+02   9.9836772e-01   7.1402945e-16   1.6322839e-03
   3.2200000e+02   5.1179738e-04   9.9948820e-01   0.0000000e+00
   1.2000000e+01   0.0000000e+00   1.0000000e+00  -0.0000000e+00
   9.4000000e+01   6.6309805e-16   9.9774571e-01   2.2542903e-03
   3.0700000e+02   8.4983529e-05   5.4347449e-16   9.9991502e-01
   9.6000000e+01   0.0000000e+00   1.0000000e+00  -0.0000000e+00
   5.0000000e+00   4.5838366e-04   9.9954162e-01   0.0000000e+00
   8.0000000e+00   0.0000000e+00   1.0000000e+00  -0.0000000e+00
   8.0000000e+00   1.0000000e+00  -0.0000000e+00  -0.0000000e+00
   8.1000000e+01   0.0000000e+00   1.0000000e+00  -0.0000000e+00
   4.7000000e+01   1.1102230e-16  -0.0000000e+00   1.0000000e+00
   5.2000000e+01   0.0000000e+00   1.7724575e-17   1.0000000e+00
   9.7000000e+01   0.0000000e+00   0.0000000e+00   1.0000000e+00
   9.9000000e+01   0.0000000e+00   1.0000000e+00  -0.0000000e+00
   8.5000000e+01   1.0000000e+00  -0.0000000e+00  -0.0000000e+00
   1.4000000e+01   1.0000000e+00  -0.0000000e+00  -0.0000000e+00
   4.9100000e+02   5.7868625e-06   2.5421400e-15   9.9999421e-01
   3.8000000e+01   2.4267395e-05   9.9997573e-01   0.0000000e+00
   5.1000000e+01   0.0000000e+00   1.0000000e+00  -0.0000000e+00
   1.8000000e+01   0.0000000e+00  -0.0000000e+00   1.0000000e+00
   4.3300000e+02   1.0000000e+00   0.0000000e+00  -0.0000000e+00
   3.7000000e+01   0.0000000e+00   1.0000000e+00  -0.0000000e+00
   4.2500000e+02   1.0000000e+00  -0.0000000e+00  -0.0000000e+00
   4.5900000e+02   5.9848588e-06   1.2115326e-15   9.9999402e-01
   4.2900000e+02   9.2085374e-05   9.9956421e-01   3.4370640e-04
   4.3100000e+02   0.0000000e+00   1.0000000e+00  -0.0000000e+00
   4.2200000e+02   0.0000000e+00   2.7203406e-17   1.0000000e+00
   5.0000000e+02   8.2484477e-05   9.9991752e-01   0.0000000e+00
   4.2500000e+02   0.0000000e+00   1.0000000e+00  -0.0000000e+00
   1.4000000e+01   0.0000000e+00   1.0000000e+00  -0.0000000e+00
   8.5000000e+01   0.0000000e+00   1.0000000e+00  -0.0000000e+00
   1.1000000e+01   0.0000000e+00   0.0000000e+00   1.0000000e+00
   1.1000000e+01   0.0000000e+00   1.0000000e+00  -0.0000000e+00
   1.1000000e+01   1.0000000e+00  -0.0000000e+00  -0.0000000e+00
   5.1000000e+01   1.1102230e-16   0.0000000e+00   1.0000000e+00
   8.3000000e+01   0.0000000e+00   1.0000000e+00  -0.0000000e+00
   1.8000000e+02   0.0000000e+00   1.0000000e+00  -0.0000000e+00
   4.5000000e+01   0.0000000e+00   1.0000000e+00  -0.0000000e+00
   8.5000000e+01   1.1102230e-16   1.6699843e-17   1.0000000e+00
   4.0000000e+01   1.1102230e-16   0.0000000e+00   1.0000000e+00
   4.5000000e+01   1.0000000e+00   0.0000000e+00  -0.0000000e+00
   3.3600000e+02   9.9993977e-01   0.0000000e+00   6.0230123e-05
   4.2000000e+01   9.9997638e-01   2.3619764e-05   0.0000000e+00
   7.5000000e+01   0.0000000e+00   1.0000000e+00  -0.0000000e+00
   3.9000000e+01   0.0000000e+00   4.1323861e-17   1.0000000e+00
   4.1000000e+01   1.1102230e-16   1.0000000e+00  -0.0000000e+00
   7.3000000e+01   0.0000000e+00   0.0000000e+00   1.0000000e+00
   1.8600000e+02   0.0000000e+00   0.0000000e+00   1.0000000e+00
   1.8500000e+02   0.0000000e+00   0.0000000e+00   1.0000000e+00
   4.6000000e+01   0.0000000e+00   1.4344995e-17   1.0000000e+00
   3.9000000e+01   1.0000000e+00  -0.0000000e+00  -0.0000000e+00
   1.8800000e+02   0.0000000e+00   1.0000000e+00  -0.0000000e+00
   3.9000000e+01   0.0000000e+00   1.0000000e+00  -0.0000000e+00
   7.5000000e+01   0.0000000e+00   3.4884943e-17   1.0000000e+00
   4.1800000e+02   4.6006089e-05   9.6710311e-16   9.9995399e-01
   4.2400000e+02  -1.1102230e-16   1.0352001e-04   9.9989648e-01
   5.0800000e+02   9.9992408e-01   0.0000000e+00   7.5916285e-05
   4.2000000e+02   9.9990291e-01   0.0000000e+00   9.7089324e-05
   4.2700000e+02   9.9985588e-01   1.4412045e-04   9.3653649e-16
   5.1100000e+02   2.0570161e-15   9.9990405e-01   9.5948433e-05
   4.1900000e+02   0.0000000e+00   1.0000000e+00  -0.0000000e+00
   4.6500000e+02   1.0000000e+00   0.0000000e+00  -0.0000000e+00
   4.7100000e+02   1.0012620e-04   9.9974051e-01   1.5936440e-04
   4.6800000e+02   3.2883058e-05   9.9989240e-01   7.4717309e-05
   4.8100000e+02   6.4635441e-05   5.7046972e-05   9.9987832e-01
   4.3700000e+02   2.0232114e-04   9.9969238e-01   1.0530045e-04
   5.1500000e+02   9.9986230e-01   1.3770309e-04   0.0000000e+00
   5.1400000e+02   1.9940104e-15   9.9982150e-01   1.7850031e-04
   4.3600000e+02   1.0544410e-04   9.9983089e-01   6.3670138e-05
   4.7900000e+02   7.8161044e-05   9.9971461e-01   2.0722927e-04
   3.5600000e+02   5.3435829e-01   4.6374378e-01   1.8979360e-03
   3.7500000e+02   3.8107517e-04   9.9728315e-01   2.3357750e-03
   3.5500000e+02   1.7907424e-04   9.9819890e-01   1.6220308e-03
   3.6800000e+02   8.4854197e-04   9.9489162e-01   4.2598337e-03
   8.4700000e+02   9.9714391e-01   1.0154759e-03   1.8406151e-03
   4.2000000e+01   0.0000000e+00   1.0000000e+00  -0.0000000e+00
   8.4300000e+02   9.9943381e-01   4.8846838e-04   7.7718810e-05
   4.3000000e+01   0.0000000e+00   1.0000000e+00  -0.0000000e+00
   8.4000000e+01   0.0000000e+00   1.0000000e+00  -0.0000000e+00
   3.6000000e+02   5.5299462e-04   9.9944701e-01  -0.0000000e+00
   3.6100000e+02  -9.8797923e-17   9.9987189e-01   1.2811014e-04
   8.3500000e+02   9.9969189e-01   2.2366973e-04   8.4441791e-05
   3.5800000e+02   1.7451401e-04   9.9960708e-01   2.1840492e-04
   7.2000000e+01   0.0000000e+00   2.3106078e-17   1.0000000e+00
   8.3100000e+02   2.5036537e-04   1.6105277e-03   9.9813911e-01
   3.8400000e+02   4.3161198e-04   9.9752539e-01   2.0430001e-03
   3.5100000e+02   8.1734793e-05   3.5273067e-04   9.9956553e-01
   3.5300000e+02   2.9701580e-04   9.9963857e-01   6.4413298e-05
   3.4600000e+02   4.5893951e-04   9.9721952e-01   2.3215418e-03
   3.9300000e+02   9.9912641e-01   8.7359027e-04   0.0000000e+00
   3.9000000e+02   5.5376667e-06   1.3130869e-03   9.9868138e-01
   6.0000000e+00   9.9888290e-01   1.1170992e-03   7.3968128e-16
   1.0100000e+02   9.9959112e-01   4.0888087e-04   9.6226595e-16
   1.0200000e+02   0.0000000e+00   3.4832715e-04   9.9965167e-01
   4.5500000e+02   2.4979642e-04   9.9957984e-01   1.7036099e-04
   4.4200000e+02   1.5000339e-04   6.1055235e-04   9.9923944e-01
   4.4000000e+02   8.8777362e-05   2.8015706e-04   9.9963107e-01
   4.8600000e+02   1.2750673e-04   7.1059887e-05   9.9980143e-01
   1.6000000e+01   6.8860114e-04   9.9912664e-01   1.8475477e-04
   4.4600000e+02   3.0076585e-05   1.0092411e-04   9.9986900e-01
   4.5300000e+02   3.7008157e-15   9.9990124e-01   9.8756476e-05
   4.2800000e+02   0.0000000e+00  -0.0000000e+00   1.0000000e+00
   1.7000000e+01   1.2554033e-04   8.8129058e-16   9.9987446e-01
   2.2300000e+02   0.0000000e+00   1.0000000e+00  -0.0000000e+00
   7.0000000e+00   2.1260408e-04   2.4536047e-15   9.9978740e-01
   2.2200000e+02   2.8587870e-15   9.9999148e-01   8.5229879e-06
   1.8000000e+01   1.0000000e+00  -0.0000000e+00  -0.0000000e+00
   4.3200000e+02   1.4212146e-04   9.9985788e-01   1.1491328e-15
   4.0400000e+02   1.5474897e-04   9.9968678e-01   1.5847128e-04
   4.0000000e+02   9.7914075e-01   6.2645792e-03   1.4594671e-02
   1.0500000e+02   9.8685442e-01   5.3062534e-03   7.8393230e-03
   1.0400000e+02   1.5213708e-04   1.2590751e-04   9.9972196e-01
   1.1500000e+02   2.1125674e-02   3.6245830e-02   9.4262850e-01
   4.0900000e+02   2.3048444e-04   2.7554929e-16   9.9976952e-01
   1.1200000e+02   1.0000000e+00  -0.0000000e+00   0.0000000e+00
   2.3800000e+02   1.1669912e-02   4.2130995e-01   5.6702014e-01
   6.5000000e+01   4.2858847e-01   5.6941825e-01   1.9932773e-03
   1.1100000e+02   1.3154439e-04   7.4515563e-04   9.9912330e-01
   1.1000000e+02   4.9277898e-01   5.0517740e-01   2.0436139e-03
   4.5300000e+02   9.9979516e-01   5.7744822e-05   1.4709596e-04
   4.8500000e+02   2.6767019e-06   1.3918247e-04   9.9985814e-01
   4.1200000e+02   1.7367683e-04   4.2552745e-04   9.9940080e-01
   1.1700000e+02   2.1884859e-04   8.6922197e-04   9.9891193e-01
   8.3100000e+02   9.9093212e-01   3.7419648e-03   5.3259171e-03
   8.3700000e+02   9.9837917e-01   1.6208254e-03   0.0000000e+00
   5.2100000e+02   0.0000000e+00   1.0000000e+00  -0.0000000e+00
   8.4500000e+02   5.3909855e-01   4.6090145e-01   0.0000000e+00
   8.2800000e+02   9.9778785e-01   1.9115875e-03   3.0056313e-04
   3.7100000e+02   1.1025051e-02   2.9585944e-02   9.5938901e-01
   5.3900000e+02   5.4678522e-04   7.7593118e-05   9.9937562e-01
   3.6400000e+02   1.0000000e+00  -0.0000000e+00  -0.0000000e+00
   7.5400000e+02   6.3694348e-04   9.9936306e-01   0.0000000e+00
   8.5200000e+02   9.9812870e-01   1.4347987e-03   4.3650480e-04
   8.3800000e+02   0.0000000e+00   6.9335677e-04   9.9930664e-01
   8.5600000e+02   1.0968053e-02   5.1579235e-03   9.8387402e-01
   7.9300000e+02   7.6785139e-04   9.9923215e-01   0.0000000e+00
   6.0400000e+02   1.3452406e-03   9.9750089e-01   1.1538663e-03
   6.7500000e+02   6.4458376e-04   1.3848037e-03   9.9797061e-01
   5.7600000e+02   9.9969328e-01   0.0000000e+00   3.0672344e-04
   6.7300000e+02   7.2354059e-02   5.2332934e-02   8.7531301e-01
   7.9800000e+02   1.2283433e-03   2.3021008e-03   9.9646956e-01
   6.0600000e+02   9.5238746e-04   3.5895219e-04   9.9868866e-01
   5.7800000e+02   9.9881263e-01   4.7078258e-05   1.1402955e-03
   6.9500000e+02   2.5026835e-02   3.2247635e-01   6.5249682e-01
   5.7900000e+02   2.4275559e-01   1.4791795e-02   7.4245262e-01
   6.5200000e+02   9.4630198e-01   2.8827310e-02   2.4870712e-02
   6.0700000e+02   9.9917324e-01   4.0944602e-15   8.2676105e-04
   6.7900000e+02   1.2171863e-04   8.7052005e-04   9.9900776e-01
   5.7200000e+02   9.9944364e-01   0.0000000e+00   5.5636253e-04
   5.3600000e+02   6.9878150e-04   1.4732665e-04   9.9915389e-01
   7.6900000e+02   8.7080971e-05   9.9956039e-01   3.5252843e-04
   6.8100000e+02   6.8365588e-07   5.2678125e-04   9.9947254e-01
   7.6100000e+02   6.7020190e-04   4.2995359e-04   9.9889984e-01
   5.3800000e+02   5.4974556e-05   9.9965668e-01   2.8834170e-04
   2.2000000e+01   9.9854849e-01   1.4515124e-03   0.0000000e+00
   7.6300000e+02   2.0815783e-04   9.9946765e-01   3.2419646e-04
   6.1200000e+02   3.3097850e-04   9.9966902e-01   5.2747103e-15
   5.8600000e+02   8.2724646e-05   9.9956894e-01   3.4833505e-04
   8.7700000e+02   1.0016665e-04   9.9949730e-01   4.0253514e-04
   6.7000000e+02   8.2573010e-01   3.4064391e-02   1.4020550e-01
   5.6500000e+02   1.0000000e+00  -0.0000000e+00  -0.0000000e+00
   6.1700000e+02   2.0753703e-02   7.1886411e-02   9.0735989e-01
   5.6300000e+02   1.0000000e+00  -0.0000000e+00  -0.0000000e+00
   5.7300000e+02   1.0000000e+00  -0.0000000e+00  -0.0000000e+00
   3.6700000e+02   1.0000000e+00  -0.0000000e+00  -0.0000000e+00
   3.7700000e+02   1.0000000e+00  -0.0000000e+00  -0.0000000e+00
   5.7300000e+02   0.0000000e+00   0.0000000e+00   1.0000000e+00
   7.8800000e+02   7.8785991e-04   9.9874544e-01   4.6669628e-04
   5.5900000e+02   1.0000000e+00  -0.0000000e+00  -0.0000000e+00
   5.7100000e+02   1.1102230e-16   1.0000000e+00  -0.0000000e+00
   5.6000000e+02   0.0000000e+00   0.0000000e+00   1.0000000e+00
   5.6900000e+02   5.6064593e-04   9.9943935e-01   2.1610837e-17
   5.7100000e+02   1.1102230e-16  -0.0000000e+00   1.0000000e+00
   5.4900000e+02   1.0000000e+00  -0.0000000e+00  -0.0000000e+00
   5.5600000e+02   0.0000000e+00   0.0000000e+00   1.0000000e+00
   7.0600000e+02   5.1016823e-04   9.9948983e-01   0.0000000e+00
   6.2300000e+02   5.6672210e-04   1.5441570e-16   9.9943328e-01
   8.8600000e+02   3.7655110e-04   9.9906308e-01   5.6037065e-04
   7.0200000e+02   5.3428409e-04   4.5427456e-04   9.9901144e-01
   7.0400000e+02   6.6292853e-04   9.9933707e-01   0.0000000e+00
   7.1400000e+02   1.1102230e-16   5.6937431e-04   9.9943063e-01
   8.8400000e+02   1.6002420e-04   9.9933472e-01   5.0525784e-04
   5.9500000e+02   9.6220925e-04   9.9851799e-01   5.1980307e-04
   7.1700000e+02   5.5810153e-03   1.4010504e-02   9.8040848e-01
   7.1800000e+02   9.1611200e-03   4.9468022e-03   9.8589208e-01
   7.2100000e+02   9.9976610e-01   2.0865424e-04   2.5250398e-05
   8.7500000e+02   7.2536438e-05   9.9964746e-01   2.8000691e-04
   5.8400000e+02   4.0957301e-05   9.9975802e-01   2.0102238e-04
   7.1600000e+02   1.5719986e-04   9.9954833e-01   2.9446547e-04
   5.8800000e+02   8.0988546e-05   9.9947605e-01   4.4296029e-04
   7.1300000e+02   9.9941943e-01   8.7930214e-05   4.9264123e-04
   5.4700000e+02   4.0314553e-04   9.9910162e-01   4.9523234e-04
   5.5100000e+02   0.0000000e+00   0.0000000e+00   1.0000000e+00
   5.4900000e+02   7.7412719e-04   9.9859505e-01   6.3081885e-04
   7.2300000e+02   9.9800255e-05   9.9990020e-01   0.0000000e+00
   7.2200000e+02   5.9619767e-06   3.3059845e-04   9.9966344e-01
   5.9000000e+02   9.9939002e-01   3.1437452e-04   2.9560843e-04
   7.2000000e+02   3.1659906e-04   2.6386658e-04   9.9941953e-01
   6.4400000e+02   9.9938627e-01   6.1373150e-04   1.3919754e-15
   9.6600000e+02  -3.5236571e-17   9.9939110e-01   6.0890051e-04
   9.6500000e+02   2.3657624e-04   2.2257239e-15   9.9976342e-01
   9.6500000e+02   3.2572137e-04   9.9967428e-01   0.0000000e+00
   5.2900000e+02   1.0000000e+00  -0.0000000e+00  -0.0000000e+00
   5.7600000e+02   1.1102230e-16   0.0000000e+00   1.0000000e+00
   5.3300000e+02   1.1102230e-16   1.0000000e+00  -0.0000000e+00
   5.5900000e+02   0.0000000e+00   1.0000000e+00  -0.0000000e+00
   8.0000000e+02   1.3610630e-03   9.9715520e-01   1.4837395e-03
   5.2900000e+02   7.2424473e-04   3.2360451e-15   9.9927576e-01
   5.7300000e+02   0.0000000e+00   1.0000000e+00  -0.0000000e+00
   5.1800000e+02   9.9936370e-01   5.6902571e-04   6.7272165e-05
   5.7500000e+02   1.1102230e-16   1.0000000e+00  -0.0000000e+00
   8.7400000e+02   4.0801272e-04   1.2297228e-03   9.9836226e-01
   2.6000000e+01   3.2797238e-03   9.9619506e-01   5.2521136e-04
   7.8500000e+02   4.7016753e-04   7.7164177e-04   9.9875819e-01
   7.9700000e+02   1.4504086e-03   1.9593553e-03   9.9659024e-01
   5.2700000e+02   1.8667747e-03   9.9588829e-01   2.2449337e-03
   6.9700000e+02   1.7043748e-02   9.6580432e-01   1.7151935e-02
   5.3200000e+02   9.9855341e-01   4.0887224e-04   1.0377195e-03
   7.8300000e+02   9.9809307e-01   1.2382125e-04   1.7831041e-03
   6.7100000e+02   9.9743957e-01   2.3191437e-03   2.4129010e-04
   7.8100000e+02   3.3306691e-16   1.8658062e-03   9.9813419e-01
   9.7100000e+02   3.6421343e-04   7.6183648e-04   9.9887395e-01
   9.0200000e+02   5.4876585e-04   9.9906415e-01   3.8708196e-04
   9.6900000e+02   9.9942903e-01   4.3883865e-04   1.3212698e-04
   6.5700000e+02   7.2303321e-04   6.6219580e-04   9.9861477e-01
   9.7200000e+02   5.6735372e-04   9.9923702e-01   1.9562673e-04
   9.5300000e+02   9.9939929e-01   3.6402809e-04   2.3667893e-04
   9.6900000e+02   5.5511151e-16   4.6677216e-04   9.9953323e-01
   9.3700000e+02   9.9951698e-01   2.1550996e-04   2.6750928e-04
   9.7400000e+02   4.0231453e-04   9.9945216e-01   1.4552707e-04
   9.0600000e+02   2.3175094e-04   1.2229763e-04   9.9964595e-01
   9.5500000e+02   9.9955129e-01   2.8442708e-04   1.6428071e-04
   9.8000000e+02   5.9875821e-04   9.9930305e-01   9.8195412e-05
   9.0100000e+02   1.5442023e-04   4.1597837e-04   9.9942960e-01
   9.7700000e+02   9.9953454e-01   2.2338525e-04   2.4207730e-04
   9.3900000e+02   4.3508570e-04   8.2235686e-04   9.9874256e-01
   6.5900000e+02   9.9916573e-01   8.3426747e-04   0.0000000e+00
   2.9000000e+01   9.9969844e-01   3.0155972e-04   0.0000000e+00
   8.9800000e+02   7.4818194e-04   9.9925182e-01   0.0000000e+00
   3.2000000e+01   9.9899493e-01   9.3014695e-04   7.4922683e-05
   8.0300000e+02   9.9904320e-01   0.0000000e+00   9.5680407e-04
   5.6400000e+02   0.0000000e+00   1.0000000e+00  -0.0000000e+00
   5.2300000e+02   0.0000000e+00   1.0000000e+00  -0.0000000e+00
   5.2500000e+02   0.0000000e+00   0.0000000e+00   1.0000000e+00
   5.6500000e+02   0.0000000e+00   1.0000000e+00  -0.0000000e+00
   8.2100000e+02   6.5984622e-04   9.9862810e-01   7.1205301e-04
   5.2600000e+02   7.1817258e-04   6.4380070e-04   9.9863803e-01
   5.2300000e+02   1.0000000e+00  -0.0000000e+00  -0.0000000e+00
   6.6300000e+02   7.0658719e-04   3.7308011e-16   9.9929341e-01
   5.5500000e+02   0.0000000e+00   0.0000000e+00   1.0000000e+00
   5.1900000e+02   6.9651252e-04   9.9859473e-01   7.0875961e-04
   5.2100000e+02   0.0000000e+00   0.0000000e+00   1.0000000e+00
   5.5300000e+02   1.1102230e-16   1.0000000e+00  -0.0000000e+00
   9.8400000e+02   2.7919445e-04   9.9909137e-01   6.2943108e-04
   8.9900000e+02   1.8828303e-04   9.9926413e-01   5.4758275e-04
   8.0600000e+02   4.1680721e-04   9.9928886e-01   2.9433614e-04
   6.6700000e+02   8.2511723e-04   9.5372120e-16   9.9917488e-01
   8.9600000e+02   2.0345607e-04   9.9921141e-01   5.8513869e-04
   8.2300000e+02   9.9925878e-01   2.2607286e-04   5.1514937e-04
   6.6900000e+02   7.5198574e-04   6.9878615e-04   9.9854923e-01
   8.9500000e+02   9.9969864e-01   1.0488181e-04   1.9647693e-04
   9.9300000e+02   9.9968223e-01   1.1738938e-04   2.0038334e-04
   9.4000000e+02   3.8737533e-05   4.5494303e-04   9.9950632e-01
   9.4100000e+02   4.2821869e-04   0.0000000e+00   9.9957178e-01
   9.0500000e+02   2.2440665e-04   3.2151600e-04   9.9945408e-01
   9.8800000e+02   1.4525801e-04   1.7744298e-04   9.9967730e-01
   9.8600000e+02   9.9956048e-01   3.1843870e-04   1.2108464e-04
   9.4300000e+02   5.9965246e-04   1.6591276e-04   9.9923443e-01
   9.4800000e+02   1.9841424e-04   1.6154144e-04   9.9964004e-01
   9.4400000e+02   3.1295837e-04   9.9942461e-01   2.6242897e-04
   9.5800000e+02   3.2907974e-04   9.9932110e-01   3.4981675e-04
   9.1400000e+02   2.3214938e-04   1.4147275e-04   9.9962638e-01
   9.4700000e+02   9.9968668e-01   1.4988085e-04   1.6343706e-04
   9.9000000e+02   3.1047108e-04   9.9951901e-01   1.7051663e-04
   9.1200000e+02   3.1125892e-04   9.9947162e-01   2.1712594e-04
   9.5600000e+02   2.0310607e-04   1.1965732e-04   9.9967724e-01
   7.6800000e+02   4.2301600e-04   9.9957698e-01   1.2073970e-15
   8.2800000e+02   9.2840774e-15   9.9973320e-01   2.6679568e-04
   8.4700000e+02   7.0581561e-17   9.9931887e-01   6.8112851e-04
   5.5300000e+02   0.0000000e+00   0.0000000e+00   1.0000000e+00
   5.2400000e+02   0.0000000e+00   1.0000000e+00  -0.0000000e+00
   2.1000000e+01   9.9924506e-01   6.9813548e-04   5.6808597e-05
   7.5300000e+02   6.4008888e-04   2.2497376e-04   9.9913494e-01
   7.5100000e+02   4.1335208e-04   1.0673501e-03   9.9851930e-01
   5.5400000e+02   0.0000000e+00   0.0000000e+00   1.0000000e+00
   8.6200000e+02   5.2502490e-15   9.9951250e-01   4.8750149e-04
   7.4900000e+02   1.5548324e-03   9.9795309e-01   4.9207937e-04
   5.5700000e+02   3.3987905e-04   5.8695857e-04   9.9907316e-01
   3.4900000e+02   6.0508917e-03   1.9943376e-04   9.9374967e-01
   8.2700000e+02   9.9888660e-01   8.1300861e-04   3.0038724e-04
   8.6100000e+02   4.3886099e-04   9.9817116e-01   1.3899832e-03
   3.5000000e+02   1.0000000e+00  -0.0000000e+00  -0.0000000e+00
   8.6700000e+02   9.9880045e-01   1.1000828e-03   9.9466452e-05
   6.0200000e+02   9.9944314e-01   5.5686318e-04   2.5943458e-16
   9.3300000e+02   3.3211345e-04   9.9966059e-01   7.3006263e-06
   9.1800000e+02   9.9950031e-01   1.3129561e-04   3.6839392e-04
   9.1600000e+02   9.9962311e-01   0.0000000e+00   3.7688727e-04
   9.6300000e+02   9.9963140e-01   1.8633798e-04   1.8226448e-04
   3.4000000e+01   2.6051971e-02   9.5748219e-01   1.6465836e-02
   9.2300000e+02   9.9965796e-01   3.0000596e-04   4.2034922e-05
   9.3000000e+02   1.6104916e-04   1.9464832e-04   9.9964430e-01
   9.2500000e+02   9.9962107e-01   1.4306525e-04   2.3586175e-04
   3.5000000e+01   9.9962491e-01   4.8434479e-05   3.2665952e-04
   9.6100000e+02   4.2320112e-04   9.9940782e-01   1.6897446e-04
   8.8400000e+02   9.9420606e-01   5.6961266e-03   9.7813460e-05
   9.8300000e+02   4.9908905e-04   3.5428702e-04   9.9914662e-01
   9.2900000e+02   5.2743037e-04   9.9832982e-01   1.1427503e-03
   9.0800000e+02   4.8877629e-04   9.9917665e-01   3.3457119e-04
   8.8300000e+02   4.1273817e-04   9.9915459e-01   4.3267414e-04
   7.1700000e+02   1.3738536e-02   9.8448751e-01   1.7739515e-03
   8.7600000e+02   9.9966480e-01   9.6225223e-05   2.3897016e-04
   5.8500000e+02   9.9978488e-01   7.1248362e-05   1.4386861e-04
   6.0100000e+02   7.3604008e-03   9.7444761e-01   1.8191988e-02
   7.1700000e+02   9.9956570e-01   7.4134193e-05   3.6016419e-04
   8.8100000e+02   9.9959358e-01   3.6384538e-05   3.7003250e-04
   5.9200000e+02   9.9953005e-01   2.3118958e-04   2.3875904e-04
   8.8000000e+02   9.9966795e-01   2.3346290e-04   9.8590584e-05
   8.9200000e+02   9.9962950e-01   1.8022214e-04   1.9027805e-04
   8.8900000e+02   9.9953409e-01   1.4829442e-04   3.1761221e-04
   5.9900000e+02   9.9932218e-01   4.0098688e-04   2.7683262e-04
   1.0120000e+03   9.9881757e-01   1.3288569e-15   1.1824266e-03
   1.0410000e+03   4.8268673e-04   4.3503797e-04   9.9908228e-01
   1.0160000e+03   1.7260282e-03   9.9753282e-01   7.4114828e-04
   1.0320000e+03   8.2625984e-04   1.1926478e-03   9.9798109e-01
   1.0110000e+03   9.9890227e-01   3.6399453e-04   7.3373485e-04
   1.0090000e+03   9.9902664e-01   4.9707843e-04   4.7628356e-04
   1.0430000e+03   1.5649744e-02   2.7212048e-01   7.1222977e-01
   1.0410000e+03   9.6986029e-03   6.3551301e-01   3.5478838e-01
   1.0340000e+03   4.7073464e-04   8.9877330e-04   9.9863049e-01
   1.0060000e+03   1.0000000e+00  -0.0000000e+00  -0.0000000e+00
   2.1000000e+01   2.2924642e-15   9.9993884e-01   6.1161132e-05
   1.0200000e+03   5.3125141e-04   9.9906502e-01   4.0372832e-04
   1.0200000e+03   1.1102230e-16  -0.0000000e+00   1.0000000e+00
   7.5700000e+02   0.0000000e+00   0.0000000e+00   1.0000000e+00
   7.5700000e+02  -9.7361355e-17   9.9955054e-01   4.4946164e-04
   1.0450000e+03   5.6912213e-04   9.9943088e-01   0.0000000e+00
   1.0380000e+03   6.9842671e-04   0.0000000e+00   9.9930157e-01
   6.2000000e+02   0.0000000e+00   1.0000000e+00  -0.0000000e+00
   1.0920000e+03   9.9882898e-01   3.9810346e-04   7.7291815e-04
   1.1410000e+03   8.7930533e-04   9.9863890e-01   4.8179008e-04
   1.0840000e+03   9.9930389e-01   3.2527036e-04   3.7083883e-04
   1.1290000e+03   3.2842807e-04   6.0139196e-04   9.9907018e-01
   9.9400000e+02   0.0000000e+00   1.0000000e+00  -0.0000000e+00
   9.9900000e+02   0.0000000e+00   1.0000000e+00  -0.0000000e+00
   1.0930000e+03   1.8768548e-05   9.9998123e-01   0.0000000e+00
   1.0950000e+03   9.9963108e-01   1.2601176e-04   2.4290474e-04
   1.1350000e+03   3.6069140e-04   9.9920407e-01   4.3523819e-04
   1.0790000e+03   9.9956465e-01   1.8517796e-04   2.5016725e-04
   1.1200000e+03   1.6836698e-04   9.9963497e-01   1.9666725e-04
   9.5100000e+02   3.7377656e-04   3.4759633e-04   9.9927863e-01
   1.0680000e+03   3.5087306e-04   9.9963165e-01   1.7475948e-05
   1.1370000e+03   9.9965905e-01   5.1705450e-05   2.8924765e-04
   1.0980000e+03   2.1382706e-04   3.4021811e-04   9.9944595e-01
   5.6900000e+02   0.0000000e+00   0.0000000e+00   1.0000000e+00
   1.0470000e+03   6.8402315e-16   9.9934256e-01   6.5744284e-04
   1.0820000e+03   9.9955619e-01   4.3274520e-04   1.1068532e-05
   1.1330000e+03   4.4650712e-04   0.0000000e+00   9.9955349e-01
   1.0300000e+03   7.1959714e-04   9.9928040e-01   0.0000000e+00
   1.1610000e+03   6.6913933e-05   0.0000000e+00   9.9993309e-01
   1.1390000e+03   9.5989541e-04   9.9887631e-01   1.6378972e-04
   1.0700000e+03   2.4158336e-04   6.6510345e-04   9.9909331e-01
   1.0810000e+03   7.9488282e-16   9.9952563e-01   4.7437133e-04
   5.3300000e+02   1.0000000e+00  -0.0000000e+00  -0.0000000e+00
   1.1640000e+03   7.2376572e-04   0.0000000e+00   9.9927623e-01
   1.1630000e+03   1.1201986e-04   3.9991444e-16   9.9988798e-01
   5.5900000e+02   0.0000000e+00   0.0000000e+00   1.0000000e+00
   1.0650000e+03   1.1102230e-16  -0.0000000e+00   1.0000000e+00
   5.3400000e+02   0.0000000e+00   0.0000000e+00   1.0000000e+00
   9.1000000e+02   0.0000000e+00   1.0000000e+00  -0.0000000e+00
   1.0640000e+03   5.2521406e-04   9.9947479e-01   2.9931512e-15
   1.1280000e+03   9.9951347e-01   3.9487691e-04   9.1653565e-05
   1.1040000e+03   2.6323802e-04   5.4259367e-04   9.9919417e-01
   1.1480000e+03   9.9951535e-01   3.1659515e-04   1.6805747e-04
   1.1060000e+03   4.2939962e-04   0.0000000e+00   9.9957060e-01
   1.1070000e+03   9.9969640e-01   3.0179589e-05   2.7342057e-04
   1.1220000e+03   2.2288978e-04   2.7701879e-04   9.9950009e-01
   1.0760000e+03   2.5002103e-04   2.6739035e-04   9.9948259e-01
   1.1240000e+03   2.8098973e-04   9.9963585e-01   8.3157290e-05
   1.1100000e+03   9.9966854e-01   3.0632132e-04   2.5143652e-05
   1.1530000e+03   3.5270870e-04   9.9939459e-01   2.5270168e-04
   1.0740000e+03   4.3385453e-04   3.1842230e-04   9.9924772e-01
   1.1260000e+03   3.5288845e-04   9.9957863e-01   6.8482676e-05
   1.1120000e+03   9.9968549e-01   2.3541471e-04   7.9099830e-05
   1.1180000e+03   2.3966746e-04   2.9932236e-04   9.9946101e-01
   1.0770000e+03   2.9521184e-04   9.9947394e-01   2.3084614e-04
   1.1570000e+03   2.6207702e-04   3.1040438e-05   9.9970688e-01
   1.1140000e+03   9.9962287e-01   2.8765281e-04   8.9476442e-05
   1.1590000e+03   3.1542704e-04   9.9946071e-01   2.2386776e-04
   1.0590000e+03   2.7627117e-04   1.7145088e-05   9.9970658e-01
   1.1560000e+03   9.9967439e-01   2.6799955e-04   5.7613802e-05
   9.9900000e+02   9.9918908e-01   6.8309569e-04   1.2782110e-04
   1.0260000e+03  -1.1102230e-16   1.2871183e-04   9.9987129e-01
   1.0000000e+03   1.0000000e+00  -0.0000000e+00   0.0000000e+00
   1.0500000e+03   2.4705381e-04   2.2516214e-04   9.9952778e-01
   1.0940000e+03   3.0220588e-04   9.9968273e-01   1.5061400e-05
   1.1030000e+03   3.3493767e-03   9.6978688e-01   2.6863743e-02
   1.0870000e+03   4.1983414e-04   9.9876914e-01   8.1102310e-04
   1.0610000e+03   4.2649720e-04   9.9921123e-01   3.6227079e-04
   1.1510000e+03   4.5475653e-04   9.9922706e-01   3.1818601e-04
   1.0880000e+03   4.6957289e-04   9.9890626e-01   6.2416310e-04
   1.0900000e+03   4.9476935e-04   9.9863886e-01   8.6636734e-04
   1.1500000e+03   3.7648235e-04   4.7221584e-04   9.9915130e-01
   3.1000000e+01   9.9940400e-01   3.2452903e-04   2.7146898e-04
   1.0540000e+03   1.0478201e-03   5.1943105e-04   9.9843275e-01
   7.2300000e+02   1.0000000e+00  -0.0000000e+00  -0.0000000e+00
   6.0300000e+02   0.0000000e+00   0.0000000e+00   1.0000000e+00
   6.0300000e+02   0.0000000e+00   1.0000000e+00  -0.0000000e+00
   1.2810000e+03   9.9944908e-01   8.9243213e-16   5.5092128e-04
   1.6950000e+03   6.1652636e-04   0.0000000e+00   9.9938347e-01
   1.2960000e+03   3.6791605e-04   8.0692320e-04   9.9882516e-01
   1.2970000e+03   4.5732246e-01   8.3007343e-02   4.5967019e-01
   1.2990000e+03   9.9827586e-01   7.9977020e-05   1.6441676e-03
   1.2160000e+03   8.0650966e-01   1.0034724e-02   1.8345562e-01
   1.5800000e+03   1.8917160e-15   9.9874416e-01   1.2558403e-03
   1.5810000e+03   9.9838087e-01   9.5596915e-05   1.5235319e-03
   1.5970000e+03   1.1782568e-03   8.3814737e-06   9.9881336e-01
   1.5960000e+03   6.1298845e-04   9.8426456e-04   9.9840275e-01
   1.4960000e+03   3.3725189e-03   0.0000000e+00   9.9662748e-01
   1.2590000e+03   1.0000000e+00   0.0000000e+00  -0.0000000e+00
   1.2150000e+03   5.9724025e-02   8.4572322e-01   9.4552751e-02
   1.5970000e+03   8.7159750e-01   3.8428116e-02   8.9974389e-02
   1.5820000e+03   7.8389297e-05   1.3019378e-03   9.9861967e-01
   1.3020000e+03   1.4709168e-03   9.9852145e-01   7.6378439e-06
   1.3030000e+03   5.3772698e-04   9.9828148e-01   1.1807919e-03
   1.5560000e+03   1.2845870e-02   9.6223593e-01   2.4918197e-02
   1.2200000e+03   8.8464724e-05   9.9919343e-01   7.1810323e-04
   1.5850000e+03   3.9600212e-05   9.9896788e-01   9.9252006e-04
   1.3050000e+03   9.6933567e-05   9.9883312e-01   1.0699459e-03
   1.5770000e+03   9.7788833e-04   1.9122026e-04   9.9883089e-01
   1.2220000e+03   7.6866744e-05   9.9941326e-01   5.0987380e-04
   1.5790000e+03   1.1790486e-04   9.9925416e-01   6.2793812e-04
   1.3070000e+03   2.1828141e-04   9.9918286e-01   5.9885836e-04
   1.5710000e+03   7.0299938e-04   1.3600674e-04   9.9916099e-01
   1.2680000e+03   1.0000000e+00  -0.0000000e+00  -0.0000000e+00
   1.5730000e+03   5.2544077e-05   9.9939213e-01   5.5532454e-04
   1.3080000e+03   4.8927423e-05   1.0252067e-15   9.9995107e-01
   1.2670000e+03   0.0000000e+00   0.0000000e+00   1.0000000e+00
   1.5650000e+03   9.8322650e-04   2.5079108e-04   9.9876598e-01
   1.2230000e+03   1.5605374e-04   1.4735821e-15   9.9984395e-01
   1.5620000e+03   9.9910871e-01   5.5390704e-04   3.3738749e-04
   1.3110000e+03   1.1668735e-03   4.8052108e-04   9.9835261e-01
   1.2660000e+03   1.0000000e+00  -0.0000000e+00  -0.0000000e+00
   1.2240000e+03   2.2204460e-16  -0.0000000e+00   1.0000000e+00
   1.5640000e+03   9.9905076e-01   9.4924096e-04   0.0000000e+00
   1.2650000e+03   0.0000000e+00   0.0000000e+00   1.0000000e+00
   1.5610000e+03   1.6250887e-03   5.3922179e-04   9.9783569e-01
   1.2260000e+03   1.2721483e-03   4.2012643e-04   9.9830773e-01
   1.2270000e+03   6.8424685e-01   3.0113757e-01   1.4615577e-02
   1.2350000e+03   1.1339435e-02   9.8703131e-01   1.6292517e-03
   1.2350000e+03   9.9876910e-01   3.9213345e-04   8.3876712e-04
   1.2280000e+03   9.1238307e-01   7.8865381e-02   8.7515524e-03
   1.5500000e+03   9.2953025e-01   1.7369592e-02   5.3100157e-02
   1.5550000e+03   9.9771374e-01   1.4596301e-03   8.2662969e-04
   1.5490000e+03   2.1215544e-03   9.9697806e-01   9.0038348e-04
   1.5540000e+03   1.7457219e-03   1.3902132e-04   9.9811526e-01
   1.2310000e+03   1.7743134e-03   1.2806909e-15   9.9822569e-01
   1.2610000e+03   9.8368391e-01   1.0413458e-02   5.9026279e-03
   1.5480000e+03   1.4658947e-03   1.6040161e-04   9.9837370e-01
   1.2320000e+03   3.5300314e-04   9.9820929e-01   1.4377081e-03
   1.3180000e+03   2.6645353e-15   2.9016572e-03   9.9709834e-01
   1.3190000e+03   2.7191759e-03   0.0000000e+00   9.9728082e-01
   1.5410000e+03   1.1838539e-02   9.8367402e-01   4.4874421e-03
   1.5500000e+03   1.7707497e-04   9.9792603e-01   1.8968932e-03
   1.3200000e+03   1.5536359e-04   9.9888575e-01   9.5889047e-04
   1.5410000e+03   1.0090179e-03   1.6325678e-04   9.9882773e-01
   1.2360000e+03   5.4168291e-04   9.9782497e-01   1.6333519e-03
   1.3220000e+03   3.4321483e-04   9.9880134e-01   8.5544748e-04
   1.5370000e+03   1.5892414e-03   6.4444594e-04   9.9776631e-01
   1.2380000e+03   3.2317359e-04   9.9829780e-01   1.3790290e-03
   1.5390000e+03   5.5006215e-04   9.9861628e-01   8.3366068e-04
   1.3240000e+03   5.6524859e-04   9.9819107e-01   1.2436854e-03
   1.2400000e+03   1.1102230e-16   1.0000000e+00   0.0000000e+00
   1.2640000e+03   1.0000000e+00  -0.0000000e+00  -0.0000000e+00
   1.3300000e+03   9.0273109e-01   4.0178890e-03   9.3251018e-02
   1.4920000e+03   2.0923881e-03   9.8297473e-01   1.4932887e-02
   1.6830000e+03   1.5098731e-01   5.7586745e-01   2.7314523e-01
   1.3280000e+03   0.0000000e+00   0.0000000e+00   1.0000000e+00
   1.6810000e+03   3.5466933e-02   4.7138206e-01   4.9315101e-01
   1.3300000e+03   8.6906847e-03   4.7942592e-01   5.1188340e-01
   1.5280000e+03   9.9886525e-01   5.5066722e-04   5.8408043e-04
   1.2420000e+03   1.7283548e-03   5.1313243e-04   9.9775851e-01
   1.2440000e+03   2.2522840e-04   9.9915949e-01   6.1528649e-04
   1.5240000e+03   3.5577038e-02   9.1429130e-01   5.0131657e-02
   1.3360000e+03   1.1969652e-03   2.8242421e-03   9.9597879e-01
   1.5180000e+03   9.8373341e-01   1.4604126e-02   1.6624683e-03
   1.4970000e+03   1.5168457e-02   8.1853753e-01   1.6629402e-01
   1.4980000e+03   3.8723131e-01   1.6892559e-03   6.1107944e-01
   1.3470000e+03   7.3753250e-02   3.1164687e-02   8.9508206e-01
   1.2550000e+03   9.8625472e-03   3.1826378e-01   6.7187368e-01
   1.5020000e+03   5.4416131e-01   2.0392386e-02   4.3544630e-01
   1.5020000e+03   3.5286708e-04   9.9936599e-01   2.8114178e-04
   1.2620000e+03   0.0000000e+00  -0.0000000e+00   1.0000000e+00
   1.3400000e+03   4.6034862e-01   3.9547796e-01   1.4417342e-01
   1.3420000e+03   4.2383996e-01   4.0418197e-02   5.3574185e-01
   1.5040000e+03   4.4307543e-02   8.6738711e-01   8.8305343e-02
   1.2640000e+03   0.0000000e+00   1.0000000e+00   0.0000000e+00
   1.2500000e+03   1.1102230e-16  -0.0000000e+00   1.0000000e+00
   1.5090000e+03   5.7713205e-01   3.5709690e-03   4.1929698e-01
   1.2640000e+03   1.7467048e-03   1.4376071e-01   8.5449259e-01
   1.2500000e+03   0.0000000e+00   1.0000000e+00  -0.0000000e+00
   1.2480000e+03   7.4603377e-05   2.4020882e-15   9.9992540e-01
   1.2680000e+03   0.0000000e+00   1.0000000e+00   0.0000000e+00
   1.2660000e+03   0.0000000e+00  -0.0000000e+00   1.0000000e+00
   1.3460000e+03   7.2447108e-01   2.7552892e-01   1.7899037e-15
   1.6910000e+03   2.0958190e-03   3.7837912e-04   9.9752580e-01
   1.3490000e+03   3.2298020e-03   2.0926257e-03   9.9467757e-01
   1.2090000e+03   9.7425434e-04   9.9887850e-01   1.4724898e-04
   1.6020000e+03   0.0000000e+00   1.4475304e-03   9.9855247e-01
   1.6040000e+03   6.0656127e-04   1.2157807e-03   9.9817766e-01
   1.2080000e+03   9.9823681e-01   6.0562395e-04   1.1575653e-03
   1.6080000e+03   7.9306955e-01   2.2471269e-03   2.0468332e-01
   1.6070000e+03   5.4616684e-17   9.9976371e-01   2.3628820e-04
   1.6060000e+03   3.2270539e-04   1.7374895e-03   9.9793981e-01
   1.2050000e+03   1.1727837e-03   9.9882722e-01   0.0000000e+00
   1.2060000e+03   0.0000000e+00  -0.0000000e+00   1.0000000e+00
   1.2030000e+03   0.0000000e+00   1.0000000e+00  -0.0000000e+00
   1.6100000e+03   7.3965329e-01   2.0995550e-02   2.3935116e-01
   1.5060000e+03   9.9805531e-01   1.9446908e-03   0.0000000e+00
   1.3600000e+03   9.9850267e-01   5.9008497e-04   9.0724651e-04
   1.6130000e+03   1.2775277e-03   9.9815978e-01   5.6269422e-04
   1.2030000e+03   3.8314801e-04   6.3212319e-04   9.9898473e-01
   1.6110000e+03   9.9955811e-01   4.4189108e-04   0.0000000e+00
   1.3620000e+03   9.9854633e-01   3.9281323e-04   1.0608545e-03
   1.6170000e+03   1.6347003e-03   9.9806308e-01   3.0221538e-04
   1.2010000e+03   5.5862323e-04   9.5725632e-04   9.9848412e-01
   1.6160000e+03   9.9834188e-01   6.5412747e-04   1.0039908e-03
   1.7000000e+03   7.7393027e-05   1.2057713e-03   9.9871684e-01
   1.6240000e+03   9.9998800e-01   1.0821250e-05   1.1833911e-06
   1.2000000e+03   5.8389216e-05   9.9994161e-01   0.0000000e+00
   1.6200000e+03   9.9872601e-01   1.4470397e-04   1.1292861e-03
   1.3630000e+03   9.9560201e-01   4.3979927e-03   0.0000000e+00
   1.1970000e+03   1.8639815e-04   1.4363160e-03   9.9837729e-01
   1.6260000e+03   9.9833848e-01   5.9784050e-05   1.6017368e-03
   1.5990000e+03   9.9597593e-01   4.0240738e-03   0.0000000e+00
   1.1950000e+03   1.0000000e+00  -0.0000000e+00  -0.0000000e+00
   1.1980000e+03   2.9927436e-03   3.3423463e-05   9.9697383e-01
   1.6270000e+03   9.9486095e-01   5.1390505e-03   0.0000000e+00
   1.5190000e+03   1.5395393e-02   1.6751916e-02   9.6785269e-01
   1.6320000e+03   2.1150346e-02   3.1042842e-02   9.4780681e-01
   1.1920000e+03   9.9847860e-01   8.0359897e-05   1.4410353e-03
   1.2000000e+03   1.9809944e-03   1.4780065e-15   9.9801901e-01
   1.6340000e+03   4.2088150e-02   9.1631874e-01   4.1593114e-02
