   7.9200000e+02   9.5259118e-05   2.8935588e-04   9.9961539e-01
   6.0400000e+02   7.3225024e-04   9.9908267e-01   1.8507518e-04
   6.0500000e+02   9.9096079e-17   9.9931956e-01   6.8043977e-04
   5.7600000e+02   9.9962003e-01   1.5322648e-04   2.2674156e-04
   7.9900000e+02   2.0959544e-01   7.1332566e-01   7.7078893e-02
   6.0600000e+02   1.3556443e-05   1.5041001e-03   9.9848234e-01
   5.7800000e+02   3.1438065e-01   2.7254751e-02   6.5836459e-01
   6.7200000e+02   8.0134605e-01   5.6345849e-02   1.4230810e-01
   6.9600000e+02   6.5168569e-02   1.2665773e-01   8.0817371e-01
   8.0200000e+02   4.3509103e-01   3.9433851e-01   1.7057046e-01
   6.9700000e+02   4.8159743e-02   9.2639054e-01   2.5449722e-02
   6.0700000e+02   9.9898886e-01   4.4776573e-04   5.6337789e-04
   6.7900000e+02   6.3362889e-04   4.1510091e-04   9.9895127e-01
   5.7100000e+02   9.9920789e-01   4.6897170e-04   3.2313733e-04
   7.7100000e+02   2.9586835e-04   9.9902049e-01   6.8364384e-04
   6.0900000e+02   9.9902345e-01   7.8240809e-04   1.9414313e-04
   6.8100000e+02   7.7006475e-04   3.1147785e-04   9.9891846e-01
   5.7000000e+02   9.9966971e-01   2.9951548e-04   3.0778771e-05
   7.6100000e+02   2.0958276e-04   9.9921601e-01   5.7440973e-04
   7.4700000e+02   4.6316207e-04   3.3074885e-04   9.9920609e-01
   6.1100000e+02   3.0282742e-04   9.9954040e-01   1.5677252e-04
   6.8300000e+02   3.4524616e-04   4.4105456e-04   9.9921370e-01
   8.5400000e+02   7.3363919e-01   2.5236343e-01   1.3997385e-02
   6.1300000e+02   0.0000000e+00   1.0000000e+00  -0.0000000e+00
   6.8400000e+02   0.0000000e+00   2.1587670e-04   9.9978412e-01
   5.8600000e+02   1.0304819e-04   9.9956815e-01   3.2880517e-04
   8.7700000e+02   1.4833330e-04   9.9949966e-01   3.5200432e-04
   6.7000000e+02   7.3823147e-01   7.3167708e-02   1.8860083e-01
   6.9000000e+02   3.6477200e-02   6.7629959e-01   2.8722321e-01
   6.8800000e+02   7.1517079e-01   2.4247754e-01   4.2351670e-02
   5.6400000e+02   9.9942907e-01   1.7077580e-05   5.5385535e-04
   8.5600000e+02   3.1696245e-03   1.4351476e-02   9.8247890e-01
   5.7400000e+02   9.9958188e-01   3.1280724e-04   1.0531472e-04
   3.7100000e+02   1.6268100e-02   7.6469746e-02   9.0726215e-01
   8.1500000e+02   2.3917509e-04   9.9947453e-01   2.8629633e-04
   5.2400000e+02   3.0773331e-04   3.5199704e-04   9.9934027e-01
   6.1900000e+02   9.9957586e-01   2.9757386e-04   1.2656824e-04
   7.8800000e+02   4.6594045e-04   9.9936143e-01   1.7262476e-04
   5.6000000e+02   9.9954607e-01   3.1113021e-04   1.4280208e-04
   6.9900000e+02   9.9950673e-01   1.4053782e-04   3.5273289e-04
   7.6700000e+02   3.5830507e-04   4.1007749e-04   9.9923162e-01
   7.6500000e+02   9.9968810e-01   1.0124033e-04   2.1065847e-04
   6.2100000e+02   3.7631401e-04   3.4374435e-04   9.9927994e-01
   7.1100000e+02   2.4408610e-04   9.9941583e-01   3.4008632e-04
   5.5600000e+02   3.2751664e-04   2.7648384e-04   9.9939600e-01
   7.0600000e+02   2.2815570e-04   9.9969754e-01   7.4303402e-05
   6.2300000e+02   3.2478118e-04   3.0810544e-04   9.9936711e-01
   8.8600000e+02   2.1823854e-04   9.9943576e-01   3.4599940e-04
   7.0200000e+02   3.2594941e-04   2.6414268e-04   9.9940991e-01
   7.0400000e+02   3.5053118e-04   9.9963445e-01   1.5022901e-05
   6.2500000e+02   3.5955630e-04   2.3486157e-04   9.9940558e-01
   8.8400000e+02   2.7283354e-04   9.9936972e-01   3.5744883e-04
   5.9500000e+02   9.5930606e-04   9.9865987e-01   3.8082082e-04
   8.9100000e+02   1.9099216e-04   9.9952041e-01   2.8859399e-04
   7.1800000e+02   6.6158618e-04   2.1682418e-02   9.7765600e-01
   7.2100000e+02   9.9967852e-01   3.2147886e-04   0.0000000e+00
   8.7500000e+02   5.7151510e-05   9.9963081e-01   3.1203815e-04
   5.8400000e+02   2.6310612e-06   9.9975362e-01   2.4374479e-04
   5.8800000e+02   1.3620427e-04   9.9948351e-01   3.8028920e-04
   7.1300000e+02   9.9964345e-01   1.3772827e-04   2.1882473e-04
   5.4700000e+02   1.7164662e-04   9.9951433e-01   3.1402383e-04
   7.0900000e+02   9.9967861e-01   1.4975199e-04   1.7163678e-04
   5.4900000e+02   2.4186556e-04   9.9942254e-01   3.3559419e-04
   5.6700000e+02   0.0000000e+00   1.0000000e+00  -0.0000000e+00
   7.2300000e+02   7.2256349e-05   9.9985180e-01   7.5943480e-05
   8.7900000e+02   1.1432691e-04   9.9954686e-01   3.3881727e-04
   5.9000000e+02   9.9963806e-01   1.3638200e-04   2.2555959e-04
   7.2000000e+02   8.3136111e-05   2.2368362e-04   9.9969318e-01
   6.4500000e+02   9.9960234e-01   2.2113032e-04   1.7653362e-04
   9.6600000e+02   3.6987331e-04   9.9948391e-01   1.4621933e-04
   9.1000000e+02   3.6335697e-05   3.3059461e-04   9.9963307e-01
   9.6400000e+02   1.4451962e-04   2.4299199e-04   9.9961249e-01
   7.8900000e+02   2.0698045e-09   9.9963909e-01   3.6090605e-04
   7.7900000e+02   4.1613898e-04   4.3778837e-04   9.9914607e-01
   5.3300000e+02   4.2848266e-04   9.9926512e-01   3.0639799e-04
   7.7700000e+02   9.9959607e-01   8.5279474e-05   3.1864851e-04
   8.0000000e+02   6.7625170e-04   9.9914365e-01   1.8010192e-04
   5.2900000e+02   7.1737417e-05   3.3181190e-04   9.9959645e-01
   7.9100000e+02   9.9960166e-01   4.8548810e-05   3.4978860e-04
   5.1800000e+02   9.9964833e-01   1.6239085e-04   1.8927527e-04
   7.8700000e+02   9.9963608e-01   1.7062998e-04   1.9328776e-04
   8.7400000e+02   3.0705963e-05   7.5286773e-04   9.9921643e-01
   6.5000000e+02   9.9861918e-01   1.3010834e-03   7.9735876e-05
   5.2700000e+02   1.1681922e-03   9.9844822e-01   3.8359164e-04
   5.7700000e+02   8.3311070e-05   9.9893783e-01   9.7885460e-04
   3.6000000e+01   9.9959967e-01   3.5998361e-04   4.0342441e-05
   9.5300000e+02   9.9961002e-01   4.5889153e-05   3.4408989e-04
   9.3500000e+02   1.3525796e-04   3.8221575e-04   9.9948253e-01
   9.3600000e+02   3.9144155e-05   9.9960843e-01   3.5242757e-04
   9.0600000e+02   1.5809195e-06   4.2338230e-04   9.9957504e-01
   9.5500000e+02   9.9955216e-01   1.9516973e-05   4.2832749e-04
   6.9100000e+02   2.7668528e-04   9.9947361e-01   2.4970938e-04
   6.6000000e+02   2.9168540e-04   9.9933367e-01   3.7464509e-04
   5.6500000e+02   3.2405772e-04   9.9915682e-01   5.1912116e-04
   8.1000000e+02   2.6104195e-04   9.9964587e-01   9.3088397e-05
   6.6300000e+02   3.4998067e-04   2.6941961e-04   9.9938060e-01
   8.2000000e+02   3.4465553e-04   3.4449744e-04   9.9931085e-01
   5.1900000e+02   2.9944240e-04   9.9933388e-01   3.6667929e-04
   8.1700000e+02   9.9966128e-01   8.3255678e-05   2.5546549e-04
   6.6500000e+02   3.1769768e-04   3.2486461e-04   9.9935744e-01
   6.6700000e+02   3.9367308e-04   2.6536728e-04   9.9934096e-01
   8.9600000e+02   1.8856830e-04   9.9942419e-01   3.8724544e-04
   8.2300000e+02   9.9957599e-01   1.9809674e-04   2.2590960e-04
   6.6900000e+02   4.0299705e-04   2.6616815e-04   9.9933083e-01
   9.9200000e+02   4.9840716e-05   9.9971530e-01   2.3485631e-04
   9.4100000e+02   3.0257588e-04   1.3567532e-04   9.9956175e-01
   9.8900000e+02   1.9903029e-04   1.5190246e-04   9.9964907e-01
   8.9400000e+02  -4.7460950e-17   9.9977961e-01   2.2038548e-04
   9.8600000e+02   9.9969292e-01   1.2195195e-04   1.8512900e-04
   9.4300000e+02   4.2299519e-04   3.3892295e-04   9.9923808e-01
   9.1300000e+02   1.5097515e-15   9.9969691e-01   3.0308817e-04
   9.4400000e+02   2.6743362e-04   9.9973257e-01   0.0000000e+00
   9.4500000e+02   9.1855124e-05   9.9980183e-01   1.0631097e-04
   9.4900000e+02   2.6779675e-04   7.4787323e-05   9.9965742e-01
   9.7500000e+02   2.7798912e-05   9.9970659e-01   2.6560964e-04
   9.4600000e+02   1.1835384e-05   9.9971432e-01   2.7384688e-04
   9.1200000e+02   3.1530291e-04   9.9968470e-01   6.6668833e-16
   9.5600000e+02   0.0000000e+00   3.4575565e-04   9.9965424e-01
   3.5600000e+02   4.5651458e-01   5.4133689e-01   2.1485223e-03
   8.5700000e+02   9.9529924e-01   4.3238965e-04   4.2683706e-03
   7.3100000e+02   1.0000000e+00  -0.0000000e+00  -0.0000000e+00
   7.6800000e+02   1.6581133e-04   9.9881558e-01   1.0186135e-03
   5.3700000e+02   1.5651796e-04   9.9906046e-01   7.8302585e-04
   7.7200000e+02   4.0014605e-04   9.9821497e-01   1.3848803e-03
   8.4600000e+02   4.4873880e-02   9.3699991e-01   1.8126209e-02
   5.2100000e+02   2.2708246e-04   9.9950008e-01   2.7283497e-04
   8.3200000e+02   6.9652312e-04   6.6637217e-04   9.9863710e-01
   8.1100000e+02   2.7256540e-04   9.9938403e-01   3.4340155e-04
   5.6300000e+02   2.8086804e-04   9.9931651e-01   4.0262655e-04
   7.5200000e+02   2.7330617e-05   3.0428891e-04   9.9966838e-01
   7.5300000e+02   4.2123783e-04   1.6657333e-15   9.9957876e-01
   5.4000000e+02   8.8900031e-05   9.9969473e-01   2.1637393e-04
   7.5100000e+02   3.4882148e-04   1.0721739e-04   9.9954396e-01
   3.4800000e+02   9.9440526e-01   3.1646786e-03   2.4300620e-03
   5.5400000e+02   3.9846480e-03   6.0246887e-16   9.9601535e-01
   7.6200000e+02   3.4028320e-04   9.9944739e-01   2.1232496e-04
   7.4900000e+02   4.3399135e-04   9.9918920e-01   3.7680521e-04
   5.5700000e+02   2.9708061e-04   6.1088809e-05   9.9964183e-01
   5.5100000e+02   6.1071357e-03   9.9381419e-01   7.8672400e-05
   9.1800000e+02   2.3208200e-01   7.5336246e-01   1.4555543e-02
   9.1500000e+02   2.5571025e-04   1.3877052e-04   9.9960552e-01
   9.1600000e+02   8.4554812e-05   9.9964951e-01   2.6593711e-04
   9.2000000e+02   1.3863085e-05   9.9979372e-01   1.9241302e-04
   9.5900000e+02   1.7157571e-04   9.9980746e-01   2.0968607e-05
   9.2200000e+02   2.1626658e-04   9.9955976e-01   2.2397581e-04
   9.0400000e+02   9.9974537e-01   4.8218331e-05   2.0640807e-04
   9.2400000e+02   3.9000467e-04   9.9937469e-01   2.3530827e-04
   9.6000000e+02   4.2433189e-04   1.0170315e-04   9.9947396e-01
   7.0100000e+02   9.8144080e-01   1.2145568e-02   6.4136330e-03
   9.8300000e+02   3.2150365e-04   1.5698770e-04   9.9952151e-01
   9.2900000e+02   1.6324231e-03   7.5136296e-01   2.4700462e-01
   8.8300000e+02   6.6273764e-04   9.9901444e-01   3.2282146e-04
   7.1700000e+02   1.3778757e-02   9.8443553e-01   1.7857136e-03
   8.7600000e+02   9.9969697e-01   5.6312431e-05   2.4671602e-04
   5.8500000e+02   9.9981111e-01   5.5417426e-05   1.3347229e-04
   5.9700000e+02   1.0944893e-03   9.9855525e-01   3.5026329e-04
   8.8400000e+02   6.1122811e-01   3.8684985e-01   1.9220340e-03
   7.1800000e+02   9.9935231e-01   3.1980235e-04   3.2788522e-04
   7.1700000e+02   8.3077968e-03   5.5566717e-01   4.3602503e-01
   8.8200000e+02   9.9974363e-01   1.1118203e-15   2.5637190e-04
   8.8200000e+02   3.8470955e-03   7.1584958e-03   9.8899441e-01
   6.0100000e+02   1.3663860e-03   9.9831871e-01   3.1490828e-04
   9.3100000e+02   7.0127358e-03   3.8572313e-01   6.0726414e-01
   9.6200000e+02   7.7054870e-05   9.9965824e-01   2.6470298e-04
   8.9000000e+02   9.9977204e-01   1.1268368e-04   1.1527647e-04
   6.0000000e+02   9.9978237e-01   1.2180876e-05   2.0545230e-04
   2.6700000e+02   1.1224164e-03   7.6932311e-04   9.9810826e-01
   2.2900000e+02   5.1181146e-03   2.2736854e-02   9.7214503e-01
   3.6100000e+02  -1.1102230e-16   4.9975076e-01   5.0024924e-01
   8.3600000e+02   3.2466024e-04   2.4335753e-15   9.9967534e-01
   8.4400000e+02   9.9976284e-01   1.0089931e-04   1.3626496e-04
   3.7000000e+02   5.3427132e-01   4.5177480e-01   1.3953878e-02
   8.5300000e+02  -1.1102230e-16   2.1013952e-03   9.9789860e-01
   8.3500000e+02   4.9969467e-01   5.0030533e-01  -0.0000000e+00
   8.5000000e+02   9.9952538e-01   4.7462051e-04   3.4682373e-15
   8.5200000e+02   9.9869236e-01   1.0430425e-03   2.6460209e-04
   8.5600000e+02   9.9955612e-01   9.9192376e-05   3.4468721e-04
   3.5200000e+02   5.0029760e-01   4.9970240e-01  -0.0000000e+00
   8.3800000e+02   2.8069259e-06   2.3902577e-04   9.9975817e-01
   7.5900000e+02   1.7638343e-15   9.9956213e-01   4.3786949e-04
   3.7900000e+02   7.2552146e-03   9.6812039e-01   2.4624397e-02
   4.9000000e+01   9.9932663e-01   5.0008586e-04   1.7328757e-04
   3.2100000e+02   2.3174166e-04   9.9911061e-01   6.5764493e-04
   1.2200000e+02   1.7446359e-04   9.9911249e-01   7.1304665e-04
   3.1300000e+02   9.9941567e-01   4.7674662e-04   1.0758292e-04
   1.9200000e+02   3.3009843e-01   4.6658209e-01   2.0331948e-01
   4.7000000e+01   6.8902669e-04   9.9846424e-01   8.4673553e-04
   3.1800000e+02   9.2366502e-04   6.0064908e-04   9.9847569e-01
   3.2300000e+02   4.1831975e-02   7.9723445e-01   1.6093357e-01
   9.8000000e+01   3.9238776e-03   3.2641981e-01   6.6965632e-01
   8.2000000e+01   2.0577209e-01   1.2359598e-01   6.7063194e-01
   1.8900000e+02   9.9762380e-03   3.6223415e-01   6.2778961e-01
   2.1500000e+02   3.3908719e-03   4.0837952e-01   5.8822961e-01
   2.9300000e+02   2.5226991e-04   9.9941790e-01   3.2982959e-04
   2.9600000e+02   6.6613381e-16   1.2812139e-03   9.9871879e-01
   2.9200000e+02   9.9961972e-01   3.6527898e-04   1.5000773e-05
   5.6000000e+01   9.9964501e-01   3.1187697e-05   3.2380429e-04
   1.3000000e+02   2.4097603e-04   3.5473309e-04   9.9940429e-01
   2.0000000e+02   9.9971017e-01   2.8982915e-04   0.0000000e+00
   2.8200000e+02   9.9971654e-01   1.1766639e-04   1.6579218e-04
   2.8100000e+02   1.8503379e-04   9.9966973e-01   1.4523238e-04
   2.6800000e+02   1.1239866e-04   9.9936982e-01   5.1778518e-04
   2.8300000e+02   2.7314532e-04   9.9971491e-01   1.1947647e-05
   1.3100000e+02   2.6970377e-04   9.9972286e-01   7.4363382e-06
   1.3400000e+02   3.4815606e-01   1.9641112e-02   6.3220283e-01
   2.8000000e+02   9.9963233e-01   3.6767155e-04   0.0000000e+00
   1.3400000e+02   9.9996327e-01   1.1076053e-06   3.5625816e-05
   1.0600000e+02   1.6108907e-04   9.9983009e-01   8.8162184e-06
   4.0000000e+02   1.4897474e-04   9.9979911e-01   5.1915074e-05
   1.3700000e+02   1.2680818e-02   2.6768596e-01   7.1963322e-01
   2.1000000e+02   3.1631611e-01   7.0811709e-03   6.7660272e-01
   2.9500000e+02   9.9808747e-01   1.9125326e-03   1.5334425e-15
   3.7100000e+02   4.1031279e-04   9.9886046e-01   7.2922465e-04
   3.7800000e+02   1.7151653e-04   9.9974826e-01   8.0222750e-05
   3.6600000e+02   2.0199526e-04   9.9954201e-01   2.5599321e-04
   1.9900000e+02   8.6898737e-04   3.7790393e-04   9.9875311e-01
   1.3900000e+02   3.6578481e-04   9.9908614e-01   5.4807091e-04
   2.2100000e+02   3.8409208e-04   9.9944783e-01   1.6807763e-04
   9.2000000e+01   3.5556750e-04   9.9957831e-01   6.6125064e-05
   2.8700000e+02   9.9972107e-01   2.7892952e-04   0.0000000e+00
   9.0000000e+01   2.3837218e-04   9.9970835e-01   5.3277150e-05
   1.4000000e+02   9.9971888e-01   2.7947947e-04   1.6379949e-06
   1.4300000e+02   9.1881401e-05   9.5887702e-05   9.9981223e-01
   1.4200000e+02   0.0000000e+00   8.7981630e-05   9.9991202e-01
   7.4000000e+01   1.7266238e-04   1.6803514e-04   9.9965930e-01
   2.2800000e+02   8.0366486e-17   9.9981962e-01   1.8038139e-04
   1.4500000e+02   0.0000000e+00   1.0822227e-04   9.9989178e-01
   2.2200000e+02   9.9994648e-01   2.0066819e-05   3.3451215e-05
   7.6000000e+01   2.3158413e-05   2.5978850e-05   9.9995086e-01
   2.3200000e+02   1.6201850e-05   9.9995970e-01   2.4100285e-05
   4.0600000e+02   1.0194481e-04   9.9982219e-01   7.5861326e-05
   1.1300000e+02   1.6562160e-04   9.9940250e-01   4.3187982e-04
   4.1300000e+02   1.4363846e-04   7.0057041e-05   9.9978630e-01
   4.1600000e+02   1.6503340e-04   9.9963916e-01   1.9580865e-04
   2.4800000e+02   2.6477519e-04   9.9973522e-01   4.3163114e-16
   8.7000000e+01   2.5609928e-04   9.9974390e-01   4.6974255e-16
   2.4700000e+02   1.0571043e-06   2.2832965e-04   9.9977061e-01
   2.4300000e+02   4.3579300e-05   2.4070330e-04   9.9971572e-01
   9.0000000e+00   5.3365426e-04   0.0000000e+00   9.9946635e-01
   3.9700000e+02   1.0478082e-04   7.1275089e-05   9.9982394e-01
   1.0300000e+02   5.5643567e-05   1.2053379e-04   9.9982382e-01
   2.3600000e+02   9.4129137e-05   9.9983841e-01   6.7457858e-05
   1.0800000e+02   1.3350713e-04   9.9984930e-01   1.7189126e-05
   2.3500000e+02   3.0347202e-05   0.0000000e+00   9.9996965e-01
   6.8000000e+01   4.9486217e-05   9.9993963e-01   1.0887528e-05
   7.1000000e+01   2.1962228e-06   9.9984290e-01   1.5489979e-04
   1.5900000e+02   9.9992695e-01   2.0657285e-16   7.3051239e-05
   2.4900000e+02   5.4318529e-17   9.9980037e-01   1.9963073e-04
   2.0400000e+02   1.3322676e-15   2.8346630e-04   9.9971653e-01
   6.2000000e+01   2.0425822e-04   9.0393962e-16   9.9979574e-01
   1.6300000e+02   9.9972555e-01   2.6461913e-05   2.4798419e-04
   2.4500000e+02   3.4494705e-15   9.9983184e-01   1.6815750e-04
   4.0100000e+02   1.1858454e-04   8.0288531e-05   9.9980113e-01
   1.0900000e+02   1.7186581e-04   1.3812243e-04   9.9969001e-01
   2.4000000e+02   9.9983458e-01   1.6541861e-04   2.0729998e-15
   3.0000000e+02   5.9311566e-04   1.4541040e-04   9.9926147e-01
   1.6500000e+02   1.9245663e-04   9.9950347e-01   3.0407459e-04
   4.8700000e+02   9.9935571e-01   4.0915887e-04   2.3513295e-04
   5.3000000e+01   2.0811241e-04   9.9908049e-01   7.1139536e-04
   3.0900000e+02   2.3578289e-04   9.9900709e-01   7.5712992e-04
   1.6700000e+02   1.6446584e-04   9.9936548e-01   4.7005572e-04
   2.9800000e+02   1.9022880e-04   9.9942188e-01   3.8789257e-04
   8.0000000e+01   2.2173006e-04   9.9935499e-01   4.2327774e-04
   1.6900000e+02   4.0190246e-04   3.2230324e-04   9.9927579e-01
   3.1200000e+02   2.3214356e-04   9.9904522e-01   7.2264038e-04
   9.4000000e+01   2.7598664e-04   9.9860211e-01   1.1219082e-03
   3.0800000e+02   1.5790331e-04   9.9959556e-01   2.4654049e-04
   9.6000000e+01   1.0766420e-04   9.9945089e-01   4.4144499e-04
   1.9500000e+02   5.8629885e-04   1.5511908e-04   9.9925858e-01
   1.9300000e+02   5.0009823e-04   6.0499804e-04   9.9889490e-01
   3.9600000e+02   3.3003973e-04   1.0189927e-04   9.9956806e-01
   1.7100000e+02   8.5166913e-04   3.7973539e-04   9.9876860e-01
   3.1600000e+02   4.7312517e-04   9.9946011e-01   6.6762155e-05
   2.1600000e+02   1.7087591e-03   9.9829124e-01   0.0000000e+00
   3.0400000e+02   2.1736947e-04   9.9970617e-01   7.6456408e-05
   9.8000000e+01   3.3306721e-04   9.9949740e-01   1.6953050e-04
   1.9100000e+02   5.3230102e-04   4.4170329e-04   9.9902600e-01
   1.7300000e+02   9.9970035e-01   1.8732996e-04   1.1231858e-04
   1.7600000e+02   3.4884699e-04   3.1013107e-04   9.9934102e-01
   4.9200000e+02   1.6104870e-04   9.9976453e-01   7.4424018e-05
   3.8000000e+01   1.7905050e-04   9.9971539e-01   1.0556008e-04
   3.0600000e+02   2.2012808e-04   2.4526193e-04   9.9953461e-01
   4.5800000e+02   2.2148750e-04   2.0250982e-04   9.9957600e-01
   4.3300000e+02   9.9958829e-01   1.6993962e-04   2.4177283e-04
   4.8900000e+02   2.1348811e-04   9.9950965e-01   2.7686476e-04
   4.9500000e+02   2.0179663e-04   9.9962084e-01   1.7736422e-04
   4.6000000e+02   1.3185686e-04   9.9984756e-01   2.0579627e-05
   4.7700000e+02   1.2054415e-04   9.1239014e-05   9.9978822e-01
   4.3100000e+02   2.4543435e-04   9.9956323e-01   1.9133827e-04
   4.6200000e+02   2.5763848e-04   8.7649211e-16   9.9974236e-01
   5.0000000e+02   8.2958539e-05   9.9984353e-01   7.3515210e-05
   4.2500000e+02   1.4331655e-04   9.9963124e-01   2.2543894e-04
   4.9400000e+02   2.4733611e-04   2.2374427e-04   9.9952892e-01
   3.0200000e+02   2.0555713e-04   1.6117818e-04   9.9963326e-01
   3.2800000e+02   1.8903903e-04   9.9977487e-01   3.6087577e-05
   1.1000000e+01   2.4040252e-04   9.9971193e-01   4.7669867e-05
   3.2400000e+02   1.6305168e-04   8.2543450e-06   9.9982869e-01
   5.1000000e+01   1.7598907e-04   6.4053948e-06   9.9981761e-01
   8.3000000e+01   2.4969936e-04   9.9955022e-01   2.0007935e-04
   3.3200000e+02   2.0864039e-04   9.9958901e-01   2.0235410e-04
   1.7900000e+02   1.9378360e-04   9.9969627e-01   1.0994404e-04
   2.1000000e+02   9.9981178e-01   9.4507433e-05   9.3714237e-05
   1.8200000e+02   1.2631391e-04   1.2178786e-04   9.9975190e-01
   3.3100000e+02   9.9984402e-01   1.3801240e-04   1.7963111e-05
   4.4000000e+01   1.9543972e-04   2.0199553e-04   9.9960256e-01
   3.3600000e+02   1.2595702e-04   9.9968045e-01   1.9359796e-04
   1.8400000e+02   1.0003662e-04   1.0065318e-04   9.9979931e-01
   3.3900000e+02   5.7214255e-05   9.9990594e-01   3.6847969e-05
   4.1000000e+01   7.2359905e-05   9.9975327e-01   1.7437290e-04
   3.3500000e+02   1.8155020e-04   1.7481589e-04   9.9964363e-01
   1.8600000e+02   8.8560588e-05   8.4056724e-05   9.9982738e-01
   4.2100000e+02   7.3199910e-16   9.9980008e-01   1.9991763e-04
   4.6000000e+01   1.5780562e-04   1.3810745e-04   9.9970409e-01
   3.4200000e+02   8.2973269e-05   9.9983623e-01   8.0800814e-05
   3.4400000e+02   4.8060274e-06   4.1341507e-05   9.9995385e-01
   3.4500000e+02   9.4762559e-05   1.5274765e-15   9.9990524e-01
   3.4100000e+02   3.4156344e-05   3.6700789e-05   9.9992914e-01
   5.1600000e+02   6.5412954e-05   9.9992027e-01   1.4318044e-05
   4.2400000e+02   1.0434069e-04   6.0423305e-05   9.9983524e-01
   5.0300000e+02   2.4164304e-05   9.9984850e-01   1.2733627e-04
   4.6300000e+02   9.9986560e-01   1.3439628e-04   2.8705429e-15
   5.1200000e+02   9.9991056e-01   1.8482034e-05   7.0959493e-05
   4.1800000e+02   6.9846002e-05   9.9992725e-01   2.9007639e-06
   5.1000000e+02   9.8657963e-05   5.7510636e-05   9.9984383e-01
   5.0600000e+02  -1.1102230e-16   9.7607963e-05   9.9990239e-01
   5.1300000e+02   1.2223615e-04   9.9982504e-01   5.2720473e-05
   4.6700000e+02   1.3053146e-04   9.9984635e-01   2.3115210e-05
   4.9700000e+02   1.1831099e-04   9.9978805e-01   9.3642793e-05
   4.6900000e+02   6.7120704e-05   4.5538224e-05   9.9988734e-01
   4.8000000e+02   9.9982488e-01   5.6993426e-05   1.1812307e-04
   4.3000000e+02   9.9982158e-01   7.7094380e-05   1.0132177e-04
   8.5500000e+02   2.6393420e-03   0.0000000e+00   9.9736066e-01
   2.5300000e+02   8.3270967e-07   3.1769817e-04   9.9968147e-01
   2.9000000e+02   2.5318831e-16   9.9975887e-01   2.4112832e-04
   5.7000000e+01   6.6613381e-16   3.4734663e-04   9.9965265e-01
   5.5000000e+01   3.0242134e-02   9.3694439e-01   3.2813478e-02
   3.3400000e+02   9.9849065e-01   9.0618933e-04   6.0315793e-04
   3.3300000e+02   1.1554818e-02   5.1746797e-01   4.7097721e-01
   3.6000000e+02  -1.6185106e-17   9.9998114e-01   1.8864230e-05
   3.5900000e+02   9.5884540e-05   9.9990412e-01   1.6255525e-15
   2.7200000e+02   2.8663224e-08   9.9967067e-01   3.2929889e-04
   7.7000000e+01   0.0000000e+00   4.3381215e-17   1.0000000e+00
   2.8400000e+02   7.5290614e-05   9.9971196e-01   2.1275193e-04
   2.8400000e+02   3.1006993e-05   1.3250324e-05   9.9995574e-01
   7.7000000e+01   1.0106749e-04   9.9980192e-01   9.7009654e-05
   8.2700000e+02   9.9968849e-01   3.1151112e-04  -0.0000000e+00
   8.6100000e+02   2.9373175e-04   9.9853394e-01   1.1723261e-03
   8.2600000e+02   3.0571130e-04   6.0441145e-04   9.9908988e-01
   3.9200000e+02   3.2532501e-05   9.9852339e-04   9.9896894e-01
   3.9000000e+02   1.5591126e-04   9.1361472e-04   9.9893047e-01
   1.2100000e+02   7.8331702e-05   6.1887330e-04   9.9930279e-01
   3.8200000e+02   3.3148227e-04   9.9956469e-01   1.0382960e-04
   1.0200000e+02   2.0873850e-05   2.7509952e-04   9.9970403e-01
   4.4000000e+02   1.5196658e-04   9.9982068e-01   2.7356599e-05
   4.8100000e+02   1.3815368e-04   9.9982525e-01   3.6600115e-05
   4.4600000e+02   1.2736324e-04   9.9987190e-01   7.3842615e-07
   4.2800000e+02   1.4141402e-04   1.1334679e-04   9.9974524e-01
   4.4800000e+02   1.1439581e-04   9.9981188e-01   7.3726329e-05
   4.8300000e+02   1.3088887e-04   9.9984976e-01   1.9350286e-05
   4.1000000e+02   6.1593437e-03   1.1144210e-02   9.8269645e-01
   1.8800000e+02   1.0161958e-05   1.0243549e-05   9.9997959e-01
   4.5100000e+02   2.0247436e-01   7.8590943e-01   1.1616206e-02
   4.0400000e+02   1.7098542e-04   9.9934856e-01   4.8045767e-04
   4.0000000e+02   9.7180433e-01   9.9101935e-04   2.7204650e-02
   1.0600000e+02   9.8794913e-01   8.7430115e-03   3.3078560e-03
   1.0400000e+02   1.6251442e-04   2.2042534e-05   9.9981544e-01
   1.1500000e+02   1.4288607e-04   9.9955243e-01   3.0468611e-04
   2.3900000e+02   4.4716424e-04   1.8222864e-04   9.9937061e-01
   1.1100000e+02   1.8845149e-04   3.8299614e-04   9.9942855e-01
   1.1000000e+02   4.9342689e-01   5.0443202e-01   2.1410891e-03
   1.1900000e+02   1.3446752e-04   9.9929392e-01   5.7160803e-04
   4.5400000e+02   9.9983866e-01   1.5697859e-04   4.3610058e-06
   4.8500000e+02   1.1770886e-04   3.0181493e-05   9.9985211e-01
   4.5600000e+02   9.9984093e-01   5.0462174e-05   1.0860652e-04
   1.9150000e+03   3.6024494e-04   1.7947711e-04   9.9946028e-01
   1.9440000e+03   1.9757948e-04   9.9972404e-01   7.8378619e-05
   4.0000000e+00   1.1023053e-06   9.9992812e-01   7.0774689e-05
   1.9340000e+03   9.9972262e-01   1.5070165e-04   1.2667732e-04
   1.9130000e+03   4.0985024e-04   4.4121712e-04   9.9914893e-01
   1.9210000e+03   2.2976238e-02   6.7858853e-02   9.0916491e-01
   1.9460000e+03   2.2918782e-04   9.9967264e-01   9.8168258e-05
   1.9200000e+03   2.1987804e-04   9.9973468e-01   4.5444844e-05
   1.9230000e+03   1.7517944e-04   3.4368379e-06   9.9982138e-01
   1.9230000e+03   6.0379884e-05   9.9989006e-01   4.9557598e-05
   1.9460000e+03   2.0600470e-09   8.8249495e-05   9.9991175e-01
   1.9110000e+03   9.9979449e-01   7.4715908e-05   1.3079409e-04
   1.9250000e+03   5.6074164e-05   5.3786958e-05   9.9989014e-01
   2.7700000e+02   1.5497028e-04   1.4662391e-04   9.9969841e-01
   3.0000000e+00   9.9998122e-01   1.8778493e-05   0.0000000e+00
   1.9490000e+03   4.8714764e-05   1.2342364e-10   9.9995129e-01
   2.7900000e+02   1.7763568e-15   2.5369975e-04   9.9974630e-01
   2.8500000e+02   1.8297223e-04   1.0041224e-04   9.9971662e-01
   2.0440000e+03   2.2296554e-04   9.9928102e-01   4.9601341e-04
   1.9970000e+03   2.4511852e-04   9.9946987e-01   2.8500975e-04
   2.0340000e+03   9.9944193e-01   3.1936962e-04   2.3870439e-04
   1.9730000e+03   4.6753296e-04   2.2606436e-04   9.9930640e-01
   1.8970000e+03   2.6689835e-04   9.9941509e-01   3.1801643e-04
   1.9430000e+03   1.3789162e-04   1.1332646e-04   9.9974878e-01
   1.6000000e+02   1.0000000e+00  -0.0000000e+00  -0.0000000e+00
   1.8990000e+03   0.0000000e+00   1.0000000e+00  -0.0000000e+00
   1.9300000e+03   7.8519780e-10   5.7110318e-05   9.9994289e-01
   1.9310000e+03   8.6957733e-05   1.4192272e-16   9.9991304e-01
   1.9030000e+03   9.9978547e-01   1.6243099e-05   1.9828658e-04
   2.0240000e+03   5.5328260e-05   9.9969865e-01   2.4602039e-04
   2.0300000e+02   7.1153106e-05   2.1916638e-04   9.9970968e-01
   1.9510000e+03   2.0210292e-04   9.9973141e-01   6.6486660e-05
   2.0380000e+03   9.9977537e-01   4.0760416e-05   1.8387006e-04
   1.9010000e+03   9.9995118e-01   4.8820189e-05   1.7902827e-15
   1.9320000e+03   1.6196053e-04   9.9962006e-01   2.1797514e-04
   2.0660000e+03   2.2060254e-04   9.9938411e-01   3.9529212e-04
   2.0050000e+03   2.2931709e-04   9.9947193e-01   2.9875724e-04
   2.0370000e+03   2.0626253e-04   9.9947568e-01   3.1805679e-04
   2.0670000e+03   9.9972445e-01   8.9094456e-16   2.7555369e-04
   1.9270000e+03   6.8955587e-04   1.6286153e-04   9.9914758e-01
   2.0680000e+03   9.9947667e-01   2.8150708e-04   2.4182008e-04
   1.9050000e+03   9.9944145e-01   5.5855331e-04   5.0057736e-16
   1.9260000e+03   9.9981435e-01   1.8565471e-04   9.0049746e-18
   1.9680000e+03   2.3096026e-04   9.9923063e-01   5.3840806e-04
   2.0700000e+03   2.3721780e-04   9.9901998e-01   7.4280686e-04
   2.0060000e+03   2.4926656e-04   9.9912758e-01   6.2315675e-04
   2.0490000e+03   2.3552559e-04   9.9942249e-01   3.4198536e-04
   1.9870000e+03   2.4733477e-04   9.9931009e-01   4.4257655e-04
   2.0460000e+03   2.4645653e-04   9.9914768e-01   6.0586446e-04
   1.9660000e+03   9.9932303e-01   4.4623593e-04   2.3072935e-04
   2.0500000e+03   2.4015003e-04   9.9924667e-01   5.1317643e-04
   2.0580000e+03   2.5740566e-04   9.9963858e-01   1.0400948e-04
   2.0290000e+03   9.9971472e-01   4.0003454e-05   2.4527756e-04
   1.9770000e+03   1.1251826e-04   3.0811286e-04   9.9957937e-01
   2.0560000e+03   2.7939277e-04   9.9949574e-01   2.2486563e-04
   2.0140000e+03   1.8471592e-04   9.2466373e-05   9.9972282e-01
   2.0310000e+03   9.9967794e-01   1.6687307e-04   1.5518915e-04
   1.9750000e+03   2.1926641e-04   3.1766618e-04   9.9946307e-01
   2.0640000e+03   2.3920159e-04   9.9969895e-01   6.1853316e-05
   2.0550000e+03   2.3357197e-04   2.3581718e-04   9.9953061e-01
   2.0180000e+03   1.3663503e-04   8.4191752e-05   9.9977917e-01
   2.0600000e+03   1.8405020e-04   4.4060496e-05   9.9977189e-01
   1.9640000e+03   2.3629601e-04   9.9948483e-01   2.7887407e-04
   1.9550000e+03   1.2081053e-04   2.8610512e-04   9.9959308e-01
   1.9280000e+03   2.9302591e-04   9.9959242e-01   1.1455491e-04
   2.0570000e+03   1.8156334e-02   4.9069844e-03   9.7693668e-01
   2.0530000e+03   2.3024701e-04   9.9971794e-01   5.1808155e-05
   1.9900000e+03   9.9907399e-01   6.9146267e-04   2.3454889e-04
   1.9920000e+03   9.9902185e-01   6.9487882e-04   2.8327590e-04
   2.0090000e+03   3.1249684e-04   2.8482936e-04   9.9940267e-01
   2.0110000e+03   2.2904927e-04   2.3030101e-04   9.9954065e-01
   1.9940000e+03   9.9911640e-01   6.5495146e-04   2.2865110e-04
   1.9570000e+03   9.9942191e-01   5.3422819e-04   4.3862887e-05
   1.9580000e+03   9.9949395e-01   2.2402062e-04   2.8202498e-04
   1.9610000e+03   9.9957787e-01   3.0652076e-04   1.1561320e-04
   3.8300000e+02   8.5906710e-05   9.9962620e-01   2.8788846e-04
   2.1840000e+03   3.5879921e-04   2.8060425e-04   9.9936060e-01
   2.5870000e+03   6.8604342e-04   9.9918043e-01   1.3352590e-04
   2.2010000e+03   1.2484210e-02   4.9803869e-01   4.8947710e-01
   2.5860000e+03   9.6773953e-01   2.3988961e-02   8.2715079e-03
   2.4760000e+03   3.7340229e-04   4.3193834e-04   9.9919466e-01
   2.4710000e+03   6.0653256e-04   9.9895777e-01   4.3569933e-04
   2.2090000e+03   5.5926549e-04   6.8545458e-05   9.9937219e-01
   2.4560000e+03   9.9926966e-01   6.6137735e-04   6.8958279e-05
   2.1270000e+03   6.8198891e-04   9.9883836e-01   4.7965274e-04
   2.4650000e+03   3.7008856e-04   9.9945271e-01   1.7719975e-04
   2.2110000e+03   3.5509110e-04   9.2934008e-05   9.9955197e-01
   2.4590000e+03   9.9949411e-01   1.0651563e-04   3.9937291e-04
   2.1260000e+03   2.4871193e-04   9.9970539e-01   4.5901689e-05
   2.3890000e+03   2.5725918e-04   2.6774195e-04   9.9947500e-01
   2.2130000e+03   2.1897490e-04   8.5929614e-05   9.9969510e-01
   2.4610000e+03   3.6381224e-04   1.0061604e-05   9.9962613e-01
   2.1690000e+03   9.9957544e-01   1.0589540e-04   3.1866851e-04
   2.4380000e+03   4.3094613e-01   8.1085463e-02   4.8796841e-01
   2.1250000e+03   8.5501976e-03   8.2056433e-01   1.7088547e-01
   2.2150000e+03   4.0202749e-04   9.9915442e-01   4.4355724e-04
   2.1370000e+03   9.9945694e-01   5.4305923e-04   8.8528365e-15
   2.3910000e+03   3.3339668e-04   3.8703969e-04   9.9927956e-01
   2.1260000e+03   6.0824518e-01   5.3537390e-03   3.8640108e-01
   2.4330000e+03   8.7963253e-03   2.3077233e-01   7.6043134e-01
   2.1680000e+03   9.9952000e-01   4.3296158e-04   4.7041867e-05
   2.4570000e+03   5.9803366e-01   3.6200237e-01   3.9963972e-02
   2.2170000e+03   4.0471954e-01   5.5432229e-01   4.0958174e-02
   2.4450000e+03   3.2755299e-02   8.5733933e-01   1.0990537e-01
   2.1610000e+03   9.1169234e-01   2.4761513e-02   6.3546147e-02
   2.1470000e+03   9.9901334e-01   5.8987015e-04   3.9678638e-04
   2.4470000e+03   7.1654479e-04   9.9891242e-01   3.7103168e-04
   2.2220000e+03   7.0089061e-04   9.9858897e-01   7.1014435e-04
   2.4230000e+03   9.9917347e-01   5.0610789e-04   3.2041857e-04
   2.4430000e+03   2.1777634e-01   7.7080436e-01   1.1419302e-02
   2.4470000e+03   6.9762430e-03   3.3659006e-01   6.5643370e-01
   2.4250000e+03   9.9888488e-01   5.6239225e-04   5.5273109e-04
   2.1440000e+03   4.5840053e-04   5.5992118e-04   9.9898168e-01
   2.4350000e+03   7.0265740e-04   9.9855057e-01   7.4677029e-04
   2.2260000e+03   6.3805902e-04   1.7708112e-04   9.9918486e-01
   2.4270000e+03   9.9900777e-01   4.6588220e-04   5.2634818e-04
   2.1420000e+03   9.6502198e-04   9.9831001e-01   7.2497136e-04
   2.4310000e+03   7.4477232e-04   9.9896284e-01   2.9238280e-04
   2.2280000e+03   5.6127463e-04   1.3450379e-04   9.9930422e-01
   2.4290000e+03   9.9892780e-01   5.7167272e-04   5.0053029e-04
   2.1410000e+03   3.6247792e-04   1.1759684e-03   9.9846155e-01
   2.3930000e+03   2.4784503e-04   8.0580561e-04   9.9894635e-01
   2.2300000e+03   3.7404114e-04   4.1196366e-04   9.9921400e-01
   2.4320000e+03   2.9308160e-02   2.1468589e-02   9.4922325e-01
   2.4300000e+03   7.2900609e-04   2.0279333e-04   9.9906820e-01
   2.5740000e+03   9.9852370e-01   1.2619761e-03   2.1432674e-04
   2.4280000e+03   1.2721020e-03   1.1841967e-01   8.8030822e-01
   2.5730000e+03   4.9977991e-01   4.5197023e-01   4.8249859e-02
   2.4300000e+03   4.7219826e-01   1.2081482e-02   5.1572026e-01
   2.2350000e+03   3.7747583e-15   1.0622088e-03   9.9893779e-01
   2.2340000e+03   9.9853601e-01   1.4151366e-03   4.8856795e-05
   2.5830000e+03   6.6533237e-05   9.7102986e-04   9.9896244e-01
   2.4230000e+03   2.8882858e-02   9.6920555e-01   1.9115942e-03
   2.2390000e+03   9.9896766e-01   0.0000000e+00   1.0323415e-03
   2.4170000e+03   1.9903576e-02   3.9911973e-02   9.4018445e-01
   2.1580000e+03   3.1618983e-02   3.7582328e-01   5.9255773e-01
   2.3980000e+03   5.7396550e-01   1.8002755e-02   4.0803175e-01
   2.2480000e+03   9.5146733e-01   2.0678628e-02   2.7854039e-02
   2.4000000e+03   1.0323813e-02   4.6339453e-01   5.2628165e-01
   2.4010000e+03   3.4078246e-01   2.3179120e-03   6.5689963e-01
   2.5780000e+03   9.9902430e-01   8.8135146e-04   9.4351092e-05
   2.5770000e+03   7.1411852e-04   9.9719368e-04   9.9828869e-01
   2.5720000e+03   3.4062842e-01   3.5860789e-01   3.0076369e-01
   2.5690000e+03   1.6690312e-01   6.1393574e-01   2.1916114e-01
   2.2430000e+03   5.2250040e-01   1.4787189e-02   4.6271242e-01
   2.2430000e+03   1.6858678e-04   9.9924731e-01   5.8410501e-04
   2.2420000e+03   8.1768745e-04   9.9915728e-01   2.5031507e-05
   2.4030000e+03   4.0584615e-05   9.9952189e-01   4.3752222e-04
   2.4080000e+03   3.7248298e-01   6.1981232e-01   7.7047049e-03
   2.3900000e+03   1.7249202e-01   8.2457925e-01   2.9287305e-03
   2.4140000e+03   7.1770348e-01   2.7441050e-01   7.8860198e-03
   2.2470000e+03   1.7688522e-04   9.9978220e-01   4.0912967e-05
   2.2460000e+03   2.4423234e-04   9.9975577e-01   2.9069089e-16
   2.4070000e+03   9.9957371e-01   2.4681468e-04   1.7947888e-04
   2.3960000e+03   6.9301411e-04   5.9227258e-04   9.9871471e-01
   2.2490000e+03   5.8606067e-04   9.9932651e-01   8.7428507e-05
   2.2510000e+03   0.0000000e+00   3.6329368e-03   9.9636706e-01
   2.5790000e+03   3.6825498e-04   9.4102753e-04   9.9869072e-01
   2.2530000e+03   3.6754669e-05   8.9223068e-04   9.9907101e-01
   2.4960000e+03   6.1850444e-01   2.8880920e-01   9.2686363e-02
   2.5850000e+03   6.6691882e-05   8.5285558e-04   9.9908045e-01
   2.2540000e+03   1.2300577e-03   9.9864663e-01   1.2331027e-04
   2.5030000e+03   3.2197481e-01   5.5704424e-03   6.7245475e-01
   2.1090000e+03   4.3125517e-01   1.4381003e-02   5.5436382e-01
   2.5710000e+03   4.1369453e-05   1.3705814e-03   9.9858805e-01
   2.5000000e+03   4.2258313e-02   6.7555262e-01   2.8218907e-01
   2.5020000e+03   4.0658473e-04   9.9874970e-01   8.4371551e-04
   2.2580000e+03   5.8247477e-04   9.9924860e-01   1.6892284e-04
   2.4060000e+03   5.2717271e-04   9.9928495e-01   1.8787752e-04
   2.1550000e+03   8.4319508e-04   2.0993955e-04   9.9894687e-01
   2.5010000e+03   1.1367992e-03   6.9416131e-04   9.9816904e-01
   2.2600000e+03   5.1394285e-04   9.9924154e-01   2.4451901e-04
   2.5070000e+03   4.6161519e-04   9.9927334e-01   2.6504457e-04
   2.1080000e+03   5.9317890e-04   9.9842672e-01   9.8009773e-04
   2.4990000e+03   1.0836236e-03   3.7406572e-04   9.9854231e-01
   2.2620000e+03   2.9341115e-04   9.9916101e-01   5.4557416e-04
   2.5110000e+03   4.3781176e-04   9.9920839e-01   3.5379591e-04
   2.1110000e+03   5.0549126e-04   9.9899897e-01   4.9553979e-04
   2.4970000e+03   8.5886394e-04   9.5403257e-04   9.9818710e-01
   2.5920000e+03   8.5925037e-04   9.3802660e-04   9.9820272e-01
   2.5150000e+03   3.0961307e-04   9.9909525e-01   5.9513203e-04
   2.1120000e+03   3.9674289e-04   9.9853612e-01   1.0671410e-03
   2.4020000e+03   2.5941669e-05   6.6354935e-04   9.9931051e-01
   2.5210000e+03   2.9469244e-04   9.9926440e-01   4.4090379e-04
   2.1140000e+03   8.3368324e-04   2.7633062e-04   9.9888999e-01
   2.1570000e+03   9.9927473e-01   1.1326014e-04   6.1201057e-04
   2.2660000e+03   1.1324275e-14   8.0400760e-04   9.9919599e-01
   2.1000000e+03   9.9930851e-01   5.2719355e-04   1.6429697e-04
   2.5230000e+03   6.6662064e-04   3.8711488e-05   9.9929467e-01
   2.1600000e+03   8.4647815e-01   4.4317143e-03   1.4909014e-01
   2.5300000e+03   5.1514544e-03   9.5338558e-01   4.1462964e-02
   2.5340000e+03   2.1888689e-04   9.9930295e-01   4.7816501e-04
   2.1020000e+03   9.9935789e-01   3.6189721e-04   2.8021441e-04
   2.5290000e+03   5.7636927e-02   9.1101247e-01   3.1350608e-02
   2.5380000e+03   3.9156321e-04   9.9941473e-01   1.9370462e-04
   2.1040000e+03   9.9938560e-01   2.8800159e-04   3.2640053e-04
   2.5120000e+03   2.4946379e-04   9.9912378e-01   6.2675966e-04
   2.2710000e+03   9.9936112e-01   3.2502541e-04   3.1385188e-04
   2.2740000e+03   3.8471064e-04   4.6296224e-04   9.9915233e-01
   2.4080000e+03   3.6123143e-04   5.4067540e-05   9.9958470e-01
   2.1540000e+03   4.0492051e-04   2.9157399e-04   9.9930351e-01
   2.5040000e+03   3.6971909e-04   9.9917771e-01   4.5257368e-04
   2.2760000e+03   5.2038507e-04   3.8267153e-04   9.9909694e-01
   2.5400000e+03   4.2699873e-04   9.9954911e-01   2.3889242e-05
   2.1060000e+03   9.9948457e-01   1.3277136e-04   3.8265859e-04
   2.5080000e+03   3.4390827e-04   9.9908609e-01   5.6999953e-04
   2.5430000e+03   4.0925567e-04   9.9923768e-01   3.5306062e-04
   2.2770000e+03   3.0793418e-04   1.9191732e-04   9.9950015e-01
   2.4140000e+03   1.6907352e-04   3.1599873e-04   9.9951493e-01
   2.1520000e+03   1.1399060e-04   3.5938450e-04   9.9952662e-01
   2.5420000e+03   4.8367963e-04   3.9037273e-04   9.9912595e-01
   2.2800000e+03   2.9295198e-04   9.9957934e-01   1.2771116e-04
   2.5500000e+03   3.2662344e-04   9.9964209e-01   3.1281756e-05
   2.0900000e+03   3.6371396e-04   9.9923998e-01   3.9630367e-04
   2.5360000e+03   7.2572289e-04   2.2147764e-04   9.9905280e-01
   2.2820000e+03   2.1694720e-04   9.9943102e-01   3.5203364e-04
   2.5560000e+03   2.2236528e-04   9.9948586e-01   2.9177440e-04
   2.0930000e+03   4.0043219e-04   9.9942918e-01   1.7038994e-04
   2.5320000e+03   8.4654169e-04   3.3724076e-04   9.9881622e-01
   2.2830000e+03   4.0599392e-04   9.9895127e-01   6.4273504e-04
   2.5590000e+03   4.9054275e-04   9.9888051e-01   6.2894366e-04
   2.0950000e+03   4.1288900e-04   9.9923763e-01   3.4947924e-04
   2.5650000e+03   6.6850857e-04   9.9930915e-01   2.2342952e-05
   2.2860000e+03   4.2828779e-04   9.9936238e-01   2.0933428e-04
   2.0970000e+03   4.0857847e-04   9.9913549e-01   4.5592713e-04
   2.4160000e+03   6.9248763e-04   9.9866714e-01   6.4037376e-04
   2.5660000e+03   1.2926968e-04   9.9932072e-01   5.5000822e-04
   2.0980000e+03   4.4907313e-02   3.8962367e-01   5.6546902e-01
   2.3560000e+03   1.4865161e-03   9.9815561e-01   3.5787408e-04
   2.2880000e+03   4.6647492e-04   7.8648250e-04   9.9874704e-01
   2.3360000e+03   9.9943900e-01   1.8748880e-04   3.7351555e-04
   2.1960000e+03   3.8133826e-04   9.9940968e-01   2.0897974e-04
   2.2910000e+03   6.7679915e-04   5.9526292e-04   9.9872794e-01
   2.4190000e+03   5.0413155e-04   9.9923622e-01   2.5965254e-04
   2.1740000e+03   5.1034932e-04   9.9918082e-01   3.0883283e-04
   2.3850000e+03   7.0743789e-04   6.0023296e-04   9.9869233e-01
   2.3600000e+03   1.4730959e-03   9.9835898e-01   1.6792710e-04
   2.2920000e+03   2.8509871e-04   8.5603359e-04   9.9885887e-01
   2.3400000e+03   9.9945151e-01   1.5164451e-04   3.9684695e-04
   2.1910000e+03   9.9951242e-01   9.7300483e-05   3.9027744e-04
   2.3420000e+03   9.1911553e-05   9.9966519e-01   2.4290339e-04
