   7.9200000e+02  -1.1102230e-16   5.7584972e-04   9.9942415e-01
   8.0100000e+02   7.2069970e-06   9.9889415e-01   1.0986474e-03
   7.9800000e+02   7.8362688e-01   4.6545928e-02   1.6982720e-01
   7.9300000e+02   5.3018154e-04   4.7003747e-05   9.9942281e-01
   7.9800000e+02   6.0589650e-06   2.7581543e-03   9.9723579e-01
   7.9600000e+02   9.9746867e-01   2.1613966e-03   3.6993415e-04
   5.7800000e+02   3.1391770e-01   2.7057706e-02   6.5902459e-01
   5.7900000e+02   5.3547931e-02   3.6438071e-01   5.8207135e-01
   6.9600000e+02   2.5412464e-02   2.1011142e-02   9.5357639e-01
   6.7000000e+02   1.3361969e-02   4.6384887e-01   5.2278917e-01
   6.0700000e+02   9.9869357e-01   4.9036364e-04   8.1606503e-04
   6.7900000e+02   7.0801409e-04   6.4786520e-04   9.9864412e-01
   5.7100000e+02   9.9885440e-01   6.3813635e-04   5.0746281e-04
   7.7100000e+02   4.8061211e-04   9.9848621e-01   1.0331774e-03
   6.0900000e+02   9.9829569e-01   1.3638611e-03   3.4044582e-04
   6.8100000e+02   1.3864534e-03   3.6150077e-04   9.9825205e-01
   6.8000000e+02  -1.1102230e-16   1.3474506e-03   9.9865255e-01
   7.6100000e+02   2.5120313e-04   9.9826244e-01   1.4863536e-03
   7.4800000e+02   5.5510209e-05   9.9846610e-01   1.4783895e-03
   6.1100000e+02   2.2163067e-04   9.9819095e-01   1.5874167e-03
   6.8300000e+02   1.1560464e-03   1.6023110e-05   9.9882793e-01
   7.3200000e+02   7.3295583e-05   9.9974168e-01   1.8502101e-04
   7.5600000e+02   2.8498578e-04   9.9970852e-01   6.4898526e-06
   5.6700000e+02   9.9982579e-01   1.1369588e-04   6.0512073e-05
   5.8600000e+02   2.6210352e-04   9.9901117e-01   7.2672809e-04
   8.7700000e+02   3.0356573e-04   9.9891959e-01   7.7684514e-04
   6.7000000e+02   7.3768641e-01   7.3565704e-02   1.8874788e-01
   6.9000000e+02   3.6692968e-02   6.7643434e-01   2.8687269e-01
   6.8800000e+02   8.0913061e-04   9.9786448e-01   1.3263909e-03
   6.1700000e+02   1.9304523e-02   7.1861612e-02   9.0883386e-01
   6.9200000e+02   4.7881430e-04   9.9887170e-01   6.4948513e-04
   8.5600000e+02   5.1754769e-03   6.5032589e-03   9.8832126e-01
   5.7400000e+02   9.9934454e-01   1.6144817e-04   4.9401486e-04
   8.6400000e+02   5.0049570e-03   6.0866893e-02   9.3412815e-01
   8.1500000e+02   5.8032957e-04   9.9914081e-01   2.7886440e-04
   5.2400000e+02   3.0860719e-04   6.1167010e-04   9.9907972e-01
   6.1900000e+02   9.9934449e-01   1.7893723e-04   4.7657202e-04
   7.8800000e+02   6.3319842e-04   9.9934824e-01   1.8559066e-05
   5.6000000e+02   9.9956659e-01   4.1462220e-04   1.8792463e-05
   6.9900000e+02   9.9940061e-01   1.0722692e-04   4.9215864e-04
   7.6700000e+02   4.4345426e-04   3.4130751e-04   9.9921524e-01
   6.2000000e+02   1.9984014e-15   8.9939333e-04   9.9910061e-01
   6.2100000e+02   7.5056546e-04   3.2534195e-04   9.9892409e-01
   7.1100000e+02   3.9734243e-04   9.9911987e-01   4.8278542e-04
   5.5600000e+02   4.3736023e-04   4.7553665e-04   9.9908710e-01
   7.0500000e+02   3.3625536e-04   9.9023354e-05   9.9956472e-01
   6.2300000e+02   3.9059482e-04   3.4852406e-04   9.9926088e-01
   8.8600000e+02   3.0404485e-04   9.9910900e-01   5.8695365e-04
   7.0200000e+02   5.4439030e-04   4.3359385e-04   9.9902202e-01
   7.0300000e+02   5.5253717e-04   4.9436385e-05   9.9939803e-01
   6.2500000e+02   5.6524473e-04   3.5354482e-04   9.9908121e-01
   8.8400000e+02   3.9796828e-04   9.9891751e-01   6.8452550e-04
   5.9500000e+02   1.5706234e-03   9.9766674e-01   7.6263225e-04
   8.9100000e+02   4.3390244e-04   9.9880299e-01   7.6310483e-04
   7.1800000e+02   1.5372767e-04   2.2029123e-02   9.7781715e-01
   6.2700000e+02   9.9991265e-01   1.1771260e-15   8.7345710e-05
   5.6700000e+02   0.0000000e+00   0.0000000e+00   1.0000000e+00
   6.2900000e+02   9.9956637e-01   7.8062865e-16   4.3362867e-04
   5.4100000e+02   0.0000000e+00   1.0000000e+00  -0.0000000e+00
   7.2100000e+02   9.9926683e-01   7.0392371e-04   2.9242976e-05
   2.7000000e+01   1.0000000e+00  -0.0000000e+00  -0.0000000e+00
   8.7500000e+02   1.6762916e-04   9.9915603e-01   6.7633839e-04
   5.8400000e+02   6.3974933e-05   9.9939003e-01   5.4599442e-04
   7.1600000e+02   1.9628542e-04   9.9930635e-01   4.9736171e-04
   5.8800000e+02   2.2481881e-04   9.9895169e-01   8.2349202e-04
   7.1300000e+02   9.9945172e-01   2.6503419e-04   2.8324440e-04
   5.4700000e+02   1.7789372e-04   9.9927403e-01   5.4808024e-04
   7.0900000e+02   9.9960753e-01   9.1079288e-05   3.0139058e-04
   5.4900000e+02   3.5264828e-04   9.9918183e-01   4.6551807e-04
   7.2700000e+02   3.6122742e-05   9.9993511e-01   2.8771643e-05
   7.2800000e+02   9.9991622e-01   3.9154803e-16   8.3781860e-05
   7.2900000e+02   5.2607855e-05   9.9994739e-01   1.5973763e-15
   6.4300000e+02   4.2226568e-04   1.6297115e-04   9.9941476e-01
   7.2300000e+02   2.0002446e-15   9.9922487e-01   7.7512647e-04
   8.7900000e+02   1.2353939e-03   9.9772732e-01   1.0372877e-03
   5.9100000e+02   9.9929261e-01   4.2921480e-04   2.7817644e-04
   7.2000000e+02   3.0057511e-04   7.5104758e-04   9.9894838e-01
   7.7800000e+02   9.9941826e-01   2.9050061e-04   2.9124303e-04
   6.4400000e+02   2.0715121e-04   9.9925589e-01   5.3695711e-04
   9.6500000e+02   5.4463035e-04   4.1797487e-04   9.9903739e-01
   9.6400000e+02   0.0000000e+00   5.7659014e-04   9.9942341e-01
   7.8900000e+02   1.5479539e-04   9.9938179e-01   4.6341643e-04
   6.4600000e+02   6.7760457e-05   9.9936789e-01   5.6435051e-04
   7.7600000e+02   5.1064353e-05   9.9940544e-01   5.4349603e-04
   7.7700000e+02   9.9948015e-01   1.3653410e-04   3.8331309e-04
   3.0000000e+01   9.9890306e-01   1.0969350e-03   3.8686205e-15
   5.2900000e+02   0.0000000e+00   6.3817007e-04   9.9936183e-01
   5.7300000e+02   4.2203422e-04   9.9896960e-01   6.0836854e-04
   5.1800000e+02   9.9949014e-01   1.9737411e-06   5.0788781e-04
   5.7500000e+02   3.5124871e-05   9.9946629e-01   4.9858664e-04
   6.7400000e+02   9.9901348e-01   9.0770081e-04   7.8817805e-05
   2.6000000e+01   2.4731180e-03   9.9743714e-01   8.9743915e-05
   7.8500000e+02   5.4778899e-05   7.5385440e-04   9.9919137e-01
   6.5000000e+02   9.9776126e-01   1.7337547e-03   5.0498526e-04
   5.2700000e+02   1.9655219e-03   9.9774634e-01   2.8813879e-04
   6.9700000e+02   8.9603886e-02   8.8974708e-01   2.0649036e-02
   5.3200000e+02   9.9879345e-01   1.0671048e-04   1.0998387e-03
   5.7700000e+02   2.8545942e-04   9.9824458e-01   1.4699605e-03
   6.7100000e+02   9.9792633e-01   1.4435432e-03   6.3012509e-04
   6.5500000e+02   1.4435367e-03   2.7443209e-04   9.9828203e-01
   9.6900000e+02   9.9947295e-01   2.4778139e-05   5.0227069e-04
   9.3400000e+02   9.9944647e-01   4.1407032e-04   1.3945585e-04
   9.1100000e+02   5.6446276e-04   2.8816128e-04   9.9914738e-01
   9.6700000e+02   1.2285360e-04   9.9944869e-01   4.2845586e-04
   9.0900000e+02   3.4251036e-04   9.9939270e-01   2.6479149e-04
   6.9100000e+02   6.4632202e-04   9.9921924e-01   1.3443784e-04
   6.6000000e+02   6.5885234e-04   9.9885962e-01   4.8152754e-04
   5.6500000e+02   6.7854073e-04   9.9853568e-01   7.8578371e-04
   8.0900000e+02   4.2530398e-04   1.4921729e-04   9.9942548e-01
   6.6300000e+02   4.2464788e-04   5.7267219e-04   9.9900268e-01
   8.1800000e+02   9.9949659e-01   3.9889650e-04   1.0451414e-04
   6.6500000e+02   3.6948318e-04   4.7913655e-04   9.9915138e-01
   9.4900000e+02   8.0715204e-04   3.0600619e-04   9.9888684e-01
   9.5700000e+02   6.5100241e-04   2.0661583e-04   9.9914238e-01
   6.9300000e+02   2.5445953e-02   7.6906598e-01   2.0548806e-01
   2.8000000e+01   1.1108322e-01   8.8432105e-01   4.5957306e-03
   5.6800000e+02   0.0000000e+00   1.2454960e-17   1.0000000e+00
   7.6800000e+02   3.0584917e-04   9.9795398e-01   1.7401673e-03
   5.3700000e+02   2.2279391e-04   9.9819035e-01   1.5868547e-03
   7.7200000e+02   6.8646968e-04   9.9735574e-01   1.9577923e-03
   8.4600000e+02   4.4111619e-02   9.3780468e-01   1.8083702e-02
   5.2100000e+02   5.3848752e-04   9.9920164e-01   2.5987564e-04
   8.3200000e+02   6.1850665e-04   2.4648508e-04   9.9913501e-01
   8.1100000e+02   6.8163689e-04   9.9895788e-01   3.6047924e-04
   5.6300000e+02   7.3539677e-04   9.9882278e-01   4.4181958e-04
   7.5200000e+02   4.5005789e-04   5.6670550e-04   9.9898324e-01
   7.5300000e+02   1.5331131e-03   0.0000000e+00   9.9846689e-01
   5.4000000e+02   2.7091601e-03   9.9723375e-01   5.7090700e-05
   5.5700000e+02   1.4893584e-03   9.9683157e-01   1.6790724e-03
   3.4900000e+02   9.2990182e-01   1.6448988e-02   5.3649195e-02
   5.5400000e+02   3.8923633e-03   1.1375204e-03   9.9497012e-01
   7.6200000e+02   2.6069074e-04   9.9829707e-01   1.4422362e-03
   2.2000000e+01   1.8072653e-03   3.2439227e-05   9.9816030e-01
   7.4900000e+02   9.9867334e-01   3.5689624e-04   9.6976625e-04
   5.5100000e+02   6.2322333e-03   9.9370710e-01   6.0666949e-05
   8.6900000e+02   9.9758128e-01   2.4012757e-03   1.7442863e-05
   8.8000000e+02   5.5555206e-03   9.1036233e-03   9.8534086e-01
   6.0200000e+02   9.9890316e-01   1.0968442e-03   4.3317551e-15
   8.6000000e+02   1.9172049e-04   9.9930021e-01   5.0806549e-04
   8.6600000e+02   9.9956175e-01   3.8719114e-16   4.3825319e-04
   9.1800000e+02   7.3603296e-04   9.9849104e-01   7.7292451e-04
   9.5000000e+02   9.9913091e-01   4.1315795e-04   4.5593552e-04
   9.1500000e+02   8.9069128e-04   4.2876358e-04   9.9868055e-01
   9.1600000e+02   2.8955510e-04   9.9879394e-01   9.1650192e-04
   9.2000000e+02   1.1264310e-03   9.9805118e-01   8.2238458e-04
   9.5900000e+02   9.9842411e-05   9.9925318e-01   6.4697576e-04
   9.2200000e+02   1.5690097e-04   9.9910146e-01   7.4163772e-04
   9.0400000e+02   9.9942221e-01   3.0967927e-04   2.6810885e-04
   9.2400000e+02   6.0522758e-04   9.9884539e-01   5.4938104e-04
   7.0100000e+02   9.8074538e-01   1.3165404e-02   6.0892210e-03
   9.5200000e+02   2.4401267e-04   9.9916812e-01   5.8786927e-04
   9.2900000e+02   5.6694873e-04   1.5914342e-03   9.9784162e-01
   8.8300000e+02   1.3863066e-03   9.9788068e-01   7.3301360e-04
   7.1700000e+02   1.3408399e-02   9.8417088e-01   2.4207249e-03
   8.8100000e+02   3.8611802e-02   9.5012349e-01   1.1264709e-02
   5.8500000e+02   9.9931312e-01   1.4780196e-04   5.3908164e-04
   5.9700000e+02   9.2867261e-01   4.0309504e-02   3.1017891e-02
   8.8400000e+02   6.1133908e-01   3.8632491e-01   2.3360116e-03
   7.1800000e+02   9.9883957e-01   7.2029371e-04   4.4013948e-04
   7.1700000e+02   7.9001671e-03   5.5555442e-01   4.3654541e-01
   5.9300000e+02   9.9928273e-01   4.8843378e-04   2.2883819e-04
   3.1000000e+01   5.7932580e-04   9.9861819e-01   8.0248588e-04
   9.3100000e+02   7.4525122e-03   3.8573237e-01   6.0681512e-01
   9.6200000e+02   1.5271910e-04   9.9898084e-01   8.6643828e-04
   8.9000000e+02   9.9921945e-01   2.0264938e-04   5.7789648e-04
   6.0000000e+02   9.9924316e-01   2.7736592e-04   4.7947850e-04
   3.4600000e+02   1.1428226e-02   9.5768167e-01   3.0890104e-02
   5.9000000e+01   1.2779876e-03   2.8395304e-05   9.9869362e-01
   8.3600000e+02   5.6299947e-04   2.6275005e-04   9.9917425e-01
   3.6700000e+02   1.6826820e-04   2.8504573e-04   9.9954669e-01
   3.7000000e+02   5.3808707e-01   4.5258443e-01   9.3285030e-03
   8.2800000e+02   9.9820957e-01   1.5974115e-03   1.9301536e-04
   3.7100000e+02   2.1799600e-02   9.1790363e-01   6.0296772e-02
   7.5400000e+02   4.2908485e-04   9.9938696e-01   1.8395466e-04
   8.5200000e+02   9.9873188e-01   9.4101910e-04   3.2710077e-04
   3.5600000e+02   2.0448945e-02   9.7509676e-01   4.4542966e-03
   3.7900000e+02   2.8925014e-04   6.4640155e-04   9.9906435e-01
   3.7900000e+02   6.3226042e-03   9.6658424e-01   2.7093155e-02
   7.8000000e+01   1.9766516e-04   9.9860883e-01   1.1935054e-03
   3.6400000e+02   2.1221847e-04   4.5132343e-04   9.9933646e-01
   8.3800000e+02   3.3425102e-04   4.2304397e-04   9.9924271e-01
   8.5100000e+02   2.3220028e-05   3.6470782e-04   9.9961207e-01
   4.9000000e+01   9.9898470e-01   5.2735611e-04   4.8794570e-04
   3.2100000e+02   7.4526864e-04   9.9837706e-01   8.7767600e-04
   1.2200000e+02   6.8767552e-04   9.9828980e-01   1.0225283e-03
   3.1300000e+02   9.9913196e-01   4.3675564e-04   4.3128428e-04
   1.9200000e+02   3.1179000e-01   5.3950937e-01   1.4870064e-01
   4.7000000e+01   2.0630297e-03   9.9681624e-01   1.1207296e-03
   3.1800000e+02   1.4312033e-03   1.9316732e-03   9.9663712e-01
   9.8000000e+01   4.8997052e-03   3.2576549e-01   6.6933480e-01
   8.2000000e+01   2.0594544e-01   1.2471548e-01   6.6933908e-01
   1.0000000e+00   1.6695087e-01   1.9400291e-01   6.3904622e-01
   2.1500000e+02   1.2416755e-03   4.0526942e-01   5.9348890e-01
   1.2800000e+02   7.1725320e-04   8.4801958e-05   9.9919794e-01
   1.2800000e+02   6.3062883e-04   9.9931624e-01   5.3129185e-05
   2.9200000e+02   9.9947044e-01   1.6139832e-04   3.6815736e-04
   2.9100000e+02   4.8083567e-04   9.9901563e-01   5.0353061e-04
   1.3000000e+02   3.3915017e-04   1.1136497e-03   9.9854720e-01
   2.0000000e+02   9.9961056e-01   3.8943636e-04   0.0000000e+00
   9.0000000e+01   3.8469708e-04   4.3932669e-04   9.9917598e-01
   2.8100000e+02   1.1553150e-03   9.9854812e-01   2.9656044e-04
   2.6800000e+02   6.6076747e-04   9.9845380e-01   8.8543012e-04
   1.3100000e+02   4.9034774e-04   4.0552569e-04   9.9910413e-01
   2.0200000e+02   9.9955762e-01   3.8861768e-05   4.0351653e-04
   1.3400000e+02   3.4820999e-01   1.9583108e-02   6.3220690e-01
   3.7200000e+02   2.5676285e-04   9.9967810e-01   6.5136736e-05
   2.5200000e+02   9.9980348e-01   1.6319077e-04   3.3328430e-05
   1.0500000e+02   5.4110499e-04   1.5527942e-04   9.9930362e-01
   4.0000000e+02   6.8074986e-04   9.9928999e-01   2.9263103e-05
   1.3700000e+02   2.0260448e-02   2.3255434e-01   7.4718521e-01
   2.1000000e+02   3.1620263e-01   6.5347647e-03   6.7726261e-01
   1.0000000e+02   2.8347115e-02   7.0968973e-01   2.6196315e-01
   2.9500000e+02   9.9776058e-01   1.9826912e-03   2.5672694e-04
   3.7700000e+02   1.8077238e-04   3.3650910e-04   9.9948272e-01
   3.6600000e+02   5.6773745e-04   9.9925170e-01   1.8055821e-04
   1.9900000e+02   9.6046839e-04   5.8736035e-04   9.9845217e-01
   1.3900000e+02   6.3596616e-04   9.9880224e-01   5.6179800e-04
   2.2000000e+02   5.9122859e-04   1.0331087e-05   9.9939844e-01
   9.1000000e+01   3.2036970e-04   2.0707904e-04   9.9947255e-01
   1.4100000e+02   7.7715612e-16   4.6418069e-04   9.9953582e-01
   2.8600000e+02   3.6619733e-04   6.5069876e-06   9.9962730e-01
   1.4000000e+02   9.9956961e-01   4.2875235e-04   1.6378628e-06
   2.3300000e+02   1.2749543e-04   9.9970713e-01   1.6537271e-04
   7.5000000e+01   9.9965381e-01   2.3706957e-04   1.0912540e-04
   7.4000000e+01   3.7676281e-05   2.7802952e-04   9.9968429e-01
   2.2800000e+02   2.3536240e-04   9.9973995e-01   2.4687912e-05
   4.0800000e+02   3.6292826e-04   9.9948358e-01   1.5348966e-04
   2.2200000e+02   9.9947686e-01   2.3317048e-04   2.8996581e-04
   2.2400000e+02   2.2432337e-04   9.9936125e-01   4.1442197e-04
   1.4400000e+02   9.9963746e-01   9.7878617e-05   2.6466435e-04
   4.0600000e+02   5.2830586e-04   9.9907296e-01   3.9873553e-04
   1.1300000e+02   6.3350314e-04   9.9805275e-01   1.3137494e-03
   4.1300000e+02   6.7447734e-04   3.2418258e-05   9.9929310e-01
   1.1400000e+02   9.7357082e-01   1.1845298e-02   1.4583883e-02
   2.4300000e+02   1.4708044e-04   7.4640819e-04   9.9910651e-01
   6.3000000e+01   1.1734595e-03   9.9874994e-01   7.6598964e-05
   3.9700000e+02   3.0951798e-04   3.5065389e-04   9.9933983e-01
   1.0300000e+02   1.6252046e-04   4.0836714e-04   9.9942911e-01
   2.3600000e+02   5.7242926e-04   9.9915509e-01   2.7248122e-04
   1.0700000e+02   5.7226371e-04   1.1746027e-04   9.9931028e-01
   2.3500000e+02   2.8681835e-04   3.1473188e-04   9.9939845e-01
   6.7000000e+01   2.6691031e-04   1.6085896e-04   9.9957223e-01
   2.3100000e+02   2.2862250e-04   3.3881679e-05   9.9973750e-01
   7.0000000e+01   2.0041743e-04   9.9970392e-01   9.5665467e-05
   1.6000000e+02   5.4420398e-05   3.5295131e-04   9.9959263e-01
   8.8000000e+01   6.0503753e-06   9.9952267e-01   4.7128216e-04
   2.5000000e+02   1.0776361e-04   4.0986054e-04   9.9948238e-01
   1.6300000e+02   9.9931002e-01   1.4888453e-04   5.4109698e-04
   2.4500000e+02   1.0191500e-16   9.9951150e-01   4.8849549e-04
   4.0100000e+02   4.3911102e-04   1.4531681e-04   9.9941557e-01
   1.0900000e+02   5.2112786e-04   8.1824958e-05   9.9939705e-01
   4.1100000e+02   2.3986090e-04   3.1205819e-04   9.9944808e-01
   3.0000000e+02   8.7206384e-04   4.6263841e-04   9.9866530e-01
   1.6500000e+02   5.0541745e-04   9.9921575e-01   2.7883608e-04
   4.8700000e+02   9.9905863e-01   3.8740529e-04   5.5396239e-04
   5.3000000e+01   5.1704538e-04   9.9856339e-01   9.1956088e-04
   3.0900000e+02   5.1492982e-04   9.9844621e-01   1.0388576e-03
   1.6700000e+02   5.2010841e-04   9.9904559e-01   4.3429833e-04
   2.9800000e+02   4.7582670e-04   9.9911212e-01   4.1205377e-04
   8.0000000e+01   5.2492104e-04   9.9928363e-01   1.9144925e-04
   1.6900000e+02   2.3478879e-04   8.0719952e-04   9.9895801e-01
   3.1200000e+02   5.3748592e-04   9.9864985e-01   8.1266896e-04
   9.4000000e+01   5.4054106e-04   9.9812180e-01   1.3376636e-03
   3.0800000e+02   4.4693291e-04   9.9940166e-01   1.5140714e-04
   9.6000000e+01   4.1190579e-04   9.9918376e-01   4.0433507e-04
   1.9500000e+02   8.6191903e-04   6.7931244e-04   9.9845877e-01
   1.9300000e+02   6.7112792e-04   2.0970655e-03   9.9723181e-01
   3.9600000e+02   4.3207457e-04   5.1358607e-04   9.9905434e-01
   1.7100000e+02   1.4648501e-03   1.5450143e-03   9.9699014e-01
   3.1500000e+02   5.8546461e-04   9.6679774e-04   9.9844774e-01
   2.1900000e+02   2.4465844e-03   9.9755342e-01   0.0000000e+00
   3.0300000e+02   4.0832081e-04   5.4323799e-04   9.9904844e-01
   9.7000000e+01   1.0730890e-03   2.3781272e-04   9.9868910e-01
   1.9100000e+02   1.0747873e-03   1.1796639e-03   9.9774555e-01
   1.7400000e+02   9.9899281e-01   6.1696830e-04   3.9022318e-04
   1.7600000e+02   4.6310502e-04   7.1953449e-04   9.9881736e-01
   4.9100000e+02   3.3277775e-04   1.3570931e-04   9.9953151e-01
   3.7000000e+01   3.9673260e-04   8.4992553e-05   9.9951827e-01
   3.0600000e+02   2.2155124e-04   5.9514490e-04   9.9918330e-01
   4.5800000e+02   3.8949531e-04   5.2714542e-04   9.9908336e-01
   4.3300000e+02   9.9926706e-01   1.8859593e-04   5.4434719e-04
   4.8900000e+02   5.2046559e-04   9.9903200e-01   4.4753515e-04
   4.9500000e+02   5.4448134e-04   9.9912394e-01   3.3158341e-04
   4.3100000e+02   5.9996239e-04   9.9901038e-01   3.8965333e-04
   4.2500000e+02   4.4635905e-04   9.9918525e-01   3.6839070e-04
   4.9400000e+02   3.5681505e-04   6.1982155e-04   9.9902336e-01
   3.0200000e+02   3.7378236e-04   6.5857104e-04   9.9896765e-01
   1.7700000e+02   3.9001951e-04   3.0513309e-05   9.9957947e-01
   1.4000000e+01   5.9147808e-04   9.9221579e-05   9.9930930e-01
   5.1000000e+01   4.5046002e-05   7.1041948e-04   9.9924453e-01
   2.0900000e+02   4.7844152e-05   9.9925457e-01   6.9758189e-04
   3.3200000e+02   6.2554144e-04   9.9936496e-01   9.4937152e-06
   3.2900000e+02   1.7129657e-04   9.9939619e-01   4.3251743e-04
   8.6000000e+01   5.0177045e-04   9.9940326e-01   9.4972135e-05
   3.4300000e+02   9.7204745e-05   9.9954186e-01   3.6093726e-04
   4.5000000e+01   9.9947873e-01   4.5654129e-04   6.4732202e-05
   4.4000000e+01   3.1283909e-05   5.4372323e-04   9.9942499e-01
   3.3600000e+02   4.8727370e-04   9.9946267e-01   5.0058615e-05
   3.4000000e+02   9.9964046e-01   2.5280928e-04   1.0672788e-04
   4.0000000e+01   1.6310019e-04   9.9960331e-01   2.3358774e-04
   4.1000000e+01   4.0547035e-04   9.9956839e-01   2.6138442e-05
   3.3500000e+02   5.7206967e-05   3.3419976e-04   9.9960859e-01
   3.2600000e+02   1.1252857e-04   9.9939795e-01   4.8952149e-04
   1.8500000e+02   9.9959198e-01   2.2564412e-04   1.8237667e-04
   3.4500000e+02   3.6327703e-04   2.4811976e-04   9.9938860e-01
   1.8700000e+02   9.9960981e-01   1.3726592e-04   2.5292354e-04
   8.5500000e+02   2.6201866e-03   6.4419709e-06   9.9737337e-01
   2.9000000e+02   3.0200932e-04   9.9966797e-01   3.0019677e-05
   5.7000000e+01   2.3483714e-04   5.8316965e-04   9.9918199e-01
   5.5000000e+01   3.0685139e-02   9.3638924e-01   3.2925625e-02
   3.3400000e+02   9.9819763e-01   1.1326683e-03   6.6970521e-04
   3.6500000e+02   7.4774408e-04   9.9905877e-01   1.9348626e-04
   2.7400000e+02   5.2386330e-04   9.9919314e-01   2.8299751e-04
   2.7200000e+02   5.4201607e-08   9.9937937e-01   6.2057182e-04
   3.5700000e+02   2.3142923e-04   9.9961879e-01   1.4978527e-04
   8.3200000e+02   9.9618030e-01   3.2435350e-03   5.7616024e-04
   2.8300000e+02   4.3666483e-04   1.7596120e-04   9.9938737e-01
   4.0000000e+00   9.9882539e-01   1.1178652e-03   5.6748255e-05
   2.7100000e+02   7.3901094e-04   8.2487398e-08   9.9926091e-01
   8.2700000e+02   9.9962624e-01   3.7376062e-04   4.9582334e-15
   8.6100000e+02   2.8891051e-04   9.9753542e-01   2.1756686e-03
   8.5400000e+02   9.0727193e-01   8.1524561e-02   1.1203505e-02
   8.2600000e+02   5.8954429e-04   4.8997466e-04   9.9892048e-01
   3.9200000e+02   1.4093007e-04   2.7344455e-03   9.9712462e-01
   3.9000000e+02   4.9341465e-04   2.4028585e-03   9.9710373e-01
   1.2100000e+02   4.1605907e-04   1.2985655e-03   9.9828538e-01
   3.8200000e+02   7.2628588e-04   9.9885233e-01   4.2138690e-04
   1.0200000e+02   1.1322688e-04   6.0638222e-04   9.9928039e-01
   4.4100000e+02   3.3518268e-02   9.5950979e-01   6.9719462e-03
   7.0000000e+00   6.2029641e-04   3.4786641e-03   9.9590104e-01
   5.0600000e+02   9.9970923e-01   2.3160742e-04   5.9159709e-05
   4.7500000e+02   3.8089555e-04   1.6420152e-04   9.9945490e-01
   4.5100000e+02   9.9803045e-01   1.4059525e-03   5.6359878e-04
   4.0400000e+02   6.5076150e-04   9.9752209e-01   1.8271472e-03
   3.9900000e+02   9.8773894e-01   1.0287088e-02   1.9739726e-03
   6.5000000e+01   4.2461895e-03   9.8548405e-01   1.0269765e-02
   1.0400000e+02   5.3063878e-04   5.5712243e-05   9.9941365e-01
   1.1500000e+02   5.5341365e-04   9.9820372e-01   1.2428631e-03
   2.3900000e+02   1.9597198e-03   6.4587579e-04   9.9739440e-01
   1.1100000e+02   5.3296687e-04   6.8600720e-04   9.9878103e-01
   1.1000000e+02   4.9319763e-01   5.0500421e-01   1.7981643e-03
   1.1900000e+02   5.4391921e-04   9.9734574e-01   2.1103442e-03
   4.8500000e+02   4.2194882e-04   1.5945657e-04   9.9941859e-01
   4.5600000e+02   9.9945438e-01   2.6265471e-04   2.8296921e-04
   1.1700000e+02   5.3044537e-04   1.9039709e-04   9.9927916e-01
   1.9150000e+03   3.6248369e-04   4.8269166e-04   9.9915482e-01
   1.9190000e+03   9.2390583e-04   1.2853694e-04   9.9894756e-01
   1.9180000e+03   4.7328118e-04   3.8840925e-04   9.9913831e-01
   1.9140000e+03   9.9944988e-01   5.3136390e-04   1.8756047e-05
   1.9340000e+03   6.5004721e-05   9.9889558e-01   1.0394175e-03
   1.9360000e+03   7.4825092e-05   9.9929982e-01   6.2535503e-04
   1.9460000e+03   8.3062990e-04   9.9907101e-01   9.8355324e-05
   1.9200000e+03   8.8843418e-04   9.9902947e-01   8.2096627e-05
   1.9370000e+03   9.9919673e-01   3.0550631e-04   4.9776092e-04
   1.9380000e+03   6.8808718e-05   9.9913559e-01   7.9560451e-04
   1.9220000e+03   6.8086964e-04   3.0518800e-06   9.9931608e-01
   1.9470000e+03   1.2123663e-07   9.9905347e-01   9.4640415e-04
   1.9110000e+03   9.9926147e-01   5.5905160e-04   1.7947348e-04
   1.9400000e+03   2.9183520e-04   9.9964206e-01   6.6106419e-05
   2.7700000e+02   2.3152358e-04   6.7295223e-16   9.9976848e-01
   1.9480000e+03   2.2204460e-16   3.6631516e-04   9.9963368e-01
   1.9100000e+03   9.9950674e-01   4.0305698e-04   9.0203472e-05
   2.7900000e+02   1.0369263e-04   1.6697185e-04   9.9972934e-01
   2.8500000e+02   1.7358014e-04   1.6512594e-04   9.9966129e-01
   2.0440000e+03   2.8376358e-04   9.9909877e-01   6.1747080e-04
   1.9970000e+03   3.6185874e-04   9.9922384e-01   4.1429841e-04
   2.0340000e+03   9.9909852e-01   6.4886616e-04   2.5261759e-04
   1.9730000e+03   5.4800997e-04   1.7771669e-04   9.9927427e-01
   1.9330000e+03   2.5605603e-15   9.9904188e-01   9.5812351e-04
   1.9170000e+03   2.3595261e-04   1.4811001e-04   9.9961594e-01
   1.9070000e+03   1.9843610e-16   9.9985856e-01   1.4144166e-04
   1.9410000e+03   9.7009995e-05   9.9966652e-01   2.3647225e-04
   1.9300000e+03   3.7444070e-09   3.3245241e-04   9.9966754e-01
   1.9310000e+03   4.1505156e-04   0.0000000e+00   9.9958495e-01
   1.9030000e+03   9.9937827e-01   4.9285044e-04   1.2887543e-04
   2.0200000e+03   1.2175299e-04   9.9937455e-01   5.0370142e-04
   2.0250000e+03   9.9940391e-01   2.9397739e-05   5.6668900e-04
   1.9510000e+03   2.7794272e-04   2.6490339e-04   9.9945715e-01
   1.9500000e+03   6.6613381e-16   2.7311034e-04   9.9972689e-01
   1.9850000e+03   2.4345631e-04   2.1202788e-04   9.9954452e-01
   2.0380000e+03   4.2988924e-04   9.9947530e-01   9.4812266e-05
   1.9320000e+03   9.0287697e-04   9.9889521e-01   2.0191711e-04
   2.0050000e+03   5.2447786e-04   4.4061369e-17   9.9947552e-01
   2.0050000e+03   2.9389611e-04   9.9941220e-01   2.9390340e-04
   2.0370000e+03   1.7105905e-04   9.9937417e-01   4.5476936e-04
   2.0370000e+03   3.4670925e-04   0.0000000e+00   9.9965329e-01
   1.9270000e+03   7.8077163e-04   4.7199134e-04   9.9874724e-01
   2.0680000e+03   9.9942418e-01   2.0266051e-04   3.7315522e-04
   1.9050000e+03   9.9969212e-01   4.8077496e-05   2.5980489e-04
   1.9260000e+03   9.9954134e-01   4.5866298e-04   2.0174948e-16
   1.9680000e+03   3.9097339e-04   9.9892719e-01   6.8183704e-04
   2.0700000e+03   4.6840983e-04   9.9862126e-01   9.1033269e-04
   2.0060000e+03   5.0502130e-04   9.9855967e-01   9.3530972e-04
   2.0490000e+03   4.2195334e-04   9.9916146e-01   4.1658568e-04
   2.0460000e+03   4.1626350e-04   9.9846383e-01   1.1199096e-03
   1.9660000e+03   9.9876603e-01   7.7366466e-04   4.6030147e-04
   2.0500000e+03   5.2699849e-04   9.9861257e-01   8.6043637e-04
   2.0580000e+03   6.0751532e-04   9.9907377e-01   3.1871660e-04
   2.0140000e+03   4.3631939e-04   1.6982414e-04   9.9939386e-01
   2.0550000e+03   4.9356537e-04   5.5979177e-04   9.9894664e-01
   2.0600000e+03   4.5178054e-04   1.1313299e-04   9.9943509e-01
   1.9640000e+03   5.1943456e-04   9.9889318e-01   5.8738205e-04
   2.0210000e+03   9.9944761e-01   1.7764053e-04   3.7475069e-04
   1.9550000e+03   5.3193542e-04   1.8324520e-04   9.9928482e-01
   1.9280000e+03   2.2292391e-04   9.9921719e-01   5.5988649e-04
   1.9980000e+03   9.9919367e-01   2.3491162e-04   5.7141475e-04
   2.0400000e+03   5.8866295e-04   9.9915783e-01   2.5350342e-04
   2.0530000e+03   4.9184677e-04   9.9941256e-01   9.5595777e-05
   1.9900000e+03   9.9808744e-01   1.4011524e-03   5.1140753e-04
   1.9920000e+03   9.9786157e-01   1.5809866e-03   5.5744336e-04
   2.0090000e+03   6.8722445e-04   5.4706453e-04   9.9876571e-01
   2.0110000e+03   4.4639609e-04   5.4144465e-04   9.9901216e-01
   1.9940000e+03   9.9823772e-01   1.2225201e-03   5.3976315e-04
   1.0900000e+02   9.8887035e-01   7.7916682e-03   3.3379822e-03
   1.9560000e+03   9.9819625e-01   6.0237495e-04   1.2013713e-03
   1.9580000e+03   9.9843365e-01   1.0495368e-03   5.1680832e-04
   1.9600000e+03   9.9885735e-01   4.8114320e-04   6.6150293e-04
   1.9000000e+03   9.9914584e-01   1.2649970e-04   7.2765909e-04
   2.3490000e+03   2.4517913e-01   8.2486304e-03   7.4657224e-01
   2.1840000e+03   9.9752664e-01   2.6063694e-16   2.4733619e-03
   2.2010000e+03   9.9727563e-01   1.7275170e-03   9.9685035e-04
   2.4860000e+03   9.9912178e-01   3.3575566e-04   5.4246022e-04
   2.4840000e+03   6.1546849e-03   9.2245920e-01   7.1386114e-02
   2.2040000e+03   9.9903195e-01   2.3654515e-04   7.3150129e-04
   2.2210000e+03   2.1223989e-02   9.7047594e-01   8.3000756e-03
   2.4500000e+03   6.7121635e-02   9.2320832e-01   9.6700407e-03
   2.4500000e+03   6.3815980e-02   9.2437158e-01   1.1812439e-02
   2.4500000e+03   9.9787774e-01   2.0951191e-03   2.7139817e-05
   2.1180000e+03   8.6037845e-02   4.7654021e-01   4.3742194e-01
   2.4820000e+03   6.1960050e-01   2.4652063e-01   1.3387887e-01
   2.4780000e+03   1.2359806e-03   7.7897359e-04   9.9798505e-01
   2.2080000e+03   1.0957442e-03   1.3833548e-03   9.9752090e-01
   2.2070000e+03   2.6192907e-03   9.9681794e-01   5.6276890e-04
   2.4530000e+03   1.6577037e-01   3.9191003e-01   4.4231960e-01
   2.4720000e+03   1.3604724e-03   2.2069900e-04   9.9841883e-01
   2.2100000e+03   1.3613310e-03   1.6669861e-03   9.9697168e-01
   2.4550000e+03   9.9815916e-01   1.5009933e-03   3.3984985e-04
   2.1280000e+03   1.6649338e-03   3.7844031e-04   9.9795663e-01
   2.4660000e+03   1.0437762e-03   1.2860609e-04   9.9882762e-01
   2.2120000e+03   1.1013435e-03   1.2849180e-03   9.9761374e-01
   2.4590000e+03   9.9860984e-01   1.1413143e-03   2.4885027e-04
   2.1260000e+03   7.3509807e-04   1.2340567e-03   9.9803085e-01
   2.3890000e+03   3.3702814e-04   9.9954622e-01   1.1675072e-04
   2.2140000e+03   9.1707774e-04   9.7791888e-04   9.9810500e-01
   2.4620000e+03   1.1698363e-03   1.4821285e-03   9.9734804e-01
   2.1690000e+03   9.9885082e-01   4.3935926e-04   7.0982097e-04
   2.4380000e+03   9.9909006e-01   1.3378128e-04   7.7615837e-04
   2.4330000e+03   6.6387869e-03   2.3255139e-01   7.6080983e-01
   2.2150000e+03   9.9855359e-01   1.4464103e-03   6.5619339e-15
   2.4380000e+03   4.2574185e-01   8.3848339e-02   4.9040981e-01
   2.3910000e+03   5.5056137e-04   9.9935675e-01   9.2683867e-05
   2.2160000e+03   1.9754352e-04   1.5705449e-03   9.9823191e-01
   2.4340000e+03   1.9919967e-03   1.3117615e-03   9.9669624e-01
   2.1670000e+03   9.9835731e-01   1.2734805e-03   3.6921343e-04
   2.4580000e+03   6.0516709e-01   4.0498972e-02   3.5433394e-01
   2.2180000e+03   4.0419702e-01   4.0892856e-02   5.5491012e-01
   2.1360000e+03   4.2533313e-04   9.9890545e-01   6.6921663e-04
   2.4440000e+03   1.1266906e-01   3.7010573e-01   5.1722521e-01
   2.0730000e+03   4.0068685e-01   3.0568547e-01   2.9362768e-01
   2.4510000e+03   2.2515261e-01   2.6142965e-01   5.1341775e-01
   2.4450000e+03   3.5341324e-02   8.5347797e-01   1.1118071e-01
   2.4450000e+03   5.2069240e-01   2.9222054e-01   1.8708706e-01
   2.1460000e+03   9.9758001e-01   2.1980687e-03   2.2192211e-04
   2.4480000e+03   2.0190494e-03   1.2825585e-04   9.9785269e-01
   2.2230000e+03   1.9099083e-03   7.9125582e-05   9.9801097e-01
   2.1640000e+03   2.1513639e-03   9.9771243e-01   1.3621052e-04
   2.2240000e+03   1.6697892e-01   8.2698845e-01   6.0326263e-03
   2.4430000e+03   6.4372033e-02   9.1832784e-01   1.7300126e-02
   2.4240000e+03   9.9698455e-01   2.2888473e-03   7.2660255e-04
   2.1450000e+03   2.5434458e-03   4.1284670e-03   9.9332809e-01
   2.4360000e+03   1.8931196e-03   3.3844237e-04   9.9776844e-01
   2.2270000e+03   1.9528590e-03   2.5780836e-03   9.9546906e-01
   2.4260000e+03   9.9749321e-01   2.3074411e-03   1.9934989e-04
   2.1430000e+03   2.2969213e-03   9.8953906e-05   9.9760412e-01
   2.4320000e+03   3.1676811e-02   2.2505616e-02   9.4581757e-01
   2.2280000e+03   4.9873300e-18   9.9806975e-01   1.9302483e-03
   2.4280000e+03   9.9757153e-01   2.2038955e-03   2.2457882e-04
   2.4320000e+03   3.2093876e-02   2.0227147e-02   9.4767898e-01
   2.3930000e+03   1.4649101e-04   9.9792734e-01   1.9261705e-03
   2.4320000e+03   2.9355042e-02   2.4465083e-02   9.4617987e-01
   2.4310000e+03   8.3912284e-03   9.8832574e-01   3.2830356e-03
   2.4320000e+03   2.3691142e-02   1.9424421e-02   9.5688444e-01
   2.5750000e+03   9.9715077e-01   8.0864991e-04   2.0405820e-03
   2.4280000e+03   3.3355097e-03   1.1661135e-01   8.8005314e-01
   2.5830000e+03   9.9749638e-01   2.8117808e-04   2.2224450e-03
   2.2350000e+03   9.9725668e-01   4.6475897e-04   2.2785586e-03
   2.2360000e+03   2.1343703e-03   9.9543203e-01   2.4335985e-03
   2.4230000e+03   8.8879727e-03   3.6259336e-02   9.5485269e-01
   2.2380000e+03   9.9731718e-01   2.6828244e-03   2.5459127e-15
   2.1580000e+03   3.3469060e-01   6.1848198e-01   4.6827415e-02
   2.1630000e+03   5.6563197e-01   3.9982746e-01   3.4540566e-02
   2.4000000e+03   3.2633086e-02   1.2251111e-01   8.4485580e-01
   2.3970000e+03   7.6718100e-01   6.6039480e-02   1.6677952e-01
   2.5780000e+03   2.4203251e-02   6.1458608e-01   3.6121066e-01
   2.5760000e+03   1.3319414e-02   2.3483809e-01   7.5184249e-01
   2.4300000e+03   4.6409193e-01   5.9565019e-03   5.2995157e-01
   2.5720000e+03   4.6840105e-01   3.2345620e-01   2.0814275e-01
   2.4060000e+03   2.2815682e-03   2.5984257e-04   9.9745859e-01
   2.2430000e+03   7.4902415e-03   2.1498638e-02   9.7101112e-01
   2.4030000e+03   1.2845288e-03   9.9717716e-01   1.5383107e-03
   2.4080000e+03   9.9921961e-01   7.7048221e-04   9.9053420e-06
   2.2450000e+03   1.3276543e-03   2.5890467e-04   9.9841344e-01
   2.1670000e+03   1.2495915e-03   9.9713485e-01   1.6155608e-03
   2.4140000e+03   7.1811610e-01   2.7520100e-01   6.6828996e-03
   2.4140000e+03   7.1679666e-01   2.7450366e-01   8.6996782e-03
   2.4140000e+03   7.1789437e-01   2.7295632e-01   9.1493142e-03
   2.1690000e+03   1.0212760e-03   9.9791833e-01   1.0603967e-03
   2.2490000e+03   8.7354520e-01   4.8677498e-02   7.7777301e-02
   2.4160000e+03   1.0417198e-02   8.5601982e-02   9.0398082e-01
   2.1610000e+03   1.0307649e-03   2.4459374e-03   9.9652330e-01
   2.4940000e+03   3.3621527e-02   8.9920936e-01   6.7169115e-02
   2.2500000e+03   3.0023855e-02   9.0890948e-01   6.1066667e-02
   2.2530000e+03   2.9261459e-04   9.9790445e-01   1.8029375e-03
   2.5850000e+03   3.5530223e-04   9.9796645e-01   1.6782456e-03
   2.2550000e+03   2.5414191e-03   4.9113782e-04   9.9696744e-01
   2.1550000e+03   5.5230610e-01   2.2869625e-01   2.1899765e-01
   2.1090000e+03   3.0558911e-01   4.0507484e-02   6.5390341e-01
   2.5710000e+03   7.7269685e-04   9.9811846e-01   1.1088460e-03
   2.5000000e+03   4.2630943e-01   4.4389081e-01   1.2979977e-01
   2.1080000e+03   9.9692162e-01   3.0150784e-03   6.3301996e-05
   2.2580000e+03   1.9122201e-04   2.2724467e-03   9.9753633e-01
   2.2570000e+03   9.9784230e-01   2.1576978e-03   0.0000000e+00
   2.5020000e+03   9.9684588e-01   2.9170490e-03   2.3707330e-04
   2.5000000e+03   3.0254054e-02   6.8255091e-01   2.8719503e-01
   2.2600000e+03   1.3596049e-04   2.1506753e-03   9.9771336e-01
   2.5070000e+03   1.9073884e-04   2.2036470e-03   9.9760561e-01
   2.1080000e+03   2.9821673e-03   9.9512097e-01   1.8968621e-03
   2.4980000e+03   2.6813084e-03   9.9723708e-01   8.1612042e-05
   2.5150000e+03   2.0203475e-03   0.0000000e+00   9.9797965e-01
   2.2610000e+03   9.9800565e-01   1.9943548e-03   2.2531824e-15
   2.4990000e+03   2.2938302e-03   2.6209315e-03   9.9508524e-01
   2.4960000e+03   1.7302304e-03   9.9751059e-01   7.5918360e-04
   2.5910000e+03   1.7355285e-03   9.9720391e-01   1.0605663e-03
   2.5150000e+03   2.9933729e-04   2.4114066e-03   9.9728926e-01
   2.1120000e+03   2.8981607e-03   9.9408044e-01   3.0214020e-03
   2.4020000e+03   2.8944551e-04   9.9830697e-01   1.4035849e-03
   2.2640000e+03   1.9108922e-03   1.9325679e-03   9.9615654e-01
   2.4960000e+03   6.1954035e-01   2.8691802e-01   9.3541623e-02
   2.1560000e+03   9.9793028e-01   7.6421914e-04   1.3054999e-03
   2.2660000e+03   5.0186502e-04   9.9849478e-01   1.0033530e-03
   2.5230000e+03   1.7059221e-03   1.8809265e-03   9.9641315e-01
   2.1580000e+03   9.9832416e-01   6.3755919e-04   1.0382809e-03
   2.5240000e+03   7.2784142e-02   8.8907870e-01   3.8137159e-02
   2.5300000e+03   6.4807952e-03   5.8128087e-02   9.3539112e-01
   2.2700000e+03   3.4477629e-17   9.9838450e-01   1.6154977e-03
   2.1030000e+03   9.9859952e-01   2.3040039e-04   1.1700830e-03
   2.5300000e+03   5.9546427e-02   3.2271934e-02   9.0818164e-01
   2.5380000e+03   3.0060588e-04   1.8009852e-03   9.9789841e-01
   2.5380000e+03   1.4745430e-03   0.0000000e+00   9.9852546e-01
   2.5120000e+03   1.4126808e-03   9.9715791e-01   1.4294102e-03
   2.2720000e+03   9.9843064e-01   1.6104332e-04   1.4083138e-03
   2.2730000e+03   1.3109346e-03   9.9813718e-01   5.5188754e-04
   2.2740000e+03   1.2444212e-03   1.1093000e-03   9.9764628e-01
   2.1530000e+03   1.4910336e-03   9.9850897e-01   8.2131309e-16
   2.1070000e+03   2.4502969e-17   9.9853562e-01   1.4643799e-03
   2.2750000e+03   1.4623018e-03   9.9811489e-01   4.2280930e-04
   2.5400000e+03   4.5599277e-04   1.6980472e-03   9.9784596e-01
   2.2750000e+03   1.5201828e-03   9.9847982e-01   5.4791954e-16
   2.5080000e+03   3.1086245e-15   1.5434898e-03   9.9845651e-01
   2.5430000e+03   5.1143236e-04   9.9837402e-01   1.1145485e-03
   2.2780000e+03   7.1310408e-04   1.6326246e-03   9.9765427e-01
   2.4150000e+03   6.6289952e-04   1.7720079e-03   9.9756509e-01
   2.5430000e+03   9.9891561e-01   1.0843939e-03   0.0000000e+00
   2.5410000e+03   1.3261118e-03   9.9814717e-01   5.2671708e-04
   2.2800000e+03   2.4349651e-04   1.3665633e-03   9.9838994e-01
   2.5500000e+03   3.2102450e-04   1.2750957e-03   9.9840388e-01
   2.0900000e+03   6.3036355e-04   9.9822379e-01   1.1458416e-03
   2.5350000e+03   1.7541816e-03   9.9812774e-01   1.1808219e-04
   2.0930000e+03   4.3461180e-04   1.9443696e-03   9.9762102e-01
   2.4170000e+03   1.1989480e-02   1.2091310e-01   8.6709742e-01
   2.3570000e+03   7.1834306e-02   3.4828490e-02   8.9333720e-01
   2.3590000e+03   2.6039398e-03   4.5609053e-02   9.5178701e-01
   2.2900000e+03   4.6521149e-04   1.2128922e-04   9.9941350e-01
   2.4190000e+03   1.0588960e-03   2.0252219e-03   9.9691588e-01
   2.1740000e+03   1.0751733e-03   1.6173025e-03   9.9730752e-01
   2.3850000e+03   4.3623998e-04   9.9938000e-01   1.8375889e-04
   2.1910000e+03   2.4711557e-03   9.9752884e-01   0.0000000e+00
   2.2930000e+03   1.3321323e-03   1.5171260e-03   9.9715074e-01
   2.1950000e+03   7.1054804e-04   9.9928945e-01   9.1497118e-16
   2.1910000e+03   9.9934599e-01   6.3259817e-04   2.1416689e-05
   2.3420000e+03   6.6835069e-04   9.9849044e-01   8.4121001e-04
   2.2950000e+03   7.7042328e-05   7.1207593e-04   9.9921088e-01
   2.2950000e+03   7.0423904e-04   8.1419545e-05   9.9921434e-01
   2.3420000e+03   9.9907948e-01   9.2051569e-04   2.8767758e-15
   2.1710000e+03   7.3237410e-04   9.9852061e-01   7.4701271e-04
   2.5480000e+03   9.9933959e-01   0.0000000e+00   6.6040938e-04
   2.4110000e+03   3.0466081e-17   9.9919277e-01   8.0723102e-04
   2.2960000e+03   9.9915813e-01   8.4187097e-04   0.0000000e+00
   2.3530000e+03   7.3318194e-04   2.1868654e-04   9.9904813e-01
   2.2990000e+03   4.7409336e-04   5.1145996e-04   9.9901445e-01
   2.3450000e+03   9.6045769e-04   8.9324394e-04   9.9814630e-01
   2.1940000e+03   9.2637136e-04   1.1307959e-03   9.9794283e-01
   2.4890000e+03   9.9894333e-01   8.9033947e-04   1.6633267e-04
   2.1160000e+03   1.0753714e-03   1.5957460e-03   9.9732888e-01
   2.3000000e+03   5.5511151e-16   1.0301248e-03   9.9896988e-01
   2.3000000e+03   9.9889463e-01   1.0463123e-03   5.9060008e-05
   2.4680000e+03   7.8292036e-04   1.1803365e-03   9.9803674e-01
   2.1710000e+03   9.9924455e-01   3.9787024e-04   3.5758152e-04
   2.3870000e+03   9.7501124e-05   9.9923900e-01   6.6350176e-04
   2.3020000e+03   9.9913959e-01   8.1205104e-04   4.8354855e-05
   2.4740000e+03   9.9917886e-04   1.1485675e-03   9.9785225e-01
   2.1240000e+03   8.8489182e-04   1.0351782e-03   9.9807993e-01
   2.4640000e+03   6.9967409e-05   9.9921830e-01   7.1173137e-04
   2.3040000e+03   9.9914132e-01   8.5867544e-04   0.0000000e+00
   2.4800000e+03   1.1426923e-03   1.2504050e-03   9.9760690e-01
   2.1220000e+03   1.1060621e-03   1.2169850e-03   9.9767695e-01
   2.3060000e+03   1.6653345e-15   9.9210766e-04   9.9900789e-01
   2.3500000e+03   8.8235247e-04   9.9911765e-01   0.0000000e+00
   2.1150000e+03   6.3945653e-04   9.9904158e-01   3.1896113e-04
   2.1150000e+03   5.8549545e-01   3.9344157e-01   2.1062982e-02
   2.4860000e+03   2.8861462e-16   9.9913001e-01   8.6998569e-04
   2.3080000e+03   9.9914876e-01   8.5124276e-04   0.0000000e+00
   2.3380000e+03   7.0390473e-04   9.9898461e-01   3.1149018e-04
   2.5860000e+03   2.1228756e-03   0.0000000e+00   9.9787712e-01
   2.5940000e+03   2.2297702e-15   9.9821006e-01   1.7899417e-03
