   2.5900000e+02   9.9960217e-01   2.4870348e-04   1.4912357e-04
   2.5200000e+02   7.2677165e-05   9.9956742e-01   3.5990696e-04
   2.5000000e+02   9.9951797e-01   3.5310442e-04   1.2892559e-04
   4.0000000e+00   9.9953866e-01   2.4833493e-04   2.1300772e-04
   2.6300000e+02   9.9965072e-01   3.2931152e-04   1.9968876e-05
   2.6100000e+02   1.3359382e-04   2.9410662e-04   9.9957230e-01
   2.8600000e+02   6.2229263e-05   9.9959748e-01   3.4028914e-04
   2.8600000e+02   7.5208246e-01   1.1966382e-02   2.3595116e-01
   3.5900000e+02   2.1530503e-01   4.0322430e-03   7.8066273e-01
   3.2000000e+02   6.5441693e-01   3.3823696e-01   7.3461161e-03
   3.9100000e+02   1.5897360e-04   9.7766229e-01   2.2178738e-02
   3.7000000e+02   5.7922652e-01   7.1929851e-02   3.4884363e-01
   3.4000000e+02   3.9085270e-03   9.7316856e-01   2.2922914e-02
   3.7000000e+02   3.9034044e-03   2.4807104e-02   9.7128949e-01
   3.5000000e+02   3.5757810e-04   4.5983768e-04   9.9918258e-01
   3.7700000e+02   3.5484238e-04   5.3033032e-04   9.9911483e-01
   3.7800000e+02   1.3477047e-02   9.7219724e-01   1.4325710e-02
   3.4100000e+02   9.9952715e-01   5.3217252e-05   4.1963337e-04
   3.5200000e+02   9.8642477e-01   5.6093726e-03   7.9658544e-03
   4.5500000e+02   9.4611347e-01   2.3329891e-02   3.0556634e-02
   3.7100000e+02   3.8285504e-04   4.5939626e-04   9.9915775e-01
   3.9000000e+02   4.5693307e-04   1.0280141e-03   9.9851505e-01
   4.0300000e+02   4.3940190e-04   5.7186185e-04   9.9898874e-01
   4.3200000e+02   6.1837629e-02   9.0473718e-02   8.4768865e-01
   3.9600000e+02   4.8845656e-01   4.8085395e-01   3.0689488e-02
   4.2700000e+02   4.8619855e-04   1.0016984e-04   9.9941363e-01
   4.3000000e+02   9.4182047e-01   4.5611187e-02   1.2568342e-02
   4.4700000e+02   9.9942545e-01   4.6287961e-04   1.1166909e-04
   5.1400000e+02   1.1386608e-03   6.6626932e-03   9.9219865e-01
   5.1100000e+02   6.8058552e-03   9.5417108e-01   3.9023061e-02
   5.0700000e+02   1.2424948e-03   9.8248765e-01   1.6269855e-02
   4.1000000e+02   1.3388172e-02   8.7413018e-01   1.1248164e-01
   4.5000000e+02   5.9643290e-04   9.9930700e-01   9.6572101e-05
   4.7500000e+02   4.8644601e-04   9.9899042e-01   5.2313701e-04
   5.0700000e+02   1.9815541e-02   9.2599119e-02   8.8758534e-01
   4.5000000e+02   6.5042288e-01   1.3511455e-02   3.3606567e-01
   4.7400000e+02   6.0055163e-04   5.1380876e-04   9.9888564e-01
   5.1900000e+02   7.1156491e-04   3.9766801e-04   9.9889077e-01
   5.1700000e+02   5.4005464e-01   4.5486454e-01   5.0808187e-03
   4.5600000e+02   4.9331924e-03   9.9262526e-01   2.4415499e-03
   5.1600000e+02   1.6122627e-02   9.8146228e-01   2.4150932e-03
   5.7900000e+02   4.8130425e-02   4.0314712e-02   9.1155486e-01
   5.3200000e+02   8.7259313e-01   5.1809298e-03   1.2222594e-01
   5.5400000e+02   9.6242991e-01   6.0470837e-03   3.1523003e-02
   5.5700000e+02   9.9904921e-01   5.2762894e-04   4.2316382e-04
   5.5600000e+02   1.3173101e-02   9.3603148e-01   5.0795418e-02
   5.6800000e+02   2.6815235e-02   9.5179020e-01   2.1394561e-02
   5.5500000e+02   2.5157154e-02   2.0745602e-01   7.6738683e-01
   5.9100000e+02   8.8546253e-01   9.7296738e-02   1.7240733e-02
   5.7500000e+02   5.4093375e-04   5.2307951e-04   9.9893599e-01
   7.4000000e+01   9.4161964e-01   2.7004790e-02   3.1375572e-02
   5.9400000e+02   8.0700851e-04   9.9867753e-01   5.1545927e-04
   5.6400000e+02   9.4348128e-01   7.9195694e-03   4.8599155e-02
   2.7570000e+03   4.4063319e-02   2.5772932e-02   9.3016375e-01
   5.6500000e+02   7.3466787e-02   2.6553194e-01   6.6100127e-01
   5.6900000e+02   2.0685785e-01   2.1479163e-01   5.7835052e-01
   6.2200000e+02   3.8671876e-02   7.5578783e-01   2.0554030e-01
   6.3700000e+02   2.6207756e-01   6.0895021e-01   1.2897222e-01
   5.8000000e+02   2.5174596e-02   6.8388876e-01   2.9093664e-01
   8.1000000e+01   2.4112978e-02   8.3570505e-01   1.4018198e-01
   6.4500000e+02   1.6276578e-03   9.8538671e-01   1.2985630e-02
   6.3100000e+02   5.4065904e-03   7.4100630e-01   2.5358711e-01
   6.3800000e+02   7.6091632e-01   7.2474854e-03   2.3183620e-01
   7.0400000e+02   1.8385782e-02   4.6060478e-01   5.2100944e-01
   6.6500000e+02   9.9581063e-01   1.1622295e-03   3.0271403e-03
   6.6500000e+02   1.7711370e-01   4.2739393e-02   7.8014691e-01
   6.3200000e+02   2.6078608e-01   7.2162161e-03   7.3199771e-01
   8.5000000e+01   4.9045109e-04   3.1095599e-01   6.8855356e-01
   7.0500000e+02   8.5532424e-01   5.6959393e-03   1.3897982e-01
   7.7000000e+02   2.2506944e-05   9.9962993e-01   3.4756100e-04
   7.7700000e+02   6.1563020e-03   9.5444994e-01   3.9393755e-02
   7.7900000e+02   2.2673618e-04   9.9962295e-01   1.5031700e-04
   8.1900000e+02   2.4278027e-01   1.6677803e-02   7.4054193e-01
   1.0500000e+02   3.2268733e-01   6.7387550e-01   3.4371706e-03
   8.2600000e+02   3.8138403e-02   1.4799480e-02   9.4706212e-01
   8.2600000e+02   9.0926968e-01   6.8350361e-02   2.2379955e-02
   7.7900000e+02   1.0843153e-01   1.9952343e-02   8.7161613e-01
   8.1800000e+02   1.5372845e-02   9.6160118e-01   2.3025978e-02
   8.1500000e+02   1.4604868e-02   4.2543311e-02   9.4285182e-01
   9.6600000e+02   2.9673745e-04   2.1521264e-04   9.9948805e-01
   8.3100000e+02   6.0847466e-01   1.2148728e-02   3.7937661e-01
   8.8700000e+02   7.7904819e-02   4.7789008e-01   4.4420510e-01
   9.5600000e+02   4.0955218e-01   2.2741863e-02   5.6770596e-01
   9.3700000e+02   9.9703635e-01   8.4065835e-04   2.1229887e-03
   9.3600000e+02   1.9352478e-04   9.9945299e-01   3.5348923e-04
   9.1400000e+02   3.4442301e-04   9.9930901e-01   3.4656740e-04
   8.9000000e+02   3.4269535e-04   9.9960362e-01   5.3688907e-05
   3.0600000e+03   8.1601055e-01   1.7776585e-01   6.2235978e-03
   1.0120000e+03   1.0384409e-06   6.5344276e-04   9.9934552e-01
   8.1500000e+02   2.0540601e-01   7.9194522e-01   2.6487724e-03
   8.8800000e+02   4.0028871e-02   2.4292922e-02   9.3567821e-01
   1.0140000e+03   9.6461849e-01   0.0000000e+00   3.5381512e-02
   1.0250000e+03   3.1627748e-02   7.3927690e-01   2.2909535e-01
   1.0020000e+03   9.9831844e-01   1.5790482e-04   1.5236559e-03
   1.0010000e+03   1.2778803e-05   9.9959096e-01   3.9625847e-04
   9.6500000e+02   1.1788819e-02   6.2842311e-01   3.5978807e-01
   9.5300000e+02   8.7917762e-01   1.1676659e-02   1.0914572e-01
   9.1600000e+02   2.1864191e-03   2.4843365e-04   9.9756515e-01
   9.1500000e+02   4.2689306e-02   2.6456675e-02   9.3085402e-01
   9.5300000e+02   1.8606594e-01   2.1894493e-02   7.9203957e-01
   8.9600000e+02   9.9976247e-01   2.2928505e-04   8.2461265e-06
   8.9400000e+02   9.9966661e-01   2.6323648e-04   7.0158433e-05
   9.0100000e+02   3.2827682e-05   3.4267073e-05   9.9993291e-01
   9.0300000e+02   9.7014185e-05   3.6202903e-15   9.9990299e-01
   9.4600000e+02   9.9977430e-01   8.5006236e-05   1.4068959e-04
   9.3300000e+02   8.8763866e-05   9.9987548e-01   3.5756920e-05
   9.0800000e+02   3.1438713e-05   9.9980084e-01   1.6771680e-04
   9.8700000e+02   3.4015690e-04   9.9965981e-01   3.5235063e-08
   9.9900000e+02   3.7096456e-05   9.5313453e-05   9.9986759e-01
   1.0320000e+03   3.3569045e-04   9.9942941e-01   2.3490095e-04
   9.8900000e+02   9.7095117e-05   9.9971241e-01   1.9049744e-04
   9.8400000e+02   2.3811416e-04   2.4734364e-04   9.9951454e-01
   9.2500000e+02   5.4406873e-01   3.6571091e-01   9.0220358e-02
   1.0230000e+03   1.2767263e-04   9.9978102e-01   9.1304958e-05
   1.0690000e+03   1.0893008e-04   1.1025912e-04   9.9978081e-01
   9.1800000e+02   1.9109064e-05   1.2851103e-04   9.9985238e-01
   9.1700000e+02   2.4177451e-02   9.7469252e-02   8.7835330e-01
   9.2600000e+02   1.2221430e-01   8.4622405e-02   7.9316330e-01
   3.1000000e+01   3.8030048e-01   3.3032054e-01   2.8937898e-01
   1.2600000e+02   5.6337175e-05   9.9949394e-01   4.4972477e-04
   1.2800000e+02   1.1828228e-04   9.9946601e-01   4.1571148e-04
   1.0720000e+03   2.1421614e-05   9.9953262e-01   4.4596235e-04
   1.0700000e+03   5.5485265e-04   5.6472316e-15   9.9944515e-01
   2.8000000e+01   1.2601525e-02   1.4062811e-02   9.7333566e-01
   1.0980000e+03   6.7739276e-05   4.9788613e-04   9.9943437e-01
   1.0860000e+03   1.9379070e-04   5.8137315e-01   4.1843306e-01
   1.0040000e+03   1.0132509e-02   8.9521752e-01   9.4649970e-02
   1.0050000e+03   1.4084206e-02   8.9373218e-01   9.2183618e-02
   9.9700000e+02   5.9769220e-03   2.6214684e-02   9.6780839e-01
   1.1300000e+03   9.8330198e-01   5.4451179e-03   1.1252905e-02
   1.0460000e+03   4.4069190e-03   8.2956420e-02   9.1263666e-01
   3.2000000e+01   9.9861803e-01   1.9878618e-05   1.3620941e-03
   9.9600000e+02   1.4146159e-01   6.2578214e-01   2.3275626e-01
   1.0190000e+03   4.9083484e-02   8.3733622e-01   1.1358030e-01
   1.0190000e+03   9.0658844e-01   4.8603441e-02   4.4808117e-02
   1.1200000e+03   9.9900647e-01   3.8153151e-05   9.5537696e-04
   1.4200000e+02   5.8984849e-05   9.9903875e-01   9.0226734e-04
   1.1270000e+03   1.0213819e-03   9.9894364e-01   3.4976956e-05
   1.1290000e+03   2.7534841e-04   9.9844246e-01   1.2821891e-03
   1.0240000e+03   5.1564354e-02   2.8994952e-01   6.5848613e-01
   1.0100000e+03   2.2651520e-02   9.7137278e-01   5.9756986e-03
   1.0160000e+03   3.5837914e-03   4.2026992e-04   9.9599594e-01
   1.1350000e+03   4.5013946e-01   5.3567541e-01   1.4185133e-02
   1.0790000e+03   2.5730716e-02   6.3878782e-02   9.1039050e-01
   1.2000000e+02   8.4662998e-01   2.2555413e-02   1.3081461e-01
   1.0790000e+03   1.1531847e-01   6.4507545e-01   2.3960608e-01
   1.1250000e+03   7.0307643e-01   2.5272499e-01   4.4198580e-02
   1.1260000e+03   3.7124444e-01   1.8181129e-01   4.4694427e-01
   1.2500000e+02   4.5379581e-01   6.1252628e-02   4.8495156e-01
   3.3000000e+01   9.3144817e-02   8.8853425e-01   1.8320928e-02
   1.3200000e+02   6.2279668e-02   8.8492207e-01   5.2798260e-02
   1.3800000e+02   3.3071910e-01   5.4468721e-01   1.2459369e-01
   1.1230000e+03   3.6621112e-02   8.1737141e-02   8.8164175e-01
   1.0750000e+03   5.3703280e-02   1.7903741e-01   7.6725931e-01
   1.1230000e+03   5.2111200e-04   9.9928211e-01   1.9677746e-04
   1.0780000e+03   3.2083380e-02   1.3568012e-01   8.3223650e-01
   1.2370000e+03   9.7305429e-04   1.7976480e-04   9.9884718e-01
   1.0610000e+03   9.7825864e-01   2.0999929e-02   7.4143243e-04
   1.2330000e+03   8.5332600e-04   3.7917304e-04   9.9876750e-01
   1.2240000e+03   9.9902122e-01   9.1324480e-04   6.5534721e-05
   1.7300000e+02   7.7489703e-04   5.4835536e-05   9.9917027e-01
   1.2200000e+03   9.0921360e-04   9.9907658e-01   1.4203437e-05
   1.7000000e+02   8.4982928e-04   1.7530584e-01   8.2384433e-01
   1.2160000e+03   1.4474965e-02   9.8535187e-01   1.7316581e-04
   1.2880000e+03   4.2898868e-03   6.0541010e-01   3.9030001e-01
   1.2650000e+03   5.3765771e-02   1.4964328e-02   9.3126990e-01
   1.3010000e+03   2.2724995e-04   9.9955643e-01   2.1631875e-04
   1.3630000e+03   1.2235510e-02   8.0986773e-03   9.7966581e-01
   1.3130000e+03   5.8393398e-04   1.0449970e-05   9.9940562e-01
   1.2690000e+03   5.6153137e-02   2.2323445e-01   7.2061241e-01
   2.0200000e+02   4.6346523e-01   3.6743299e-01   1.6910178e-01
   1.2500000e+03   1.2980731e-02   6.0759153e-01   3.7942774e-01
   1.2420000e+03   8.8314067e-04   9.9889384e-01   2.2301568e-04
   1.6500000e+02   3.1923890e-02   8.3106607e-01   1.3701004e-01
   1.9100000e+02   4.2178573e-02   6.2509185e-01   3.3272957e-01
   1.3150000e+03   4.5891419e-04   2.8039023e-05   9.9951305e-01
   1.9300000e+02   4.5718353e-04   8.2756256e-05   9.9946006e-01
   4.0000000e+01   8.8459137e-04   9.9895221e-01   1.6320075e-04
   1.2640000e+03   1.7013015e-04   9.3431391e-04   9.9889556e-01
   1.3770000e+03   9.1663216e-05   9.9915580e-01   7.5253227e-04
   1.2630000e+03   2.0777383e-01   7.0188928e-01   9.0336884e-02
   1.2840000e+03   1.2870531e-01   5.5891403e-01   3.1238066e-01
   1.3840000e+03   9.9937404e-01   5.9076237e-04   3.5193137e-05
   1.9000000e+02   8.6663684e-03   9.6442785e-01   2.6905786e-02
   1.3870000e+03   6.1739805e-04   7.4616224e-05   9.9930799e-01
   1.3830000e+03   9.9934900e-01   2.1395707e-15   6.5099999e-04
   1.7700000e+02   1.5202753e-01   1.7860549e-01   6.6936698e-01
   1.3700000e+02   7.7037234e-03   8.3150642e-01   1.6078986e-01
   1.4790000e+03   3.6781265e-04   2.1283350e-04   9.9941935e-01
   1.4160000e+03   8.5632814e-01   7.7291607e-02   6.6380258e-02
   1.3520000e+03   9.3158627e-01   5.8095102e-02   1.0318630e-02
   1.2630000e+03   9.3660741e-01   2.9053756e-02   3.4338834e-02
   1.2630000e+03   1.0382253e-02   4.3520086e-02   9.4609766e-01
   1.2550000e+03   7.2325888e-03   4.4508460e-03   9.8831657e-01
   1.2840000e+03   8.4733750e-01   1.5146144e-01   1.2010612e-03
   5.0700000e+03   4.3001046e-02   2.6735225e-01   6.8964670e-01
   1.4200000e+03   9.9920770e-01   1.7225651e-04   6.2004167e-04
   1.3000000e+03   1.1520185e-01   3.8799569e-01   4.9680247e-01
   1.2660000e+03   1.9058177e-02   3.3743865e-01   6.4350317e-01
   1.4790000e+03   9.9590200e-01   4.0979959e-03   0.0000000e+00
   1.4160000e+03   4.5724089e-04   3.7907138e-05   9.9950485e-01
   1.3040000e+03   8.2923242e-01   5.8695675e-02   1.1207190e-01
   1.3030000e+03   1.2417472e-01   9.9141392e-02   7.7668388e-01
   1.2670000e+03   6.7083975e-01   1.1294411e-01   2.1621615e-01
   1.2980000e+03   7.7469902e-01   1.1305078e-01   1.1225020e-01
   1.8400000e+02   1.3193570e-01   6.9618644e-02   7.9844566e-01
   1.4720000e+03   4.6382452e-03   9.8109971e-01   1.4262048e-02
   1.3190000e+03   1.1102230e-16   5.5498203e-03   9.9445018e-01
   1.4170000e+03   1.6076065e-04   3.9652016e-04   9.9944272e-01
   1.4730000e+03   1.7304040e-04   9.9974164e-01   8.5316485e-05
   1.4710000e+03   3.3936391e-04   1.6625046e-04   9.9949439e-01
   1.4140000e+03   9.9943071e-01   2.2195154e-05   5.4709496e-04
   1.3270000e+03   5.7183755e-01   1.9086035e-01   2.3730211e-01
   1.4650000e+03   4.2254462e-03   4.0317449e-02   9.5545711e-01
   1.4720000e+03   3.9660505e-01   5.8558914e-01   1.7805807e-02
   1.3920000e+03   9.9965522e-01   1.8811686e-04   1.5666649e-04
   1.4240000e+03   9.9944820e-01   3.5596572e-05   5.1620333e-04
   1.3860000e+03   5.7620784e-06   6.1267824e-04   9.9938156e-01
   1.3920000e+03   3.5108300e-02   1.3271163e-01   8.3218007e-01
   1.5350000e+03   3.1682119e-04   1.1728846e-04   9.9956589e-01
   1.4230000e+03   3.7291160e-05   9.9943024e-01   5.3246986e-04
   1.4700000e+03   5.4799958e-03   5.7259194e-01   4.2192807e-01
   4.9000000e+01   5.9939633e-01   9.0004588e-03   3.9160321e-01
   1.5260000e+03   2.5907324e-03   1.6945914e-04   9.9723981e-01
   1.4070000e+03   9.9970882e-01   1.0125967e-04   1.8992207e-04
   1.3930000e+03   1.0736237e-02   4.7343475e-03   9.8452942e-01
   1.5180000e+03   8.4406425e-05   5.3947945e-06   9.9991020e-01
   1.4280000e+03   3.2253070e-04   1.8792462e-15   9.9967747e-01
   1.4250000e+03   8.4659737e-05   3.1100725e-04   9.9960433e-01
   1.4840000e+03   8.1930749e-03   4.2542568e-01   5.6638124e-01
   1.4080000e+03   2.9851255e-04   9.9969485e-01   6.6369571e-06
   1.4120000e+03   9.9721193e-01   1.3415470e-04   2.6539134e-03
   1.4630000e+03   2.9907616e-04   9.9960854e-01   9.2381308e-05
   1.5190000e+03   7.2065188e-05   1.7883472e-04   9.9974910e-01
   1.4260000e+03   3.5332056e-04   4.3526566e-15   9.9964668e-01
   1.4090000e+03   2.4657207e-05   9.9962392e-01   3.5142723e-04
   1.4020000e+03   1.0000000e+00   0.0000000e+00   0.0000000e+00
   1.5120000e+03   5.0520886e-05   1.2144053e-04   9.9982804e-01
   1.5150000e+03   7.0311136e-02   7.3452562e-02   8.5623630e-01
   1.5240000e+03   1.8918213e-01   7.9344868e-01   1.7369192e-02
   1.5290000e+03   3.3303045e-01   3.0893229e-01   3.5803727e-01
   4.9000000e+01   9.8725279e-02   5.0274960e-01   3.9852512e-01
   1.5320000e+03   8.5916756e-01   2.9302470e-02   1.1152997e-01
   1.6080000e+03   1.8337750e-02   6.3214641e-02   9.1844761e-01
   1.5450000e+03   3.7453029e-02   5.1716508e-02   9.1083046e-01
   1.6140000e+03   3.3011833e-01   6.5890132e-01   1.0980358e-02
   2.0700000e+02   1.0861675e-01   8.4627520e-01   4.5108046e-02
   1.6420000e+03   9.9961890e-01   3.7563809e-04   5.4609673e-06
   1.6660000e+03   1.2405889e-02   9.5826314e-01   2.9330972e-02
   1.6650000e+03   9.6220913e-05   9.9962123e-01   2.8254837e-04
   1.6090000e+03   1.4612196e-01   5.0627233e-03   8.4881532e-01
   1.6090000e+03   7.8632429e-01   7.8240029e-03   2.0585171e-01
   1.6820000e+03   2.3042963e-01   7.6348232e-01   6.0880505e-03
   1.6660000e+03   3.1228348e-03   4.0023244e-05   9.9683714e-01
   1.6700000e+03   2.3336292e-02   4.4874222e-01   5.2792149e-01
   1.6730000e+03   2.9505029e-01   1.4622967e-02   6.9032674e-01
   5.3450000e+03   2.3343524e-02   4.4443361e-02   9.3221311e-01
   1.7600000e+03   9.7951983e-01   1.7509999e-02   2.9701691e-03
   1.7080000e+03   1.6037715e-01   5.5494358e-01   2.8467927e-01
   1.7610000e+03   2.5587675e-01   6.8901195e-02   6.7522206e-01
   1.7410000e+03   6.8460051e-01   3.0652191e-01   8.8775709e-03
   1.7320000e+03   9.0133160e-01   7.9807365e-02   1.8861040e-02
   2.3500000e+02   4.0319757e-01   5.8944889e-01   7.3535421e-03
   2.2500000e+02   2.8473978e-03   2.4878922e-01   7.4836338e-01
   1.7520000e+03   6.1332081e-03   8.4706343e-01   1.4680337e-01
   1.7520000e+03   1.0407413e-02   4.0251082e-02   9.4934150e-01
   1.7980000e+03   4.4531526e-04   1.3045118e-15   9.9955468e-01
   1.8000000e+03   2.9410296e-02   9.5862025e-01   1.1969457e-02
   1.8050000e+03   8.7088174e-01   8.8593817e-03   1.2025888e-01
   2.3800000e+02   2.6042734e-01   7.2231161e-03   7.3234955e-01
   1.8010000e+03   3.3112597e-03   9.9635152e-01   3.3722326e-04
   1.8530000e+03   2.0914495e-02   9.6045518e-01   1.8630327e-02
   1.8000000e+03   9.9961617e-01   7.2366996e-05   3.1145942e-04
   1.8010000e+03   7.9134012e-03   7.7531917e-04   9.9131128e-01
   2.4400000e+02   2.1380986e-02   2.6801997e-01   7.1059904e-01
   1.8060000e+03   9.4924094e-01   5.7203127e-03   4.5038747e-02
   5.4270000e+03   8.5195476e-03   1.7664128e-02   9.7381632e-01
   1.8340000e+03   1.8777012e-04   2.2728376e-04   9.9958495e-01
   1.8490000e+03   1.9458399e-02   0.0000000e+00   9.8054160e-01
   1.8490000e+03   3.0005834e-02   9.1916112e-01   5.0833045e-02
   1.8620000e+03   2.3771851e-04   3.2069919e-04   9.9944158e-01
   1.8650000e+03   2.1172497e-02   8.1562030e-01   1.6320720e-01
   1.8620000e+03   7.7239426e-01   3.3682032e-02   1.9392370e-01
   1.9220000e+03   3.9321075e-03   2.2839329e-02   9.7322856e-01
   1.9190000e+03   9.9380415e-01   5.8687494e-03   3.2710215e-04
   1.7990000e+03   8.1471765e-02   9.0928961e-01   9.2386215e-03
   1.9180000e+03   9.6474288e-01   2.5936078e-03   3.2663510e-02
   1.8940000e+03   2.1909859e-04   1.0226891e-04   9.9967863e-01
   1.8790000e+03   9.9950454e-01   2.8619164e-04   2.0926610e-04
   1.8610000e+03   2.0585830e-01   7.3635969e-01   5.7782015e-02
   1.8690000e+03   1.1465252e-01   8.4429540e-01   4.1052089e-02
   1.9130000e+03   1.0382675e-02   9.6076759e-01   2.8849732e-02
   1.9620000e+03   1.3087129e-02   9.2456847e-01   6.2344401e-02
   1.9170000e+03   1.2597596e-02   5.8884531e-03   9.8151395e-01
   1.9480000e+03   5.7825452e-03   9.9323483e-01   9.8262044e-04
   1.9190000e+03   1.0105601e-02   9.7706982e-01   1.2824574e-02
   1.9030000e+03   3.1342600e-01   3.1082867e-02   6.5549113e-01
   1.9030000e+03   2.2806123e-04   9.9976127e-01   1.0668215e-05
   1.9100000e+03   9.9977872e-01   4.3237332e-05   1.7803901e-04
   1.9080000e+03   5.2777082e-02   9.2337339e-01   2.3849526e-02
   1.9920000e+03   1.5026019e-04   9.9951889e-01   3.3085034e-04
   6.2000000e+01   1.3343268e-02   3.2326881e-02   9.5432985e-01
   1.9390000e+03   9.2508049e-01   5.7124446e-02   1.7795061e-02
   1.9230000e+03   2.4950568e-04   1.0200843e-04   9.9964849e-01
   1.9380000e+03   1.5094615e-04   9.9963154e-01   2.1750928e-04
   1.9650000e+03   1.4329315e-04   9.9955060e-01   3.0610591e-04
   1.9630000e+03   1.8898799e-01   4.5463891e-02   7.6554812e-01
   1.9900000e+03   3.0349518e-04   1.1099657e-04   9.9958551e-01
   1.9400000e+03   2.6434348e-04   2.7400097e-04   9.9946166e-01
   5.5950000e+03   5.0424817e-01   3.3720151e-01   1.5855032e-01
   1.9590000e+03   1.8602363e-02   9.6169416e-01   1.9703477e-02
   1.9420000e+03   1.4277567e-02   4.1958817e-01   5.6613426e-01
   2.0380000e+03   9.5549207e-04   1.0247502e-01   8.9656948e-01
   1.9680000e+03   2.9390671e-04   2.7111902e-04   9.9943497e-01
   2.0410000e+03   9.3879212e-04   1.1707725e-02   9.8735348e-01
   1.9610000e+03   2.9057477e-04   1.7870201e-04   9.9953072e-01
   1.9890000e+03   9.8411507e-01   6.1373923e-03   9.7475401e-03
   2.0270000e+03   4.6494556e-01   5.1468133e-03   5.2990763e-01
   1.9830000e+03   2.7478222e-04   2.1058361e-04   9.9951463e-01
   2.0120000e+03   1.3794056e-03   2.5942167e-02   9.7267843e-01
   2.0170000e+03   1.6129854e-02   1.9990756e-02   9.6387939e-01
   1.9720000e+03   9.9969658e-01   1.5719696e-04   1.4622293e-04
   5.6430000e+03   9.3266941e-03   1.5615698e-01   8.3451633e-01
   2.0200000e+03   7.6510694e-01   2.1896904e-01   1.5924019e-02
   1.9760000e+03   9.9967674e-01   1.8471798e-04   1.3854147e-04
   1.9740000e+03   1.1996940e-04   9.9959497e-01   2.8505709e-04
   2.0610000e+03   2.4872940e-01   4.7244703e-03   7.4654613e-01
   1.9940000e+03   7.9974862e-05   9.9963694e-01   2.8308296e-04
   1.9840000e+03   9.9970334e-01   1.3113215e-04   1.6552742e-04
   2.0120000e+03   9.1081420e-01   1.3680263e-02   7.5505535e-02
   2.0000000e+03   7.5791306e-01   2.0767670e-02   2.2131928e-01
   2.0160000e+03   3.7720769e-03   1.8933383e-02   9.7729454e-01
   6.5000000e+01   1.1812100e-04   9.9961257e-01   2.6930438e-04
   2.0900000e+03   1.2526910e-04   9.9961011e-01   2.6462392e-04
   2.0210000e+03   1.4359269e-03   7.2806045e-01   2.7050362e-01
   2.0580000e+03   1.8831526e-03   2.8638839e-01   7.1172845e-01
   2.0970000e+03   9.6572001e-05   1.1571347e-04   9.9978771e-01
   6.9000000e+01   9.9977021e-01   1.3049996e-04   9.9294548e-05
   2.1170000e+03   1.9971532e-04   1.3941095e-04   9.9966087e-01
   6.8000000e+01   9.9970783e-01   2.0458245e-04   8.7584631e-05
   7.8000000e+01   9.9903021e-01   6.3615787e-04   3.3363287e-04
   8.8000000e+01   8.7667985e-01   1.1189402e-01   1.1426136e-02
   9.2000000e+01   9.9954957e-01   1.3612316e-04   3.1430297e-04
   9.4000000e+01   9.9930908e-01   3.7154365e-04   3.1937439e-04
   1.0100000e+02   9.9896665e-01   7.6856577e-04   2.6478711e-04
   1.0300000e+02   9.9892426e-01   8.0643181e-04   2.6931220e-04
   1.0600000e+02   9.9963178e-01   6.8380713e-05   2.9984034e-04
   1.0800000e+02   9.9919148e-01   5.1944007e-04   2.8908070e-04
   9.7000000e+01   8.2131234e-02   8.8992220e-01   2.7946569e-02
   1.1200000e+02   9.1632536e-01   7.3651490e-02   1.0023149e-02
   1.0700000e+02   1.4432297e-02   1.8000379e-01   8.0556391e-01
   1.1400000e+02   2.9968044e-02   9.6913474e-01   8.9721914e-04
   1.5800000e+02   1.7361474e-02   6.2901016e-02   9.1973751e-01
   1.4000000e+02   9.9925284e-01   4.3384075e-04   3.1331701e-04
   1.4400000e+02   9.4416586e-01   3.1835557e-03   5.2650580e-02
   1.1400000e+02   2.4170463e-01   2.2758565e-01   5.3070972e-01
   1.5800000e+02   8.0438115e-01   9.8861822e-02   9.6757023e-02
   1.9800000e+02   2.6796634e-04   9.9927661e-01   4.5541907e-04
   1.4400000e+02   7.0282334e-03   6.1973523e-04   9.9235203e-01
   1.1700000e+02   5.2446014e-02   9.3969897e-01   7.8550192e-03
   1.4900000e+02   1.1203786e-04   9.9905740e-01   8.3056477e-04
   1.8700000e+02   9.7102183e-01   5.4073492e-03   2.3570822e-02
   1.3300000e+02   9.9978820e-01   1.6538710e-04   4.6417073e-05
   1.4500000e+02   6.5419431e-02   8.5329136e-01   8.1289207e-02
   1.3500000e+02   4.7363342e-01   4.8478297e-02   4.7788828e-01
   1.5400000e+02   1.1722865e-01   1.2736280e-01   7.5540855e-01
   1.5200000e+02   1.6420013e-04   6.3909006e-04   9.9919671e-01
   1.7100000e+02   8.1880312e-04   9.0403212e-05   9.9909079e-01
   1.3800000e+02   9.4931498e-01   3.6931211e-03   4.6991895e-02
   1.6700000e+02   8.1487685e-05   8.7239793e-04   9.9904611e-01
   1.6600000e+02   2.2505282e-04   1.0336425e-03   9.9874130e-01
   1.6300000e+02   2.3857056e-04   5.1837480e-04   9.9924305e-01
   1.6000000e+02   7.9870252e-04   5.4435921e-04   9.9865694e-01
   2.1500000e+02   2.2581211e-02   1.2953901e-02   9.6446489e-01
   1.7700000e+02   5.2703155e-01   2.2291402e-01   2.5005443e-01
   1.7900000e+02   8.8639878e-01   0.0000000e+00   1.1360122e-01
   1.7500000e+02   2.5776056e-04   1.1610088e-03   9.9858123e-01
   1.9100000e+02   4.7402561e-04   8.6104336e-05   9.9943987e-01
   1.6200000e+02   0.0000000e+00   3.0035596e-01   6.9964404e-01
   2.0900000e+02   2.1129613e-02   2.7330449e-02   9.5153994e-01
   2.1000000e+02   2.0810934e-04   9.9895240e-01   8.3949382e-04
   1.8000000e+02   5.4433999e-02   2.7363879e-01   6.7192721e-01
   1.8400000e+02   9.9890490e-01   3.0053132e-04   7.9456402e-04
   2.1500000e+02   3.4329917e-02   9.3493996e-01   3.0730119e-02
   2.1600000e+02   8.1887540e-01   1.5286338e-01   2.8261225e-02
   2.0900000e+02   6.2942009e-01   3.4972429e-01   2.0855613e-02
   2.2300000e+02   9.6150566e-01   9.0071663e-03   2.9487178e-02
   2.2700000e+02   1.2190261e-04   9.9931896e-01   5.5913708e-04
   2.2900000e+02   1.5392622e-04   9.9945440e-01   3.9167170e-04
   2.3100000e+02   1.6553757e-04   9.9894243e-01   8.9203186e-04
   2.3200000e+02   1.6592775e-04   9.9853466e-01   1.2994172e-03
   2.2600000e+02   7.8570495e-01   2.1366649e-01   6.2855830e-04
   2.3600000e+02   1.4356596e-04   9.9914260e-01   7.1383894e-04
   2.3700000e+02   1.7931447e-04   9.9923698e-01   5.8370237e-04
   2.3000000e+02   4.2251685e-01   5.7297484e-01   4.5083135e-03
   2.4200000e+02   9.6025558e-01   1.3557831e-02   2.6186594e-02
   2.4400000e+02   2.8708801e-04   9.9916057e-01   5.5234364e-04
   5.0690000e+03   9.9976780e-01   3.6701474e-05   1.9549683e-04
   5.1050000e+03   8.9512430e-05   3.3973532e-04   9.9957075e-01
   5.1060000e+03   8.8205003e-05   1.0209992e-04   9.9980970e-01
   5.1240000e+03   1.4184981e-04   2.5602525e-04   9.9960212e-01
   5.1400000e+03   9.2686370e-05   1.2673060e-04   9.9978058e-01
   1.5300000e+03   6.9283524e-05   1.2561033e-04   9.9980511e-01
   1.5180000e+03   9.9964873e-01   3.3406242e-04   1.7209584e-05
   1.5840000e+03   8.1224691e-15   9.9999571e-01   4.2881074e-06
   5.1230000e+03   1.2807695e-04   4.9916480e-04   9.9937276e-01
   4.9380000e+03   1.6437582e-03   9.6293930e-03   9.8872685e-01
   5.1410000e+03   2.8364289e-04   4.0234679e-05   9.9967612e-01
   5.2020000e+03   1.1102230e-15   2.7013123e-04   9.9972987e-01
   5.1400000e+03   9.8350321e-01   1.6175638e-02   3.2114827e-04
   5.1980000e+03   8.3743607e-05   2.6141342e-04   9.9965484e-01
   5.2130000e+03   8.1379094e-02   5.7545117e-03   9.1286639e-01
   4.9510000e+03   9.0318729e-05   2.2725741e-04   9.9968242e-01
   4.9510000e+03   4.7456337e-01   5.1895813e-01   6.4784983e-03
   4.9430000e+03   4.9067756e-04   9.9947038e-01   3.8942630e-05
   5.1990000e+03   1.5490745e-06   9.9973465e-01   2.6379943e-04
   5.2010000e+03   9.9968375e-01   2.3952403e-04   7.6722047e-05
   5.2080000e+03   7.8221702e-05   9.9958213e-01   3.3965308e-04
   5.2400000e+03   7.3028221e-05   3.1888473e-04   9.9960809e-01
   1.5850000e+03   0.0000000e+00   1.0000000e+00   0.0000000e+00
   5.2430000e+03   1.6953240e-04   2.1636138e-04   9.9961411e-01
   4.9560000e+03   1.2485183e-04   3.6948671e-04   9.9950566e-01
   5.0000000e+03   1.8577197e-02   4.1245391e-01   5.6896890e-01
   5.2610000e+03   1.1846428e-04   9.9958679e-01   2.9474217e-04
   5.2550000e+03   3.1440116e-04   1.6249371e-04   9.9952311e-01
   5.2380000e+03   5.8008308e-02   5.6645571e-01   3.7553598e-01
   5.2380000e+03   3.6370474e-03   9.8059460e-01   1.5768355e-02
   5.2780000e+03   1.0731627e-01   9.8101854e-02   7.9458187e-01
   5.2680000e+03   6.6656206e-02   8.5155481e-01   8.1788980e-02
   5.2830000e+03   8.7596018e-05   9.9962047e-01   2.9193450e-04
   5.3270000e+03   1.2033343e-05   4.5609894e-04   9.9953187e-01
   5.2980000e+03   3.0812155e-04   2.0585083e-04   9.9948603e-01
   5.2770000e+03   9.1855218e-01   7.1545389e-02   9.9024335e-03
   5.3080000e+03   1.3152228e-04   9.9954146e-01   3.2701437e-04
   5.3220000e+03   3.5033704e-01   4.8775326e-02   6.0088763e-01
   5.3220000e+03   9.9952779e-01   1.1669115e-04   3.5551984e-04
   5.2670000e+03   8.5416319e-03   3.2854806e-02   9.5860356e-01
   5.2660000e+03   4.7579715e-04   9.9903310e-01   4.9110740e-04
   4.9850000e+03   9.9947515e-01   1.4423827e-05   5.1042921e-04
   5.2910000e+03   9.9952048e-01   4.6997542e-04   9.5477098e-06
   5.2950000e+03   6.5268223e-01   3.4142339e-01   5.8943755e-03
   5.3030000e+03   3.3755502e-04   1.5180217e-04   9.9951064e-01
   5.3690000e+03   1.7112370e-02   9.2238291e-01   6.0504721e-02
   5.3330000e+03   9.9975993e-01   2.3423364e-04   5.8396373e-06
   5.3370000e+03   1.2007539e-15   9.9969751e-01   3.0249209e-04
   5.3630000e+03   3.9566858e-01   3.0229656e-02   5.7410177e-01
   5.3630000e+03   9.9928999e-01   1.2437998e-04   5.8562928e-04
   5.3660000e+03   4.1442597e-05   4.4260803e-04   9.9951595e-01
   5.0100000e+03   3.7941083e-01   5.6566486e-01   5.4924312e-02
   5.3100000e+03   5.3573709e-01   5.5475469e-02   4.0878744e-01
   5.3280000e+03   9.9919870e-01   4.6175227e-04   3.3954449e-04
   5.3520000e+03   3.8513381e-04   9.5545634e-04   9.9865941e-01
   5.0210000e+03   1.6208378e-02   3.7562444e-01   6.0816718e-01
   5.4040000e+03   9.9849928e-01   7.2711814e-05   1.4280052e-03
   5.3640000e+03   1.2689965e-02   6.5929968e-02   9.2138007e-01
   5.4250000e+03   4.3565655e-05   1.9431307e-04   9.9976212e-01
   5.3860000e+03   8.2431957e-04   6.7445946e-04   9.9850122e-01
   5.4060000e+03   9.9822938e-01   1.4324973e-04   1.6273749e-03
   5.3990000e+03   2.2494239e-04   8.1998237e-05   9.9969306e-01
   5.0290000e+03   3.1860119e-01   1.2157416e-02   6.6924140e-01
   5.3920000e+03   2.4660820e-04   2.2673755e-04   9.9952665e-01
   5.4190000e+03   6.9631661e-04   9.9861863e-01   6.8504994e-04
   5.4430000e+03   7.9436778e-05   1.6158772e-03   9.9830469e-01
   5.4420000e+03   9.9843231e-01   1.0527020e-04   1.4624169e-03
   5.4560000e+03   6.3125473e-04   9.9924389e-01   1.2485657e-04
   5.4450000e+03   9.9835340e-01   1.5735878e-04   1.4892456e-03
   4.9290000e+03   1.3665105e-03   9.9844371e-01   1.8978109e-04
   5.3600000e+03   1.3221181e-04   6.0808194e-04   9.9925971e-01
   5.4740000e+03   9.9966555e-01   6.0096444e-05   2.7435365e-04
   5.4280000e+03   2.2169226e-04   1.3659980e-04   9.9964171e-01
   5.4320000e+03   2.5859645e-04   8.4294507e-05   9.9965711e-01
   5.4360000e+03   4.0639606e-04   3.2792177e-05   9.9956081e-01
   5.4650000e+03   1.5573078e-04   9.9947943e-01   3.6484243e-04
   5.4480000e+03   6.4139156e-04   9.9881915e-01   5.3945434e-04
   5.4270000e+03   4.3548942e-01   5.5142584e-01   1.3084735e-02
   5.4640000e+03   3.2345347e-04   1.4016290e-04   9.9953638e-01
   5.4410000e+03   1.3941966e-02   8.0922183e-01   1.7683621e-01
   5.4960000e+03   9.9901721e-01   1.2518380e-04   8.5761012e-04
   5.4970000e+03   7.1789130e-04   9.9902763e-01   2.5447628e-04
   5.4820000e+03   3.9315827e-04   1.9939879e-04   9.9940744e-01
   5.5150000e+03   9.9956297e-01   5.1907316e-05   3.8511980e-04
   5.4070000e+03   1.7443591e-02   9.7879547e-01   3.7609415e-03
   5.5010000e+03   2.0589886e-04   1.3844150e-03   9.9840969e-01
   5.4090000e+03   1.4740188e-04   7.5313222e-04   9.9909947e-01
   5.5030000e+03   1.8059263e-04   9.4223040e-04   9.9887718e-01
   5.4080000e+03   1.9742392e-04   9.0633077e-04   9.9889625e-01
   5.4800000e+03   4.6543479e-04   5.4074366e-05   9.9948049e-01
   5.5050000e+03   9.9932464e-01   4.2952945e-04   2.4583419e-04
   1.8600000e+03   8.5641292e-01   9.5860325e-02   4.7726753e-02
   5.5110000e+03   2.7020184e-02   8.8355650e-01   8.9423316e-02
   5.5080000e+03   8.9377628e-05   9.9951885e-01   3.9177551e-04
   5.5500000e+03   1.8003147e-02   1.9548884e-01   7.8650802e-01
   5.5230000e+03   9.9964905e-01   1.9947876e-04   1.5147319e-04
   5.4950000e+03   6.9107385e-02   2.1925067e-01   7.1164194e-01
   5.5460000e+03   9.4171870e-01   7.4544603e-03   5.0826836e-02
   5.5770000e+03   9.9911428e-01   7.9902066e-05   8.0581439e-04
   5.5290000e+03   4.9455204e-02   8.4913439e-02   8.6563136e-01
   5.5140000e+03   2.7689859e-06   9.9927471e-01   7.2252374e-04
   5.5660000e+03   9.9869191e-01   1.1933473e-04   1.1887596e-03
   5.5440000e+03   1.0167364e-03   9.9890595e-01   7.7315541e-05
   5.4990000e+03   1.8575139e-04   1.0250756e-03   9.9878917e-01
   5.5420000e+03   9.1136908e-05   9.7358303e-04   9.9893528e-01
   5.4540000e+03   2.1700066e-04   1.0645273e-03   9.9871847e-01
   5.5280000e+03   5.0637883e-04   1.1589508e-04   9.9937773e-01
   5.5940000e+03   1.4292112e-02   9.5956366e-01   2.6144233e-02
   5.5230000e+03   2.6902809e-01   7.1874774e-01   1.2224174e-02
   5.5290000e+03   4.7647731e-03   7.7282915e-01   2.2240607e-01
   5.5610000e+03   1.2366356e-04   9.9948195e-01   3.9438651e-04
   5.5470000e+03   1.1040309e-02   5.7123037e-02   9.3183665e-01
   5.6150000e+03   3.4776450e-04   1.0144494e-03   9.9863779e-01
   5.6110000e+03   3.8940789e-02   3.1569422e-02   9.2948979e-01
   5.5970000e+03   3.0066814e-04   1.2961642e-04   9.9956972e-01
   5.5890000e+03   4.5579053e-03   6.2332230e-01   3.7211979e-01
   5.5640000e+03   4.6939224e-04   3.7520141e-04   9.9915541e-01
   5.6230000e+03   3.2310187e-04   1.0046432e-03   9.9867225e-01
   5.0470000e+03   4.0969808e-02   6.9856080e-02   8.8917411e-01
   5.6270000e+03   9.9960041e-01   1.5481281e-04   2.4477845e-04
   5.6430000e+03   9.9980799e-01   6.3181624e-05   1.2882792e-04
   5.6250000e+03   2.8467044e-04   6.8686609e-04   9.9902846e-01
   5.5450000e+03   4.4447862e-05   9.9920476e-01   7.5078794e-04
   5.5600000e+03   6.5977785e-05   7.8820285e-04   9.9914582e-01
   5.5410000e+03   9.9865043e-01   1.3129507e-04   1.2182701e-03
   5.5580000e+03   1.8752931e-02   1.1341921e-01   8.6782786e-01
   5.6050000e+03   8.9690657e-05   9.5591718e-04   9.9895439e-01
   5.5220000e+03   9.9882125e-01   9.4599318e-04   2.3275576e-04
   5.5570000e+03   9.9930184e-01   5.9132876e-04   1.0683134e-04
   5.6770000e+03   9.9969393e-01   1.4803126e-04   1.5804083e-04
   5.6500000e+03   9.9970820e-01   1.2256002e-04   1.6924338e-04
   5.6280000e+03   2.9949377e-01   4.7446373e-02   6.5305986e-01
   5.6100000e+03   9.9937769e-01   4.8259257e-04   1.3971953e-04
   5.6030000e+03   2.3886239e-04   9.9965008e-01   1.1105930e-04
   5.5590000e+03   9.9932447e-01   5.8357836e-04   9.1956485e-05
   5.7170000e+03   1.3643172e-04   1.2456960e-04   9.9973900e-01
   5.6570000e+03   4.5875382e-02   7.0312420e-02   8.8381220e-01
   5.6590000e+03   2.7701366e-01   6.6492493e-01   5.8061407e-02
   5.6030000e+03   2.6784106e-02   2.3835236e-01   7.3486353e-01
   5.6580000e+03   3.1323065e-04   8.4810607e-04   9.9883866e-01
   5.6740000e+03   1.2351930e-04   9.1453774e-05   9.9978503e-01
   5.5730000e+03   9.9924683e-01   5.5518766e-04   1.9798595e-04
   5.5730000e+03   6.4000770e-03   9.3709345e-01   5.6506474e-02
   5.5900000e+03   2.7353159e-04   9.9900070e-01   7.2577298e-04
   5.6210000e+03   4.2293521e-02   7.1210770e-01   2.4559878e-01
   5.6560000e+03   2.5826781e-04   7.8666134e-04   9.9895507e-01
   5.6440000e+03   9.9937048e-01   4.9761335e-04   1.3190486e-04
   5.6760000e+03   1.5098990e-03   6.2792315e-02   9.3569779e-01
   5.5900000e+03   1.5329439e-02   5.3628201e-03   9.7930774e-01
   5.7280000e+03   1.6552910e-04   9.9969426e-01   1.4020608e-04
   5.6410000e+03   5.6794722e-01   1.0802728e-01   3.2402550e-01
   5.6170000e+03   4.6062346e-03   4.7051184e-02   9.4834258e-01
   5.6570000e+03   3.8881379e-01   5.8473217e-01   2.6454046e-02
   5.7090000e+03   9.9984840e-01   1.3300748e-04   1.8590327e-05
   2.0790000e+03   9.9982266e-01   9.9475223e-05   7.7862210e-05
   5.6780000e+03   4.8898535e-02   9.4758619e-01   3.5152704e-03
   5.7260000e+03   4.3280306e-01   3.5859252e-03   5.6361102e-01
   5.6720000e+03   9.9921699e-01   5.8510171e-04   1.9790719e-04
   2.0940000e+03   1.0822493e-04   9.9976831e-01   1.2346369e-04
   5.6790000e+03   8.1737678e-03   5.6416250e-01   4.2766373e-01
   5.7270000e+03   9.9991795e-01   7.9814073e-05   2.2319481e-06
   5.7000000e+03   9.9907670e-01   6.1484994e-04   3.0845256e-04
   5.6980000e+03   9.9940847e-01   3.6984345e-05   5.5454914e-04
   5.7410000e+03   9.7776880e-05   9.9984487e-01   5.7354723e-05
   5.7290000e+03   5.1852781e-04   8.9901820e-01   1.0046327e-01
   5.7310000e+03   9.9983409e-01   1.6513990e-04   7.6622471e-07
   5.7210000e+03   3.1889810e-04   9.9883447e-01   8.4663484e-04
   5.7380000e+03   1.6132360e-04   9.9980936e-01   2.9317553e-05
   2.1220000e+03   1.3142136e-04   9.9979801e-01   7.0572273e-05
   5.7060000e+03   9.9273457e-02   7.9504250e-01   1.0568404e-01
   5.7330000e+03   1.2205417e-04   9.9981350e-01   6.4450269e-05
   5.7230000e+03   2.1468407e-03   2.1023183e-01   7.8762133e-01
   5.7370000e+03   5.6345588e-05   1.7446561e-04   9.9976919e-01
   7.0000000e+01   9.9982407e-01   2.8877837e-05   1.4705081e-04
   2.1210000e+03   1.9192361e-04   1.5901180e-04   9.9964906e-01
   4.9410000e+03   6.0652438e-15   9.9959993e-01   4.0007309e-04
   4.9480000e+03   3.4416914e-15   5.3564082e-04   9.9946436e-01
   4.9520000e+03   4.2066276e-04   1.7834242e-04   9.9940099e-01
   4.9450000e+03   6.2558465e-17   9.9947957e-01   5.2043431e-04
   4.9690000e+03   3.5544732e-04   1.4288666e-04   9.9950167e-01
   4.9500000e+03   1.7511096e-04   3.9203090e-03   9.9590458e-01
   4.9620000e+03   2.0792983e-04   9.9954529e-01   2.4677868e-04
   4.9630000e+03   3.1229414e-02   9.3148717e-04   9.6783910e-01
   4.9540000e+03   2.8605034e-04   9.9958963e-01   1.2432320e-04
   4.9730000e+03   9.9959747e-01   1.3032299e-04   2.7221045e-04
   4.9660000e+03   6.4445679e-01   1.1092091e-02   3.4445112e-01
   4.9820000e+03   5.9126835e-02   9.2703233e-01   1.3840839e-02
   4.9820000e+03   2.9509180e-04   2.7027397e-05   9.9967788e-01
   4.9710000e+03   2.6065570e-02   1.5642665e-01   8.1750778e-01
   4.9930000e+03   5.5969779e-02   4.2536590e-01   5.1866432e-01
   4.9930000e+03   9.9959207e-01   2.3729952e-04   1.7063370e-04
   4.9110000e+03   9.9950709e-01   1.8660501e-04   3.0630659e-04
   5.0110000e+03   1.2523419e-04   3.1853407e-04   9.9955623e-01
   5.0140000e+03   9.9956155e-01   2.0560515e-04   2.3284128e-04
   5.0180000e+03   9.9911460e-01   2.9077436e-04   5.9462722e-04
   5.0240000e+03   1.3736811e-04   5.6218823e-04   9.9930044e-01
   4.9140000e+03   1.5364726e-03   9.9828122e-01   1.8231107e-04
   5.0220000e+03   2.7547484e-04   2.8478048e-04   9.9943974e-01
   5.0320000e+03   9.9925473e-01   2.4560903e-04   4.9966185e-04
   5.0360000e+03   7.3782588e-02   8.6280629e-01   6.3411121e-02
   5.0400000e+03   1.9201601e-04   6.3189874e-04   9.9917609e-01
   5.0420000e+03   7.2360105e-02   8.2297158e-01   1.0466832e-01
   5.0500000e+03   9.2861075e-05   8.4745948e-04   9.9905968e-01
   5.0420000e+03   9.3357633e-01   2.3210822e-02   4.3212851e-02
   5.0590000e+03   4.6987360e-05   1.0060942e-03   9.9894692e-01
   5.0570000e+03   9.9888675e-01   8.6475792e-04   2.4848745e-04
   5.0600000e+03   1.0029753e-03   6.1958442e-05   9.9893507e-01
   4.9670000e+03   9.9955410e-01   1.3522513e-04   3.1067144e-04
   4.9640000e+03   9.9961641e-01   3.3414289e-04   4.9450005e-05
   4.9760000e+03   9.9954707e-01   7.6734329e-05   3.7619789e-04
   5.7710000e+03   7.6286971e-01   2.0192488e-01   3.5205405e-02
   5.7650000e+03   2.8372605e-03   3.5903063e-02   9.6125968e-01
   5.7690000e+03   4.5324602e-04   9.9918998e-01   3.5677199e-04
   5.7730000e+03   3.2030491e-01   6.5173641e-01   2.7958678e-02
   5.7720000e+03   2.7107121e-02   5.1352024e-01   4.5937264e-01
   5.7880000e+03   4.3801293e-04   9.9905138e-01   5.1061078e-04
   4.9880000e+03   9.9954025e-01   3.8194420e-04   7.7805891e-05
   5.7710000e+03   4.6586442e-04   9.9947947e-01   5.4660803e-05
