   8.5400000e+02   7.1766641e-01   2.6549508e-01   1.6838503e-02
   7.5600000e+02   3.3343448e-05   9.9988476e-01   8.1893281e-05
   6.1400000e+02   4.0327025e-05   7.7286958e-05   9.9988239e-01
   5.6800000e+02   6.0640950e-05   9.9989444e-01   4.4920305e-05
   6.8400000e+02   6.9244083e-05   9.9989664e-01   3.4118460e-05
   8.5700000e+02   9.9550657e-01   4.4601237e-04   4.0474212e-03
   7.3100000e+02   9.9986671e-01   6.6723236e-05   6.6564903e-05
   7.5200000e+02   8.4590120e-05   8.5264580e-05   9.9983015e-01
   5.3900000e+02   1.7874537e-04   9.9974953e-01   7.1725513e-05
   5.4000000e+02   6.7384075e-05   9.9980076e-01   1.3186038e-04
   5.5700000e+02   2.6156377e-18   9.9988943e-01   1.1057290e-04
   5.5700000e+02   0.0000000e+00   0.0000000e+00   1.0000000e+00
   3.5900000e+02   2.6161154e-04   9.9956443e-01   1.7395451e-04
   8.3600000e+02   1.0376056e-04   3.4081663e-04   9.9955542e-01
   8.3400000e+02   1.4647020e-04   1.1574024e-04   9.9973779e-01
   7.5400000e+02   1.1860397e-04   9.9979435e-01   8.7042076e-05
   8.3800000e+02   7.5304152e-05   1.7337259e-04   9.9975132e-01
   8.5100000e+02   8.9556892e-05   5.3531721e-05   9.9985691e-01
   3.2200000e+02   9.9928985e-01   2.2300205e-04   4.8715050e-04
   4.8000000e+01   9.9911989e-01   4.9483695e-04   3.8527795e-04
   3.2000000e+02   1.1010226e-03   7.3803862e-04   9.9816094e-01
   1.2300000e+02   9.9935775e-01   4.5338515e-04   1.8886780e-04
   2.9100000e+02   9.9912735e-01   8.2901446e-04   4.3638877e-05
   2.8900000e+02   3.7535079e-16   9.9952435e-01   4.7564833e-04
   1.3000000e+02   3.9228102e-05   9.9940468e-01   5.5609324e-04
   1.2900000e+02   3.4613207e-04   9.9963614e-01   1.7730504e-05
   2.9000000e+02   9.9978667e-01   9.2435471e-06   2.0408165e-04
   1.3200000e+02   7.3713051e-05   3.3820285e-05   9.9989247e-01
   5.8000000e+01   9.9997896e-01   1.1759189e-05   9.2849829e-06
   2.8200000e+02   1.1333556e-05   1.1832881e-05   9.9997683e-01
   1.3400000e+02   3.4829294e-01   1.9758877e-02   6.3194818e-01
   3.7200000e+02   6.0143940e-05   9.9984009e-01   9.9767736e-05
   1.3300000e+02   9.9989211e-01   8.0185206e-05   2.7704396e-05
   3.9900000e+02   3.5740921e-04   9.9952279e-01   1.1980521e-04
   1.0700000e+02   2.9564181e-04   9.9960676e-01   9.7599862e-05
   1.3800000e+02   7.6221201e-04   9.9920002e-01   3.7771741e-05
   9.2000000e+01  -2.0491421e-17   9.9917837e-01   8.2163457e-04
   2.2000000e+02   4.8695484e-04   9.9935678e-01   1.5626716e-04
   8.9000000e+01   0.0000000e+00   2.2917883e-16   1.0000000e+00
   9.1000000e+01   6.3870237e-04   9.9934249e-01   1.8811282e-05
   4.0500000e+02   6.1823659e-04   9.9934613e-01   3.5630341e-05
   4.1500000e+02   4.6748088e-04   9.9946419e-01   6.8332241e-05
   1.1400000e+02   9.8069453e-01   4.3804975e-03   1.4924969e-02
   6.1000000e+01   8.8496504e-05   9.9987564e-01   3.5866553e-05
   2.4900000e+02   9.9991830e-01   4.1887262e-05   3.9814409e-05
   1.0100000e+02   9.8679751e-05   3.7458596e-06   9.9989757e-01
   2.4600000e+02   3.9812918e-05   5.4860952e-05   9.9990533e-01
   1.0300000e+02   1.0006163e-04   9.9982577e-01   7.4172580e-05
   3.9200000e+02   1.0124554e-04   9.9974965e-01   1.4910084e-04
   1.0500000e+02   3.0615068e-04   9.9960187e-01   9.1977842e-05
   3.9700000e+02   1.8212833e-04   9.9974531e-01   7.2565664e-05
   2.3700000e+02   9.9981883e-01   7.1558631e-05   1.0961025e-04
   1.6100000e+02   2.3179026e-06   9.9987802e-01   1.1966591e-04
   2.0500000e+02   1.7692567e-05   9.9988878e-01   9.3524787e-05
   1.6300000e+02   1.1102230e-16   1.2650304e-04   9.9987350e-01
   3.8200000e+02   9.9973204e-01   5.6798379e-05   2.1116469e-04
   3.9100000e+02   5.8285104e-04   9.9941715e-01   0.0000000e+00
   1.1000000e+02   3.3682613e-04   9.9951003e-01   1.5314078e-04
   4.1100000e+02   5.9745225e-04   9.9926461e-01   1.3793368e-04
   4.1300000e+02   4.5727887e-04   9.9938936e-01   1.5336067e-04
   9.5000000e+01   6.1875874e-04   9.9916366e-01   2.1758172e-04
   3.0700000e+02   5.8427095e-04   9.9935670e-01   5.9024087e-05
   1.6400000e+02   5.9891459e-04   9.9935440e-01   4.6681347e-05
   2.9900000e+02   1.5560077e-04   4.6306377e-04   9.9938134e-01
   5.0000000e+01   1.1301775e-04   7.6230288e-04   9.9912468e-01
   3.1400000e+02   2.2525383e-04   6.4550996e-04   9.9912924e-01
   1.6600000e+02   5.6698794e-04   9.9912636e-01   3.0664950e-04
   3.1000000e+02   9.9936278e-01   2.7833835e-04   3.5887926e-04
   1.2000000e+01   8.7549410e-04   9.9897070e-01   1.5380250e-04
   3.9500000e+02   1.6043093e-04   3.2386525e-04   9.9951570e-01
   1.9400000e+02   4.1727202e-04   1.1985673e-04   9.9946287e-01
   3.0500000e+02   5.6067187e-05   3.5630349e-04   9.9958763e-01
   4.9100000e+02   3.1202621e-04   9.9962978e-01   5.8191843e-05
   4.9000000e+02   9.9956855e-01   4.9017696e-05   3.8243381e-04
   3.7000000e+01   4.1474178e-04   9.9954009e-01   4.5168557e-05
   4.2600000e+02   9.9975041e-01   6.2082829e-05   1.8750476e-04
   4.9900000e+02   1.8919937e-04   9.9969555e-01   1.1524794e-04
   4.5900000e+02   1.7177116e-04   9.9973484e-01   9.3385355e-05
   4.9600000e+02   9.9976157e-01   5.8310077e-05   1.8012107e-04
   4.9300000e+02   1.2084053e-04   2.0665672e-04   9.9967250e-01
   4.6400000e+02   1.2313008e-04   1.1433467e-04   9.9976254e-01
   5.0300000e+02   9.9983379e-01   4.3660907e-05   1.2254684e-04
   5.0900000e+02   1.0212441e-04   1.5335862e-06   9.9989634e-01
   5.1400000e+02   9.9985907e-01   3.2060727e-05   1.0887133e-04
   4.1700000e+02   1.5241779e-04   9.9976978e-01   7.7802780e-05
   5.1200000e+02   7.8307036e-05   1.3687417e-04   9.9978482e-01
   4.6800000e+02   9.9986749e-01   6.4119822e-05   6.8389272e-05
   4.2300000e+02   9.9585178e-05   2.7402533e-05   9.9987301e-01
   5.1500000e+02   1.1744111e-04   9.9981206e-01   7.0501037e-05
   4.6900000e+02   1.2642989e-04   9.9981454e-01   5.9026522e-05
   4.9800000e+02   9.9987279e-01   6.2553540e-05   6.4653671e-05
   2.5200000e+02   2.2085707e-04   2.5023892e-03   9.9727675e-01
   8.8000000e+01   9.9992445e-01   4.6013125e-05   2.9537786e-05
   3.6000000e+02   5.0034660e-04   9.9939329e-01   1.0636569e-04
   3.5200000e+02   2.8827456e-04   9.9958858e-01   1.2314862e-04
   3.5400000e+02   7.1346590e-04   9.9926877e-01   1.7760752e-05
   3.8500000e+02   9.9981963e-01   9.0118249e-05   9.0252631e-05
   3.5000000e+02   1.1363076e-04   4.3706825e-04   9.9944930e-01
   8.2500000e+02   1.3798637e-04   4.1635952e-04   9.9944565e-01
   8.6200000e+02   9.9949091e-01   1.0077824e-05   4.9901415e-04
   2.4300000e+02   8.8138921e-05   9.9987527e-01   3.6593894e-05
   4.0100000e+02   1.3308403e-04   9.9959318e-01   2.7373302e-04
   2.4400000e+02   5.4591177e-05   9.9989030e-01   5.5112926e-05
   1.2100000e+02   2.2945271e-04   9.9961674e-01   1.5380489e-04
   6.4000000e+01   9.9988592e-01   6.3487678e-05   5.0594825e-05
   4.3900000e+02   7.1227391e-04   9.9912934e-01   1.5838153e-04
   4.3800000e+02   7.7857293e-05   2.2871998e-04   9.9969342e-01
   4.8200000e+02   9.9975316e-01   7.5092122e-05   1.7174850e-04
   4.4500000e+02   5.2746719e-04   9.9933878e-01   1.3375062e-04
   4.4100000e+02   5.4099844e-04   9.9936463e-01   9.4374542e-05
   4.2700000e+02   9.3832217e-05   1.7558410e-04   9.9973058e-01
   4.4700000e+02   4.9337333e-04   9.9941434e-01   9.2283560e-05
   4.8300000e+02   9.9990128e-01   2.3688728e-05   7.5027505e-05
   4.4900000e+02   1.5980395e-04   9.9971630e-01   1.2389680e-04
   4.5700000e+02   5.2781696e-05   2.1160187e-04   9.9973562e-01
   1.8000000e+01   1.2253308e-03   9.9870826e-01   6.6404811e-05
   1.1200000e+02   5.8883660e-04   9.9934080e-01   7.0360756e-05
   1.0600000e+02   4.3704637e-03   1.4395457e-02   9.8123408e-01
   1.0500000e+02   9.8707294e-01   4.7928893e-03   8.1341684e-03
   4.0300000e+02   7.1966157e-04   9.9914652e-01   1.3381806e-04
   1.1500000e+02   2.9345331e-02   5.0273138e-02   9.2038153e-01
   1.1400000e+02   4.1598674e-04   9.9952044e-01   6.3568418e-05
   6.5000000e+01   4.2903111e-01   5.6886425e-01   2.1046390e-03
   2.4000000e+02   2.6696822e-04   3.8592372e-04   9.9934711e-01
   1.1000000e+02   4.9375822e-01   5.0381986e-01   2.4219191e-03
   4.5400000e+02   1.5731034e-04   3.2128047e-04   9.9952141e-01
   4.8500000e+02   3.3989510e-04   9.9949065e-01   1.6945356e-04
   4.5600000e+02   1.4169929e-04   6.3101692e-04   9.9922728e-01
   2.0200000e+02   2.4094323e-05   9.9997555e-01   3.5314443e-07
   1.9190000e+03   6.1922776e-06   1.2859129e-04   9.9986522e-01
   4.0000000e+00   1.1021632e-06   9.9992812e-01   7.0774958e-05
   1.9150000e+03   9.9992895e-01   8.7024249e-06   6.2351226e-05
   1.9340000e+03   5.3141271e-05   9.9993258e-01   1.4282728e-05
   1.9210000e+03   5.5690078e-04   2.3566294e-04   9.9920744e-01
   2.7300000e+02   1.5108150e-04   9.9977711e-01   7.1813127e-05
   7.8000000e+01   3.8444105e-04   1.4740100e-04   9.9946816e-01
   1.9130000e+03   9.9989294e-01   1.1873954e-05   9.5188033e-05
   1.9230000e+03   2.5572978e-04   2.3694266e-04   9.9950733e-01
   2.7400000e+02   1.2883423e-04   8.5781097e-05   9.9978538e-01
   6.0000000e+01   1.9903407e-04   1.8055302e-04   9.9962041e-01
   1.9470000e+03   4.6501615e-04   1.9718006e-04   9.9933780e-01
   1.9250000e+03   1.1099976e-04   1.0647270e-04   9.9978253e-01
   2.7700000e+02   1.0056982e-04   1.3283450e-04   9.9976660e-01
   3.6200000e+02   1.5339068e-04   9.9975551e-01   9.1098657e-05
   1.9490000e+03   9.9772175e-05   1.4357072e-04   9.9975666e-01
   2.7900000e+02   1.1779551e-04   5.0574415e-05   9.9983163e-01
   1.4100000e+02   0.0000000e+00   1.0000000e+00  -0.0000000e+00
   1.9690000e+03   9.9947935e-01   9.8647563e-05   4.2200342e-04
   2.0480000e+03   4.9771282e-04   9.9940621e-01   9.6077865e-05
   1.9960000e+03   5.4859468e-04   9.9931480e-01   1.3660514e-04
   2.0450000e+03   9.9943722e-01   1.3389308e-04   4.2888633e-04
   1.9140000e+03   3.6304973e-04   9.9947361e-01   1.6333573e-04
   1.9430000e+03   1.4498886e-04   1.1915876e-04   9.9973585e-01
   1.9070000e+03   7.9290193e-05   9.9979475e-01   1.2596385e-04
   1.9400000e+03   1.1208380e-04   2.6724361e-05   9.9986119e-01
   1.6200000e+02   0.0000000e+00   0.0000000e+00   1.0000000e+00
   1.9310000e+03   4.0082607e-05   2.0729850e-05   9.9993919e-01
   1.9020000e+03   7.9721386e-16   9.9982569e-01   1.7430696e-04
   1.9820000e+03   2.2204460e-16  -0.0000000e+00   1.0000000e+00
   1.9810000e+03   9.9988492e-01   6.4093502e-05   5.0990102e-05
   2.0420000e+03   1.3956849e-04   9.9978995e-01   7.0478560e-05
   2.0000000e+03   1.4628684e-04   9.9985371e-01   1.1799486e-15
   2.0260000e+03   5.4788964e-05   8.6789265e-05   9.9985842e-01
   4.7200000e+02   7.7813096e-05   1.4887204e-04   9.9977331e-01
   2.0020000e+03   2.8805464e-05   9.1197322e-05   9.9988000e-01
   2.0220000e+03   4.8116963e-05   6.1493279e-05   9.9989039e-01
   4.3600000e+02   9.9986129e-01   4.0628738e-05   9.8077290e-05
   8.9000000e+01   1.1539344e-04   9.9974988e-01   1.3473007e-04
   2.8500000e+02   2.3530878e-05   9.9997647e-01   2.7938435e-10
   1.9500000e+03   1.9018398e-04   9.9963869e-01   1.7112855e-04
   1.8980000e+03   1.1100648e-04   9.9962065e-01   2.6834469e-04
   1.9320000e+03   6.5907417e-06   9.9999198e-01   1.4339014e-06
   2.0660000e+03   5.2551279e-16   9.9944874e-01   5.5126277e-04
   2.0690000e+03   1.1506067e-04   4.8360355e-04   9.9940134e-01
   2.0040000e+03   5.0123889e-04   9.9934452e-01   1.5424473e-04
   2.0670000e+03   9.9960297e-01   2.1007014e-04   1.8696239e-04
   2.9700000e+02   4.7902052e-04   9.9917883e-01   3.4214529e-04
   1.9260000e+03   5.6478569e-05   4.4879885e-04   9.9949472e-01
   2.8700000e+02   0.0000000e+00   0.0000000e+00   1.0000000e+00
   7.9000000e+01   4.5432815e-04   9.9927709e-01   2.6858025e-04
   2.0710000e+03   9.9946041e-01   7.0158385e-05   4.6942839e-04
   5.4000000e+01   9.9937090e-01   4.3176950e-05   5.8592371e-04
   4.8800000e+02   4.0757260e-05   5.8655922e-04   9.9937268e-01
   2.0070000e+03   9.9947857e-01   7.2417715e-05   4.4901413e-04
   2.0470000e+03   9.9954278e-01   7.3415855e-05   3.8380027e-04
   1.9670000e+03   6.9288393e-05   4.9933530e-04   9.9943138e-01
   2.0510000e+03   9.9947222e-01   6.4720571e-05   4.6306121e-04
   4.3400000e+02   4.9754863e-05   5.1682619e-04   9.9943342e-01
   1.9630000e+03   5.5834650e-05   1.7982543e-04   9.9976434e-01
   2.0630000e+03   6.2745748e-05   1.5149313e-04   9.9978576e-01
   2.0120000e+03   1.8059960e-04   9.9975157e-01   6.7833446e-05
   2.0590000e+03   9.9978524e-01   4.1633465e-05   1.7312386e-04
   1.9650000e+03   9.9975929e-01   2.8609873e-05   2.1209582e-04
   2.0600000e+03   1.8968391e-04   9.9978389e-01   2.6421526e-05
   2.0140000e+03   1.9713939e-04   9.9977546e-01   2.7397795e-05
   2.0570000e+03   9.9976546e-01   5.2309057e-06   2.2931118e-04
   4.3000000e+02   4.2966484e-05   1.3619462e-04   9.9982084e-01
   4.8000000e+02   5.0796057e-05   1.2532741e-04   9.9982388e-01
   2.0160000e+03   1.2923363e-04   9.9981778e-01   5.2982249e-05
   2.0650000e+03   9.9985535e-01   3.8720076e-05   1.0592854e-04
   4.3200000e+02   9.9973477e-01   6.1117849e-05   2.0410773e-04
   4.7700000e+02   1.8663982e-04   9.9975058e-01   6.2783995e-05
   2.0180000e+03   1.8022592e-04   9.9977137e-01   4.8408483e-05
   2.0540000e+03   4.7022901e-05   2.2395308e-04   9.9972902e-01
   1.9990000e+03   5.1555138e-05   1.3446217e-04   9.9981398e-01
   1.9550000e+03   5.1270398e-05   1.1525136e-04   9.9983348e-01
   1.9280000e+03   6.2199298e-05   9.9993116e-01   6.6422900e-06
   4.7300000e+02   5.4370369e-05   1.1413412e-04   9.9983150e-01
   4.4300000e+02   4.3780790e-04   9.9947582e-01   8.6372246e-05
   1.9710000e+03   5.8452871e-05   9.9873421e-05   9.9984167e-01
   2.0570000e+03   1.3965310e-02   9.5921197e-03   9.7644257e-01
   2.0100000e+03   4.6257943e-05   1.8215967e-04   9.9977158e-01
   1.9950000e+03   5.0844636e-05   9.0780682e-04   9.9904135e-01
   1.9910000e+03   3.0836626e-05   8.3972313e-04   9.9912944e-01
   2.0520000e+03   2.5262461e-04   9.9971225e-01   3.5121121e-05
   4.7500000e+02   2.4462505e-04   9.9969548e-01   5.9897632e-05
   4.5200000e+02   6.1330694e-05   9.6844823e-04   9.9897022e-01
   1.0900000e+02   9.8820531e-01   6.9302654e-03   4.8644249e-03
   1.9520000e+03   1.2610519e-04   1.4363180e-04   9.9973026e-01
   3.8900000e+02   4.3428842e-04   9.9956235e-01   3.3628721e-06
   2.4500000e+02   9.9985500e-01   0.0000000e+00   1.4500306e-04
   1.9610000e+03   2.7251129e-04   7.8231085e-05   9.9964926e-01
   2.2020000e+03   1.9001938e-04   4.1866458e-04   9.9939132e-01
   2.2010000e+03   2.1042231e-06   9.1512546e-05   9.9990638e-01
   2.2010000e+03   1.1196459e-02   4.9897382e-01   4.8982972e-01
   2.5860000e+03   9.6569294e-01   3.1214023e-02   3.0930390e-03
   2.2000000e+03   3.7949465e-04   1.6386791e-04   9.9945664e-01
   2.4850000e+03   1.0887912e-04   9.9977482e-01   1.1629599e-04
   2.2030000e+03   1.0316580e-04   9.9965275e-01   2.4408343e-04
   2.3490000e+03   1.4357402e-04   9.9961619e-01   2.4023394e-04
   2.4500000e+03   6.4834253e-02   9.2394264e-01   1.1223110e-02
   2.1150000e+03   0.0000000e+00   1.0000000e+00  -0.0000000e+00
   2.4900000e+03   0.0000000e+00   4.1224395e-04   9.9958776e-01
   2.4500000e+03   9.9955234e-01   4.4213337e-04   5.5314009e-06
   2.1150000e+03   9.2626968e-01   4.3093666e-03   6.9420954e-02
   2.4820000e+03   8.1627168e-01   3.0541332e-02   1.5318698e-01
   2.4830000e+03   9.9985386e-01   6.8025275e-05   7.8118308e-05
   2.1170000e+03   9.8328669e-05   9.9981218e-01   8.9487111e-05
   2.4820000e+03   1.3864856e-04   1.1688079e-04   9.9974447e-01
   2.4530000e+03   5.1744268e-02   8.2229440e-01   1.2596134e-01
   2.4790000e+03   9.9973736e-01   2.1551755e-04   4.7122849e-05
   2.1190000e+03   1.0000000e+00  -0.0000000e+00  -0.0000000e+00
   2.1290000e+03   0.0000000e+00   1.0000000e+00  -0.0000000e+00
   2.2090000e+03   9.9973242e-01   2.0170565e-04   6.5873274e-05
   2.4730000e+03   9.9969078e-01   2.9363109e-04   1.5592301e-05
   2.1210000e+03   9.9967595e-01   2.8260728e-04   4.1439707e-05
   2.4720000e+03   3.8598113e-04   3.8011227e-05   9.9957601e-01
   2.2110000e+03   9.9965409e-01   3.4238157e-04   3.5281767e-06
   2.2140000e+03   3.3892383e-03   1.0814841e-02   9.8579592e-01
   2.1260000e+03   1.2083262e-05   2.4031770e-04   9.9974760e-01
   2.4620000e+03   1.9734438e-05   2.9416314e-04   9.9968610e-01
   2.4380000e+03   4.3026893e-01   8.1921606e-02   4.8780946e-01
   2.1250000e+03   7.9509543e-03   8.2106022e-01   1.7098883e-01
   2.1280000e+03   5.2097105e-04   5.8216766e-06   9.9947321e-01
   2.4580000e+03   6.1048039e-04   0.0000000e+00   9.9938952e-01
   2.4610000e+03   9.9964054e-01   2.2749651e-04   1.3196642e-04
   2.1260000e+03   6.0801445e-01   5.8373145e-03   3.8614823e-01
   2.4330000e+03   8.2445927e-03   2.3094966e-01   7.6080575e-01
   2.4340000e+03   1.3627533e-04   4.1315589e-04   9.9945057e-01
   2.4570000e+03   5.9835678e-01   3.6849379e-01   3.3149425e-02
   2.2170000e+03   4.0517170e-01   5.5508437e-01   3.9743938e-02
   2.2190000e+03   2.0561070e-04   2.3381067e-05   9.9977101e-01
   2.4520000e+03   1.5202337e-01   2.7196485e-03   8.4525698e-01
   2.4490000e+03   1.2970528e-01   6.8478838e-02   8.0181588e-01
   2.4510000e+03   3.9727961e-01   2.3994494e-01   3.6277545e-01
   2.1340000e+03   9.9991135e-01   9.1727538e-06   7.9475571e-05
   2.4450000e+03   3.3486503e-02   8.5712844e-01   1.0938505e-01
   2.2210000e+03   6.3688763e-02   4.9893463e-01   4.3737660e-01
   2.4500000e+03   3.2895062e-01   6.0691145e-03   6.6498027e-01
   2.1460000e+03   1.0000000e+00  -0.0000000e+00  -0.0000000e+00
   2.1340000e+03   0.0000000e+00   1.0000000e+00  -0.0000000e+00
   2.1620000e+03   1.0000000e+00  -0.0000000e+00  -0.0000000e+00
   2.1650000e+03   0.0000000e+00  -0.0000000e+00   1.0000000e+00
   2.4430000e+03   2.2207870e-01   7.6697736e-01   1.0943945e-02
   2.4470000e+03   6.1685222e-03   3.3790737e-01   6.5592410e-01
   2.4480000e+03   2.0195481e-04   5.4043975e-05   9.9974400e-01
   2.2240000e+03   6.9536818e-05   9.9983724e-01   9.3225939e-05
   2.4410000e+03   9.9966753e-01   2.5972867e-04   7.2746075e-05
   2.1350000e+03   1.1531971e-04   9.9977776e-01   1.0691947e-04
   2.4400000e+03   1.0024088e-04   8.3828371e-05   9.9981593e-01
   2.2260000e+03   9.9975672e-01   2.1310283e-04   3.0175897e-05
   2.4370000e+03   9.9940210e-01   5.9790491e-04   0.0000000e+00
   2.4350000e+03   2.9138927e-06   6.3783368e-04   9.9935925e-01
   2.1420000e+03   3.7422808e-05   5.3036102e-04   9.9943222e-01
   2.4280000e+03   5.8614820e-04   9.9941385e-01   1.6318726e-15
   2.4330000e+03   9.9943846e-01   5.6153890e-04   0.0000000e+00
   2.1390000e+03  -9.9367129e-17   9.9953527e-01   4.6472713e-04
   2.4320000e+03   2.9895620e-02   2.2592787e-02   9.4751159e-01
   2.4300000e+03   1.0848172e-02   2.5838047e-02   9.6331378e-01
   2.1430000e+03   5.3919222e-04   0.0000000e+00   9.9946081e-01
   1.8571000e+04   1.0864210e-01   6.5960674e-02   8.2539722e-01
   2.5730000e+03   3.6201014e-02   9.3433523e-01   2.9463757e-02
   2.1440000e+03   1.0000000e+00  -0.0000000e+00  -0.0000000e+00
   2.4270000e+03   6.4564239e-17   9.9986350e-01   1.3650373e-04
   2.4250000e+03   4.5345401e-15   9.9979849e-01   2.0151498e-04
   2.4230000e+03   1.6386563e-02   9.7305354e-01   1.0559898e-02
   2.4230000e+03   1.1102230e-16   4.5823525e-04   9.9954176e-01
   2.4170000e+03   1.6527814e-02   3.6532075e-02   9.4694011e-01
   2.1580000e+03   3.7232218e-02   4.4313184e-01   5.1963595e-01
   2.3980000e+03   2.1690266e-01   4.5144930e-02   7.3795241e-01
   2.4000000e+03   4.5574947e-02   1.1588991e-01   8.3853515e-01
   2.4000000e+03   9.9740895e-01   2.5910485e-03   0.0000000e+00
   2.1620000e+03   8.4312714e-03   8.1859843e-01   1.7297030e-01
   2.2400000e+03   1.2450957e-03   0.0000000e+00   9.9875490e-01
   2.1660000e+03   2.7468454e-02   9.6438155e-01   8.1499959e-03
   2.2410000e+03   9.1379945e-01   1.6751436e-02   6.9449114e-02
   2.4040000e+03   1.1199266e-15   9.9951998e-01   4.8001762e-04
   2.1680000e+03  -8.8579317e-17   9.9951019e-01   4.8980504e-04
   2.4030000e+03   4.5740679e-04   9.9954259e-01   3.9506294e-15
   2.4080000e+03   3.7230094e-01   6.2006029e-01   7.6387724e-03
   2.3910000e+03   9.9959953e-01   1.5923683e-05   3.8454237e-04
   2.1670000e+03   4.9601203e-04   9.9950399e-01   4.1508246e-15
   2.4140000e+03   7.1753602e-01   2.7477116e-01   7.6928188e-03
   2.2460000e+03   0.0000000e+00   2.0620274e-04   9.9979380e-01
   2.3890000e+03   9.9970523e-01   2.1073523e-05   2.7369580e-04
   2.1690000e+03   3.8897234e-04   9.9959878e-01   1.2247849e-05
   2.1730000e+03   9.1794179e-04   9.9908206e-01   0.0000000e+00
   2.2490000e+03  -6.5160551e-17   9.9920444e-01   7.9555819e-04
   2.2490000e+03   8.7468241e-01   4.9015972e-02   7.6301620e-02
   2.4940000e+03   0.0000000e+00   1.0000000e+00   0.0000000e+00
   2.1570000e+03   1.9210197e-04   1.0371521e-03   9.9877075e-01
   2.4960000e+03   3.3221549e-04   9.9946094e-01   2.0684360e-04
   2.4960000e+03   6.1903122e-01   2.8701132e-01   9.3957459e-02
   2.1130000e+03   9.4564946e-05   3.7528103e-04   9.9953015e-01
   2.4980000e+03   4.7470500e-04   9.9946809e-01   5.7206543e-05
   2.1550000e+03   5.5182519e-01   5.7452629e-03   4.4242955e-01
   2.1090000e+03   4.3213170e-01   1.4495716e-02   5.5337258e-01
   2.1110000e+03   9.9943703e-01   1.2817479e-04   4.3479226e-04
   2.5010000e+03   8.5919383e-03   9.2967209e-01   6.1735968e-02
   2.1080000e+03   1.0000000e+00  -0.0000000e+00  -0.0000000e+00
   2.5060000e+03   6.5512916e-17   9.9992895e-01   7.1051457e-05
   2.1530000e+03   9.9977977e-01   2.2023295e-04   4.3657667e-16
   2.4060000e+03   7.1038186e-04   1.5355866e-05   9.9927426e-01
   2.1100000e+03   3.4609902e-15   9.9942323e-01   5.7676565e-04
   2.5100000e+03   4.0023932e-05   9.9956972e-01   3.9025263e-04
   2.5090000e+03   2.5535130e-15   1.8803992e-04   9.9981196e-01
   2.5150000e+03   9.9958171e-01   6.8861160e-05   3.4942532e-04
   2.1020000e+03   2.4789882e-05   4.2496489e-04   9.9955025e-01
   2.5130000e+03   1.3322676e-15   4.5916824e-04   9.9954083e-01
   2.2620000e+03   9.9952467e-01   4.7527707e-05   4.2780000e-04
   2.5210000e+03   9.9937968e-01   7.1741863e-05   5.4857608e-04
   2.5190000e+03   2.2782428e-05   1.1576042e-03   9.9881961e-01
   2.5170000e+03   8.3318536e-06   7.5390756e-04   9.9923776e-01
   2.5910000e+03   5.1333662e-04   9.9941401e-01   7.2655974e-05
   2.1590000e+03   3.7078436e-04   1.3993199e-03   9.9822990e-01
   2.5220000e+03   8.7645661e-04   9.9910392e-01   1.9620593e-05
   2.2630000e+03   9.4116812e-04   9.9898348e-01   7.5354006e-05
   2.1560000e+03   9.9860136e-01   8.0267248e-04   5.9596656e-04
   2.5240000e+03   1.0536728e-03   9.9886612e-01   8.0212013e-05
   2.2650000e+03   2.2204460e-16   8.8279748e-04   9.9911720e-01
   2.1580000e+03   9.9853496e-01   6.7447379e-04   7.9056210e-04
   2.1600000e+03   8.4714161e-01   5.3816565e-03   1.4747674e-01
   2.5300000e+03   3.5189934e-03   9.6042689e-01   3.6054117e-02
   2.5310000e+03   6.2575102e-04   9.9936803e-01   6.2166397e-06
   2.5160000e+03   9.9920889e-01   7.9110949e-04   1.1059692e-15
   2.5290000e+03   5.4531687e-02   9.1180994e-01   3.3658371e-02
   2.2720000e+03   3.7487606e-04   3.3001305e-05   9.9959212e-01
   2.5120000e+03   9.9957508e-01   3.8046860e-04   4.4455707e-05
   2.1030000e+03   4.8200175e-04   1.2383606e-05   9.9950561e-01
   2.5330000e+03   1.7685122e-06   9.9955712e-01   4.4111550e-04
   2.5390000e+03   9.1774548e-05   9.9990823e-01   8.5302659e-16
   2.4080000e+03   3.9064723e-05   6.5089141e-05   9.9989585e-01
   2.4090000e+03   2.4480633e-04   2.3314486e-15   9.9975519e-01
   2.5040000e+03   1.7455655e-17   9.9995776e-01   4.2240152e-05
   2.5370000e+03   3.8327463e-05   9.9968918e-01   2.7249582e-04
   2.2760000e+03   3.3246439e-05   9.9981809e-01   1.4866402e-04
   2.5080000e+03   9.9982795e-01   1.3209963e-04   3.9950642e-05
   2.1050000e+03   2.9263570e-04   6.5604542e-05   9.9964176e-01
   2.0910000e+03   9.9991888e-01   1.0065726e-15   8.1119300e-05
   2.5490000e+03   6.4609627e-06   9.9989084e-01   1.0270334e-04
   2.2770000e+03   5.8906059e-17   9.9997687e-01   2.3126502e-05
   2.1520000e+03   6.0524133e-05   1.2172515e-04   9.9981775e-01
   2.0920000e+03  -2.1521413e-17   9.9972132e-01   2.7868447e-04
   2.0860000e+03   2.7537955e-04   9.9969416e-01   3.0456950e-05
   2.5540000e+03   1.1102230e-16   2.1719699e-04   9.9978280e-01
   2.5420000e+03   8.5880560e-06   9.9983403e-01   1.5737956e-04
   2.0800000e+03   5.5768791e-04   9.9940898e-01   3.3334231e-05
   2.5580000e+03   5.0988539e-05   4.6334071e-04   9.9948567e-01
   2.0810000e+03   3.4366062e-04   9.9961897e-01   3.7364893e-05
   2.2820000e+03   9.9967923e-01   2.2909726e-05   2.9785871e-04
   2.2840000e+03   1.0336866e-04   1.0824646e-03   9.9881417e-01
   2.5620000e+03   9.7496673e-05   9.1652283e-04   9.9898598e-01
   2.0850000e+03   8.9029434e-05   7.5944643e-04   9.9915152e-01
   2.5600000e+03   4.0987225e-05   5.7938173e-04   9.9937963e-01
   2.0820000e+03   6.7257719e-04   9.9927116e-01   5.6258453e-05
   2.5960000e+03   1.3696409e-03   9.9857373e-01   5.6627797e-05
   2.5280000e+03   1.6135188e-05   9.9926485e-01   7.1901586e-04
   2.1490000e+03  -1.1102230e-16   1.2805866e-03   9.9871941e-01
   2.5670000e+03   9.9904595e-04   9.9894008e-01   6.0873283e-05
   2.0980000e+03   4.3937093e-02   3.9008239e-01   5.6598051e-01
   1.9840000e+03   4.9640611e-04   9.9927961e-01   2.2397968e-04
   2.0360000e+03   5.8517147e-04   9.9920169e-01   2.1314251e-04
   2.2880000e+03   4.7695587e-04   9.9911870e-01   4.0434743e-04
   2.3560000e+03   9.9902115e-01   6.3763651e-04   3.4121241e-04
   2.3370000e+03   1.3322676e-15   8.2892476e-04   9.9917108e-01
   2.2900000e+03   3.2196468e-15   7.7926392e-04   9.9922074e-01
   2.1740000e+03   1.0842022e-17   9.9941313e-01   5.8686641e-04
   2.1950000e+03   6.5568023e-04   9.9934432e-01   0.0000000e+00
   1.9010000e+03   2.3016515e-04   2.5632048e-04   9.9951351e-01
   2.0390000e+03   2.6508293e-04   4.3635831e-04   9.9929856e-01
   2.2920000e+03   1.7773809e-04   9.9892730e-01   8.9496276e-04
   2.3600000e+03   9.9912781e-01   7.7590598e-04   9.6279275e-05
   2.2950000e+03   2.5668011e-04   0.0000000e+00   9.9974332e-01
   2.2940000e+03   6.0094608e-09   2.1172472e-04   9.9978827e-01
   2.3520000e+03   3.9170910e-05   2.1050226e-04   9.9975033e-01
   2.3530000e+03   3.0929794e-04   0.0000000e+00   9.9969070e-01
   2.1710000e+03   2.9348286e-04   9.9969299e-01   1.3529754e-05
   2.2970000e+03   1.4579538e-15   9.9976938e-01   2.3062195e-04
   2.2960000e+03   2.2265696e-04   9.9977734e-01   5.7209956e-15
   2.3870000e+03   9.9971303e-01   9.5480457e-06   2.7742034e-04
   2.2990000e+03   4.2695174e-05   1.7495834e-04   9.9978235e-01
   2.3630000e+03   9.8248183e-05   9.9988677e-01   1.4981796e-05
   2.1870000e+03   2.7686982e-05   1.2742923e-04   9.9984488e-01
   2.3450000e+03   2.5086428e-05   2.1941178e-04   9.9975550e-01
   2.4890000e+03   9.9969625e-01   3.0375208e-04   2.1873162e-15
   2.4880000e+03   1.1535776e-15   9.9989354e-01   1.0646483e-04
   2.1920000e+03   1.6570080e-04   2.2065188e-04   9.9961365e-01
   2.3410000e+03   1.6500589e-04   1.5533940e-04   9.9967965e-01
   2.1240000e+03   2.4854411e-06   1.8980329e-04   9.9980771e-01
   2.4680000e+03   7.6826457e-06   2.4520322e-04   9.9974711e-01
   2.3020000e+03   2.3055018e-04   9.9976324e-01   6.2070162e-06
   2.4640000e+03   9.9981055e-01   4.0686319e-06   1.8537927e-04
   2.4690000e+03   5.7532894e-05   9.9963237e-01   3.1010050e-04
   2.3050000e+03   2.4248410e-05   9.9973167e-01   2.4408197e-04
   2.3460000e+03   9.9976764e-01   1.9975419e-04   3.2610537e-05
   2.1850000e+03   7.9236063e-05   9.9968163e-01   2.3913886e-04
   2.4750000e+03   8.4538602e-05   9.9983344e-01   8.2024110e-05
   2.3070000e+03   5.9228353e-05   9.9973899e-01   2.0177925e-04
   2.3500000e+03   9.9969878e-01   1.9451866e-04   1.0670160e-04
   2.1830000e+03   1.7273504e-04   9.9930002e-01   5.2724988e-04
   2.4870000e+03   1.3791807e-04   9.9969699e-01   1.6509687e-04
   2.3090000e+03   1.1252135e-04   9.9980139e-01   8.6085626e-05
   2.3380000e+03   9.9975124e-01   7.6316411e-05   1.7244009e-04
   2.1910000e+03   1.8451690e-04   1.2747460e-05   9.9980274e-01
   1.9350000e+03   8.1621814e-04   9.9108629e-01   8.0974889e-03
   1.9330000e+03   4.7861643e-05   5.4345177e-04   9.9940869e-01
   2.3610000e+03   0.0000000e+00   7.4598067e-04   9.9925402e-01
   2.3110000e+03   3.9546088e-04   2.4666710e-04   9.9935787e-01
   1.9390000e+03   8.3288506e-05   9.9972596e-01   1.9075393e-04
   1.9110000e+03   2.2974320e-04   9.9921031e-01   5.5994881e-04
   2.5880000e+03   2.8347633e-04   5.4728751e-04   9.9916924e-01
   1.8990000e+03   8.4805800e-05   5.7959317e-05   9.9985723e-01
   1.9090000e+03   2.3489937e-04   9.9964688e-01   1.1822355e-04
   2.5900000e+03   2.4197620e-04   3.0795241e-05   9.9972723e-01
   2.3120000e+03   9.9979857e-01   1.9058472e-04   1.0840293e-05
   2.3150000e+03   6.5214075e-05   7.1861504e-04   9.9921617e-01
   2.1480000e+03   9.9896128e-01   1.0387150e-03   0.0000000e+00
   2.1970000e+03   8.5982731e-04   9.9905475e-01   8.5425159e-05
   2.3640000e+03   6.2657963e-04   9.9931721e-01   5.6211822e-05
   2.0350000e+03   1.2656518e-04   5.2195403e-04   9.9935148e-01
   2.3160000e+03   4.2428958e-04   1.3894398e-04   9.9943677e-01
   2.3580000e+03   9.9933471e-01   2.7686478e-05   6.3760033e-04
   1.9720000e+03   1.8208565e-04   4.1954756e-04   9.9939837e-01
   2.3190000e+03   3.1816963e-02   2.8776735e-01   6.8041569e-01
   2.5630000e+03   2.7341130e-05   5.4787181e-04   9.9942479e-01
   2.1820000e+03   9.9954870e-01   1.8550344e-05   4.3274746e-04
   2.3680000e+03   3.8886401e-04   9.9960314e-01   7.9954929e-06
   2.3700000e+03   5.8289003e-03   9.7866625e-01   1.5504845e-02
   2.3660000e+03   6.7457265e-05   3.4771765e-04   9.9958483e-01
   1.9860000e+03   4.1811932e-04   9.9956032e-01   2.1561909e-05
   2.0790000e+03   8.3439237e-04   9.9903758e-01   1.2802951e-04
   2.0790000e+03   9.2564541e-01   4.9985062e-02   2.4369524e-02
   2.5970000e+03   2.8538134e-04   9.9968390e-01   3.0721832e-05
   2.0310000e+03   2.3369103e-05   2.4305241e-04   9.9973358e-01
   2.3220000e+03   0.0000000e+00   2.8530568e-04   9.9971469e-01
   2.3700000e+03   1.9982551e-06   3.3131596e-04   9.9966669e-01
   1.9740000e+03   8.8230684e-06   2.5574459e-04   9.9973543e-01
   2.0780000e+03   3.2278777e-04   9.9964807e-01   2.9140828e-05
   2.3250000e+03   6.0230175e-05   7.0817932e-04   9.9923159e-01
   2.1800000e+03   9.9961978e-01   5.7528230e-05   3.2268726e-04
   2.3740000e+03   3.3498714e-04   9.9963773e-01   2.7280101e-05
   2.0290000e+03   4.2242113e-05   2.0937300e-04   9.9974838e-01
   2.3260000e+03   3.7184831e-05   2.4306822e-04   9.9971975e-01
   2.3720000e+03   1.2364130e-05   2.9109245e-04   9.9969654e-01
   1.9760000e+03   2.7758627e-05   2.2109941e-04   9.9975114e-01
   2.1510000e+03   3.7162854e-05   3.6101963e-05   9.9992674e-01
   2.0890000e+03   6.1241435e-06   9.9991744e-01   7.6438193e-05
   2.5460000e+03   8.1504188e-05   8.2259963e-05   9.9983624e-01
   2.4110000e+03   9.9997454e-01   0.0000000e+00   2.5458253e-05
   2.3310000e+03   2.6645353e-15   1.6773496e-04   9.9983227e-01
   2.5510000e+03   2.3566164e-05   2.0595444e-04   9.9977048e-01
   2.1780000e+03   9.9975255e-01   0.0000000e+00   2.4745179e-04
   2.3300000e+03   9.9985596e-01   1.2267509e-04   2.1362992e-05
   2.0250000e+03   3.1788663e-05   1.6536815e-04   9.9980284e-01
   2.3320000e+03   1.3342135e-06   1.3677367e-04   9.9986189e-01
   2.1770000e+03   7.9038338e-17   9.9979839e-01   2.0160852e-04
   1.9780000e+03   3.8963314e-05   1.3109533e-04   9.9982994e-01
   2.1900000e+03   8.6671864e-05   7.0659485e-05   9.9984267e-01
   2.1750000e+03   9.9992905e-01   7.0949009e-05   1.1430637e-15
   1.9820000e+03   1.5768955e-04   9.9984231e-01   0.0000000e+00
   2.0210000e+03   4.7513062e-05   2.1846526e-05   9.9993064e-01
   2.0990000e+03   8.9774079e-01   2.5505847e-02   7.6753361e-02
   2.5280000e+03   2.0089776e-02   9.3684401e-02   8.8622582e-01
   2.5250000e+03   8.8641549e-01   4.9723059e-02   6.3861448e-02
   2.1000000e+03   2.3453659e-02   9.8727315e-05   9.7644761e-01
   1.9890000e+03   9.3291584e-04   1.7817478e-03   9.9728534e-01
   2.0320000e+03   6.0106972e-02   6.1410602e-01   3.2578701e-01
   1.0410000e+03   2.4734111e-04   1.4583364e-04   9.9960683e-01
   1.0430000e+03   1.6799317e-02   2.7008544e-01   7.1311525e-01
   1.0070000e+03   9.9970500e-01   1.6543974e-04   1.2955731e-04
   1.0190000e+03   1.1624617e-04   9.9986207e-01   2.1681971e-05
   1.0190000e+03   1.4979589e-04   5.2571110e-05   9.9979763e-01
   1.0360000e+03   1.9890752e-04   2.2816520e-04   9.9957293e-01
   1.0370000e+03   7.7416171e-05   2.3888337e-05   9.9989870e-01
   1.0210000e+03   7.2622242e-05   9.9985380e-01   7.3577493e-05
   1.0450000e+03   4.0829138e-05   9.9989880e-01   6.0372971e-05
   1.0070000e+03   1.6874483e-05   1.1999431e-04   9.9986313e-01
   1.0050000e+03   7.7540022e-05   5.0025340e-05   9.9987243e-01
   9.9600000e+02   6.2195053e-05   9.9985587e-01   8.1932592e-05
   1.2170000e+03   0.0000000e+00   1.0000000e+00  -0.0000000e+00
   1.5810000e+03   9.9971747e-01   1.7028897e-04   1.1223694e-04
   1.3030000e+03   2.8464161e-02   1.8864673e-01   7.8288911e-01
   1.5760000e+03   2.5273274e-05   5.2163094e-05   9.9992256e-01
   1.5820000e+03  -8.7069905e-17   9.9998843e-01   1.1569445e-05
   1.2270000e+03   0.0000000e+00   1.0000000e+00  -0.0000000e+00
   1.2250000e+03   2.1872273e-05   7.6963552e-05   9.9990116e-01
   1.5700000e+03   2.2204460e-16   9.8326371e-05   9.9990167e-01
   1.3060000e+03   1.0765911e-04   9.9989104e-01   1.3051505e-06
   1.3070000e+03  -5.7760871e-17   9.9985326e-01   1.4674046e-04
   1.2230000e+03   1.5521116e-04   9.9984479e-01   0.0000000e+00
   1.3080000e+03   1.2430693e-04   9.9987569e-01   5.1123281e-17
   1.3090000e+03  -7.6138098e-17   9.9982107e-01   1.7892692e-04
   1.4890000e+03   2.4346544e-05   9.9974667e-01   2.2898490e-04
   1.3100000e+03   2.2854691e-01   7.3341316e-01   3.8039928e-02
   1.5620000e+03   9.9983095e-01   1.6905244e-04   0.0000000e+00
   1.3110000e+03   3.0381915e-04   0.0000000e+00   9.9969618e-01
   1.2660000e+03   9.9973736e-01   1.2287391e-04   1.3976741e-04
   1.5640000e+03   7.1613985e-01   2.3620927e-01   4.7650879e-02
   1.4910000e+03   1.8375284e-05   9.9963571e-01   3.4591477e-04
   1.5610000e+03   1.7858806e-04   0.0000000e+00   9.9982141e-01
   1.5600000e+03   1.5165369e-05   1.0625346e-04   9.9987858e-01
   1.2350000e+03   3.6839261e-02   2.3202043e-01   7.3114031e-01
   1.2340000e+03   1.0000000e+00  -0.0000000e+00  -0.0000000e+00
   1.1680000e+03   1.8053268e-02   1.2014373e-01   8.6180300e-01
   1.2290000e+03   2.4090910e-01   2.5517763e-01   5.0391327e-01
   1.5540000e+03   4.4800906e-02   1.6843134e-01   7.8676775e-01
   1.2330000e+03   1.1102230e-16  -0.0000000e+00   1.0000000e+00
   1.5460000e+03   4.0288157e-01   7.1172604e-03   5.9000116e-01
   1.5480000e+03   3.7284286e-05   3.3090316e-05   9.9992963e-01
   1.2320000e+03   3.0186628e-15   9.9994378e-01   5.6221244e-05
   1.2610000e+03   8.3333333e-05   5.7677414e-04   9.9933989e-01
   1.2620000e+03   9.9963285e-01   1.9994377e-04   1.6720141e-04
   1.1740000e+03   7.2606228e-01   2.3143987e-01   4.2497858e-02
   1.1740000e+03   4.2229012e-05   9.6297464e-06   9.9994814e-01
   1.5410000e+03   2.5583484e-05   5.3851925e-05   9.9992056e-01
   1.5400000e+03   1.6787975e-02   3.2458893e-01   6.5862310e-01
   1.2360000e+03  -8.8335372e-17   9.9981181e-01   1.8819056e-04
   1.3210000e+03   3.3692215e-05   9.9996631e-01   1.4487076e-15
   1.5400000e+03   9.9996363e-01   2.7540065e-05   8.8344043e-06
   1.5370000e+03   1.1195643e-04   6.6100872e-05   9.9982194e-01
   1.2380000e+03   4.1342797e-15   9.9972720e-01   2.7280280e-04
   1.3230000e+03   3.6753616e-04   9.9963246e-01   0.0000000e+00
   1.3240000e+03   5.5131680e-17   9.9958121e-01   4.1878642e-04
   1.5330000e+03   2.8494038e-04   1.3786257e-04   9.9957720e-01
   1.2640000e+03   9.9948872e-01   4.6922326e-04   4.2054153e-05
   1.5350000e+03   1.0131449e-04   9.9966498e-01   2.3370304e-04
   1.3300000e+03   9.9039811e-01   4.2649908e-03   5.3368958e-03
   1.4920000e+03   1.0611720e-03   9.8356804e-01   1.5370785e-02
   1.5300000e+03   9.9981078e-01   4.2248365e-05   1.4697325e-04
   1.3280000e+03   8.6912161e-02   1.9345578e-01   7.1963206e-01
   1.6810000e+03   5.9418584e-02   9.3572071e-01   4.8607078e-03
   1.3300000e+03   1.6454269e-03   8.9460663e-01   1.0374795e-01
   1.2440000e+03   2.8055855e-05   2.8457852e-05   9.9994349e-01
   1.2420000e+03   7.9770765e-05   8.1453965e-05   9.9983878e-01
   1.5260000e+03   7.3127268e-15   9.9993602e-01   6.3984073e-05
   1.5260000e+03   6.1656334e-01   3.0089372e-01   8.2542936e-02
   1.3340000e+03   1.3994177e-02   1.7167428e-03   9.8428908e-01
   1.2630000e+03   0.0000000e+00   5.8498811e-04   9.9941501e-01
   1.4970000e+03   3.8797884e-03   3.3737463e-01   6.5874559e-01
   1.5020000e+03   8.2329617e-03   9.7094721e-01   2.0819828e-02
   1.5020000e+03   8.7007239e-01   4.4523198e-02   8.5404410e-02
   1.5020000e+03   1.1102230e-16   9.5737440e-04   9.9904263e-01
   1.3390000e+03   3.9329093e-01   4.3542647e-01   1.7128260e-01
   1.3400000e+03   3.1794369e-02   4.5258316e-01   5.1562247e-01
   1.3400000e+03   3.2803301e-01   3.2281192e-03   6.6873887e-01
   1.5060000e+03  -1.1102230e-16   4.3022785e-04   9.9956977e-01
   1.5040000e+03   9.9951009e-01   4.7212303e-04   1.7787235e-05
   1.2520000e+03   2.9587328e-04   9.9970413e-01   0.0000000e+00
   1.5090000e+03   5.7708898e-01   2.3542539e-03   4.2055676e-01
   1.2640000e+03   1.5315969e-03   1.4393639e-01   8.5453202e-01
   1.6000000e+03   8.8878030e-03   9.9040318e-01   7.0901667e-04
   1.6000000e+03   1.6653345e-15   1.0447608e-03   9.9895524e-01
   1.2090000e+03   2.3320776e-04   9.9961565e-01   1.5114103e-04
   1.6040000e+03   1.8018535e-04   3.2329229e-04   9.9949652e-01
   1.2080000e+03   9.9954529e-01   1.4328889e-04   3.1142359e-04
   1.7566000e+04   1.5788402e-01   7.9530802e-01   4.6807961e-02
   1.6740000e+03   9.9997169e-01   0.0000000e+00   2.8308408e-05
   1.2080000e+03   1.1102230e-16  -0.0000000e+00   1.0000000e+00
   1.2050000e+03   0.0000000e+00   1.0000000e+00  -0.0000000e+00
   1.6120000e+03   2.2496132e-05   2.2643409e-05   9.9995486e-01
   1.6090000e+03  -1.6520531e-17   9.9989304e-01   1.0696150e-04
   1.6090000e+03   9.9973092e-01   2.6907757e-04   3.3775278e-15
   1.3580000e+03   1.8767409e-04   1.8828986e-04   9.9962404e-01
   1.3600000e+03   9.9976373e-01   7.1772439e-05   1.6449483e-04
   1.6130000e+03   1.4398685e-04   9.9975896e-01   9.7057519e-05
   1.2040000e+03   2.1601959e-05   9.9995129e-01   2.7107772e-05
   1.6110000e+03   9.9989687e-01   1.0312631e-04   0.0000000e+00
   1.3620000e+03   9.9964287e-01   1.2230181e-04   2.3482395e-04
   1.6170000e+03   3.0347167e-04   9.9958292e-01   1.1361262e-04
   1.2010000e+03   1.2183852e-04   1.3045324e-04   9.9974771e-01
   1.6160000e+03   9.9959288e-01   1.3331009e-04   2.7380535e-04
   1.7000000e+03   7.8507665e-05   3.0095314e-04   9.9962054e-01
   1.1990000e+03   7.8316145e-05   2.2983624e-04   9.9969185e-01
   1.6200000e+03   9.9971336e-01   8.7589716e-05   1.9905335e-04
   1.1970000e+03   1.0900135e-04   3.5043054e-04   9.9954057e-01
   1.6260000e+03   9.9948308e-01   6.8696432e-16   5.1691658e-04
   1.3640000e+03   0.0000000e+00   9.8878141e-04   9.9901122e-01
   1.5780000e+03   1.1006072e-04   9.9987040e-01   1.9535002e-05
   1.2210000e+03   8.1253039e-05   9.9991125e-01   7.4988032e-06
   1.4050000e+03   5.5958862e-05   1.1163594e-04   9.9983241e-01
   1.5840000e+03   9.3199886e-05   9.9984852e-01   5.8278413e-05
   1.2190000e+03   1.1266102e-04   9.9984424e-01   4.3099596e-05
   1.5750000e+03   9.9986492e-01   8.5225141e-05   4.9852798e-05
   1.4070000e+03   1.0972707e-04   1.3316591e-04   9.9975711e-01
   1.2820000e+03   9.9984758e-01   9.2744404e-06   1.4314064e-04
