   2.1100000e+02   6.3570685e-02   8.5130865e-01   8.5120662e-02
   2.5000000e+02   1.4058276e-02   9.6542674e-01   2.0514987e-02
   3.0000000e+00   9.6559670e-01   1.8749733e-02   1.5653570e-02
   5.0000000e+00   4.1516499e-01   3.1457020e-02   5.5337799e-01
   7.8000000e+01   7.3418375e-03   9.2743849e-01   6.5219674e-02
   6.0000000e+00   2.9627612e-01   6.8929409e-01   1.4429785e-02
   9.0000000e+00   2.8240161e-01   2.5815749e-02   6.9178264e-01
   1.9000000e+01   2.4685083e-02   9.7144109e-01   3.8738314e-03
   1.6000000e+01   2.9697551e-02   9.6464367e-01   5.6587782e-03
   1.0000000e+01   2.7469857e-01   5.4937771e-01   1.7592373e-01
   6.7500000e+02   5.1728784e-01   3.6629902e-01   1.1641314e-01
   1.3000000e+01   6.1317479e-01   3.1366658e-01   7.3158629e-02
   1.8000000e+01   4.6192852e-02   1.0956613e-02   9.4285054e-01
   1.8300000e+02   1.6875207e-02   9.7413471e-01   8.9900790e-03
   1.8500000e+02   9.8012745e-01   4.8449838e-03   1.5027570e-02
   8.1000000e+01   9.4678173e-01   5.0343302e-02   2.8749677e-03
   2.3000000e+01   9.8689903e-01   8.2813337e-04   1.2272839e-02
   2.9000000e+01   7.2230454e-03   9.8266531e-01   1.0111640e-02
   3.2700000e+02   9.8503292e-01   1.0268387e-02   4.6986930e-03
   2.5000000e+01   9.9824707e-01   1.0355522e-03   7.1737504e-04
   3.2900000e+02   9.8286240e-01   2.8128334e-03   1.4324762e-02
   2.9000000e+01   8.1129777e-03   1.8567314e-02   9.7331971e-01
   3.3200000e+02   1.2260929e-02   9.6851606e-01   1.9223008e-02
   3.3400000e+02   9.7970874e-01   6.9708579e-03   1.3320407e-02
   3.3800000e+02   9.4761904e-03   9.7828191e-01   1.2241898e-02
   1.1659000e+04   1.9756914e-02   3.9673805e-03   9.7627571e-01
   7.5900000e+02   9.5742501e-01   1.1708842e-02   3.0866144e-02
   4.8000000e+01   5.0600179e-01   4.0572510e-01   8.8273109e-02
   1.6079000e+04   1.6791599e-01   6.7999941e-01   1.5208460e-01
   4.0000000e+01   2.7538048e-03   1.2068081e-02   9.8517811e-01
   3.8000000e+01   5.0489051e-04   1.9139863e-02   9.8035525e-01
   1.9900000e+02   1.8476102e-03   9.6549515e-01   3.2657242e-02
   5.2000000e+01   1.8081027e-02   1.2935425e-02   9.6898355e-01
   3.0600000e+02   9.3738764e-01   4.9541348e-02   1.3071017e-02
   4.6000000e+01   4.2368219e-02   9.4795077e-01   9.6810095e-03
   1.2300000e+02   1.5249326e-02   9.7987742e-01   4.8732583e-03
   8.4800000e+02   4.3222373e-01   4.1473078e-02   5.2630319e-01
   1.2000000e+02   8.9085575e-01   4.5536658e-02   6.3607594e-02
   9.4000000e+01   5.1536807e-02   1.9709982e-01   7.5136337e-01
   1.1800000e+02   5.6186646e-01   1.4519852e-01   2.9293503e-01
   3.0700000e+02   9.4725686e-01   2.8307780e-02   2.4435356e-02
   3.0500000e+02   1.0348533e-02   9.7001218e-01   1.9639282e-02
   3.0000000e+02   5.4547375e-02   9.0339302e-01   4.2059610e-02
   2.1900000e+02   4.5317401e-01   4.5837994e-01   8.8446053e-02
   5.9000000e+01   2.0087147e-01   6.2446864e-01   1.7465989e-01
   2.5200000e+02   1.9011172e-01   1.9915251e-02   7.8997302e-01
   5.5000000e+01   5.2077055e-01   3.3634918e-01   1.4288027e-01
   1.6700000e+02   1.4112789e-01   7.9369895e-01   6.5173163e-02
   3.0200000e+02   8.9083085e-01   3.2345288e-02   7.6823867e-02
   7.6200000e+02   1.3694160e-01   8.1108184e-01   5.1976564e-02
   5.8000000e+01   5.4151231e-03   2.6008859e-02   9.6857602e-01
   7.1000000e+01   3.5149360e-01   6.4198454e-01   6.5218545e-03
   1.6500000e+02   3.6751602e-02   9.3780335e-01   2.5445045e-02
   6.2000000e+01   4.9364934e-02   2.1236515e-01   7.3826991e-01
   6.6000000e+01   9.6041713e-01   3.2083285e-02   7.4995831e-03
   2.0900000e+02   2.0496254e-02   2.5984944e-02   9.5351880e-01
   2.0900000e+02   4.9061146e-01   4.0101765e-01   1.0837089e-01
   6.5000000e+01   9.8883884e-01   1.0548942e-02   6.1221516e-04
   6.8000000e+01   5.2385134e-01   4.3809756e-01   3.8051108e-02
   3.3000000e+01   9.2069437e-01   1.9418207e-03   7.7363804e-02
   7.4000000e+01   7.2344836e-01   5.7797472e-02   2.1875417e-01
   7.3000000e+01   9.8508636e-01   5.5035056e-03   9.4101332e-03
   7.7000000e+01   1.5537607e-02   9.7754201e-01   6.9203815e-03
   7.6000000e+01   2.2962610e-02   4.8635874e-03   9.7217380e-01
   1.3600000e+02   2.5232760e-02   7.7987357e-03   9.6696850e-01
   8.4000000e+01   1.1111883e-02   9.5816471e-01   3.0723407e-02
   8.3000000e+01   1.0957892e-02   9.8078478e-01   8.2573235e-03
   8.9000000e+01   1.8846139e-02   1.2811516e-02   9.6834234e-01
   8.6000000e+01   9.7970267e-01   6.3593719e-03   1.3937958e-02
   1.0000000e+02   2.1319383e-02   1.7095043e-03   9.7697111e-01
   1.0100000e+02   4.4350901e-03   9.8963348e-01   5.9314348e-03
   1.9100000e+02   9.7698657e-01   1.6260824e-02   6.7526035e-03
   1.0000000e+02   2.6520399e-03   9.5714606e-01   4.0201900e-02
   9.9000000e+01   1.1557099e-01   6.1712443e-01   2.6730458e-01
   9.7000000e+01   1.4648346e-02   3.1518266e-03   9.8219983e-01
   1.1600000e+02   1.3667487e-02   6.7254193e-03   9.7960709e-01
   1.0900000e+02   1.3576181e-02   9.8590973e-01   5.1408991e-04
   1.1300000e+02   2.0109994e-02   9.7946954e-01   4.2046447e-04
   1.0400000e+02   1.5213938e-03   2.1735185e-02   9.7674342e-01
   1.0500000e+02   2.5862813e-03   1.8590121e-02   9.7882360e-01
   1.1400000e+02   9.9142536e-01   3.4772845e-03   5.0973575e-03
   1.6260000e+04   4.8471900e-01   4.7649498e-01   3.8786014e-02
   1.1000000e+02   6.8951153e-01   1.5147122e-01   1.5901725e-01
   1.2600000e+02   6.8501659e-01   2.4001051e-01   7.4972893e-02
   1.2500000e+02   9.9226046e-01   3.2210623e-03   4.5184779e-03
   1.9800000e+02   3.2104177e-03   1.9780783e-02   9.7700880e-01
   2.0300000e+02   3.1474742e-02   4.5847482e-01   5.1005044e-01
   1.3300000e+02   9.6772136e-01   2.6117883e-02   6.1607611e-03
   1.3700000e+02   9.7736827e-01   5.6129369e-03   1.7018796e-02
   1.3900000e+02   9.6137816e-01   2.2436523e-02   1.6185315e-02
   1.4000000e+02   2.2087477e-03   9.5542696e-03   9.8823698e-01
   1.4100000e+02   3.8069383e-03   5.7463248e-03   9.9044674e-01
   4.6800000e+02   1.9470789e-02   5.6239731e-04   9.7996681e-01
   1.5800000e+02   9.0984283e-05   6.1744183e-03   9.9373460e-01
   1.4400000e+02   1.8099022e-02   3.6678008e-01   6.1512090e-01
   1.5900000e+02   7.2733238e-03   9.8336599e-01   9.3606877e-03
   1.4300000e+02   2.9243359e-03   9.8553766e-01   1.1538007e-02
   1.6200000e+02   3.1139060e-03   1.4642786e-03   9.9542182e-01
   1.6300000e+02   2.4865049e-04   6.9314982e-02   9.3043637e-01
   1.5600000e+02   6.1949177e-01   1.1960445e-01   2.6090378e-01
   1.5500000e+02   5.8235592e-01   3.7897225e-01   3.8671827e-02
   1.5200000e+02   2.0866760e-01   1.5584488e-01   6.3548752e-01
   4.6200000e+02   2.0061378e-01   4.0887247e-01   3.9051374e-01
   1.6400000e+02   7.5302381e-03   4.5508293e-03   9.8791893e-01
   4.7900000e+02   1.2339946e-02   1.3999158e-02   9.7366090e-01
   1.0160000e+03   5.2578774e-01   2.0842305e-01   2.6578921e-01
   1.7300000e+02   2.9672166e-02   1.9492486e-01   7.7540297e-01
   2.9400000e+02   2.5414228e-02   9.7245878e-01   2.1269925e-03
   1.7900000e+02   8.6276313e-01   1.3122328e-01   6.0135879e-03
   1.7400000e+02   1.1156342e-02   1.1512888e-01   8.7371478e-01
   1.7900000e+02   1.1679564e-02   7.5815830e-03   9.8073885e-01
   2.9200000e+02   3.3308820e-01   5.4696256e-01   1.1994924e-01
   1.8500000e+02   4.4584051e-02   8.9073302e-01   6.4682933e-02
   1.9100000e+02   1.4487332e-02   6.6877136e-03   9.7882495e-01
   2.1800000e+02   1.0762460e-01   8.3950056e-01   5.2874846e-02
   2.1500000e+02   2.8998533e-02   1.9607721e-02   9.5139375e-01
   2.5300000e+02   1.6727089e-02   6.2319593e-02   9.2095332e-01
   2.2400000e+02   3.3871364e-01   5.0470222e-01   1.5658413e-01
   2.2600000e+02   1.5473365e-03   1.3756043e-02   9.8469662e-01
   2.4100000e+02   5.6079208e-02   8.7996386e-01   6.3956936e-02
   2.2800000e+02   1.0898695e-02   9.7925144e-01   9.8498647e-03
   2.3900000e+02   2.5366760e-03   9.8969623e-01   7.7670923e-03
   2.3100000e+02   1.1152485e-02   9.8330465e-01   5.5428690e-03
   2.3000000e+02   4.8942635e-03   5.8904503e-01   4.0606070e-01
   5.4300000e+02   6.8959512e-03   9.8057721e-01   1.2526840e-02
   5.4400000e+02   4.2269889e-01   5.4915327e-04   5.7675195e-01
   2.5500000e+02   5.8553282e-02   9.3073746e-01   1.0709263e-02
   5.7700000e+02   3.4209010e-03   3.2312536e-02   9.6426656e-01
   2.3400000e+02   3.4602887e-02   6.9865382e-01   2.6674330e-01
   2.5500000e+02   9.8634335e-01   2.5173603e-03   1.1139285e-02
   2.6400000e+02   8.3644219e-01   1.4780298e-01   1.5754828e-02
   2.3600000e+02   1.0376537e-02   9.8381873e-01   5.8047287e-03
   2.3700000e+02   1.2998124e-02   9.1869748e-01   6.8304398e-02
   2.3900000e+02   2.5463805e-02   1.9954928e-01   7.7498691e-01
   2.5400000e+02   5.8422034e-03   5.5671788e-02   9.3848601e-01
   2.5200000e+02   9.5072640e-01   1.7497180e-02   3.1776423e-02
   2.4900000e+02   1.4168878e-02   3.1015872e-03   9.8272954e-01
   2.5800000e+02   1.9131823e-01   3.9728244e-03   8.0470894e-01
   5.7600000e+02   1.0945114e-02   9.8820717e-01   8.4772025e-04
   2.6700000e+02   3.6399539e-02   8.2644919e-01   1.3715127e-01
   2.8800000e+02   9.9470810e-01   4.4339667e-03   8.5793109e-04
   2.9200000e+02   2.8898763e-03   8.5226191e-03   9.8858750e-01
   3.0400000e+02   3.3074530e-01   2.6814021e-01   4.0111449e-01
   3.2100000e+02   1.0463941e-01   7.2373027e-01   1.7163032e-01
   3.1400000e+02   5.4068486e-01   1.6175902e-01   2.9755612e-01
   3.1600000e+02   6.7871161e-01   3.0351814e-01   1.7770250e-02
   6.0700000e+02   7.1096054e-01   4.7404808e-02   2.4163466e-01
   3.2800000e+02   3.3297148e-03   8.7242764e-03   9.8794601e-01
   6.1500000e+02   3.4176915e-02   9.5164660e-01   1.4176483e-02
   6.1100000e+02   9.8323714e-01   8.5505370e-03   8.2123237e-03
   3.3600000e+02   9.7731466e-01   2.1227099e-02   1.4582439e-03
   4.5100000e+02   2.0540334e-02   9.7016294e-01   9.2967223e-03
   4.5000000e+02   2.2037025e-02   1.4478835e-01   8.3317463e-01
   4.5400000e+02   3.6121869e-01   3.1478593e-02   6.0730272e-01
   4.5300000e+02   3.8487676e-04   9.9136041e-01   8.2547133e-03
   4.7600000e+02   9.3147510e-01   5.2006360e-02   1.6518536e-02
   4.5500000e+02   9.8385912e-01   1.4375225e-02   1.7656531e-03
   4.6300000e+02   9.1728865e-01   1.9914573e-02   6.2796777e-02
   6.2300000e+02   8.2115085e-02   1.4811376e-01   7.6977116e-01
   1.2328000e+04   9.3526691e-02   7.2950976e-01   1.7696355e-01
   6.1600000e+02   4.1226528e-01   1.9768310e-01   3.9005161e-01
   5.5900000e+02   4.8632694e-02   8.8350627e-01   6.7861032e-02
   5.4500000e+02   9.9001801e-01   0.0000000e+00   9.9819931e-03
   4.5600000e+02   9.8737669e-01   8.9533519e-04   1.1727973e-02
   5.4700000e+02   5.2109425e-03   6.7623004e-01   3.1855902e-01
   5.4000000e+02   9.8781668e-01   8.1029838e-03   4.0803360e-03
   5.5500000e+02   6.8896109e-02   2.3481036e-01   6.9629353e-01
   5.5800000e+02   6.0292081e-02   3.2574234e-02   9.0713369e-01
   5.6000000e+02   1.4812645e-02   1.0703265e-02   9.7448409e-01
   6.2100000e+02   5.1632180e-01   1.4075047e-01   3.4292773e-01
   6.2100000e+02   9.1172963e-04   9.9353918e-01   5.5490910e-03
   4.8500000e+02   1.2711776e-01   7.4774436e-02   7.9810780e-01
   6.7700000e+02   1.7939221e-03   3.4961797e-02   9.6324428e-01
   2.8300000e+02   9.7446807e-03   9.8018225e-01   1.0073065e-02
   2.8600000e+02   1.0455484e-02   9.7689973e-01   1.2644788e-02
   4.1000000e+01   9.7605183e-01   8.2847668e-03   1.5663407e-02
   7.6600000e+02   7.2401898e-01   2.5363185e-01   2.2349169e-02
   4.6000000e+01   3.3833259e-02   9.9713270e-03   9.5619541e-01
   4.9000000e+01   1.5607469e-02   9.2551618e-01   5.8876350e-02
   4.9000000e+01   9.8784099e-01   5.1195081e-03   7.0394980e-03
   1.6800000e+02   2.0103795e-02   9.7107263e-01   8.8235714e-03
   1.0340000e+03   1.6470635e-02   6.1901894e-01   3.6451043e-01
   2.8200000e+02   5.6958769e-03   9.8552197e-01   8.7821497e-03
   8.4900000e+02   2.0154222e-01   4.8707869e-01   3.1137910e-01
   7.6300000e+02   2.1603297e-02   1.8295811e-01   7.9543859e-01
   1.3030000e+03   1.3710245e-01   1.4304964e-01   7.1984791e-01
   6.1000000e+02   9.8213089e-01   2.1353412e-03   1.5733772e-02
   4.8000000e+02   3.7088705e-02   9.5791888e-01   4.9924134e-03
   4.8400000e+02   2.6883144e-02   9.6887398e-01   4.2428737e-03
   1.6370000e+03   6.1478579e-01   3.3765781e-02   3.5144843e-01
   9.4600000e+02   2.9414919e-01   5.1687617e-01   1.8897464e-01
   9.4100000e+02   2.4903840e-01   1.1138159e-01   6.3958001e-01
   6.5100000e+02   5.4111192e-01   5.7546793e-02   4.0134129e-01
   1.2630000e+03   1.4512063e-02   2.4652064e-01   7.3896729e-01
   9.4100000e+02   7.0822492e-01   1.0990027e-01   1.8187480e-01
   7.2200000e+02   2.7474934e-01   2.9254991e-02   6.9599567e-01
   2.8770000e+03   1.6895365e-04   8.2301268e-01   1.7681837e-01
   1.0940000e+03   3.4874837e-01   4.0563215e-02   6.1068841e-01
   7.2100000e+02   9.6705829e-04   9.0892505e-01   9.0107888e-02
   6.5300000e+02   1.1924355e-01   4.9699125e-01   3.8376520e-01
   6.6200000e+02   1.0404560e-01   5.0735202e-01   3.8860238e-01
   6.6800000e+02   1.6977426e-02   9.7080927e-01   1.2213304e-02
   6.5600000e+02   7.8006344e-03   6.1319907e-03   9.8606737e-01
   6.7100000e+02   1.3280081e-02   9.7900253e-01   7.7173868e-03
   7.3700000e+02   2.6645299e-03   1.4510487e-02   9.8282498e-01
   6.8900000e+02   1.6144998e-02   1.0080507e-01   8.8304993e-01
   6.8800000e+02   9.0672887e-01   8.9852251e-02   3.4188814e-03
   6.5600000e+02   9.8592604e-01   7.3124640e-03   6.7614931e-03
   1.1400000e+03   1.8729476e-02   2.5799713e-02   9.5547081e-01
   7.4100000e+02   6.2997808e-01   1.6619148e-01   2.0383044e-01
   7.3100000e+02   6.6997170e-02   9.1506135e-01   1.7941477e-02
   1.1380000e+03   8.7205968e-02   1.3639152e-01   7.7640251e-01
   6.6100000e+02   7.5131130e-01   3.4371779e-02   2.1431692e-01
   6.6500000e+02   4.8667688e-01   4.6824645e-02   4.6649847e-01
   1.9490000e+03   2.8573955e-01   4.7770605e-01   2.3655440e-01
   1.1360000e+03   5.9092405e-01   1.3514981e-01   2.7392614e-01
   6.6700000e+02   1.1242812e-02   9.8560819e-01   3.1489992e-03
   6.6700000e+02   7.6271703e-01   2.6322638e-02   2.1096033e-01
   1.2100000e+03   1.6514394e-02   9.7683842e-01   6.6471884e-03
   6.7300000e+02   8.9454367e-01   5.4764979e-02   5.0691355e-02
   6.7100000e+02   8.3853750e-01   7.1073827e-02   9.0388669e-02
   1.2020000e+03   2.9705322e-03   9.7582244e-01   2.1207025e-02
   6.8100000e+02   3.5342468e-02   1.3279566e-02   9.5137797e-01
   1.2160000e+03   1.0257618e-02   2.4025217e-02   9.6571716e-01
   6.9500000e+02   8.0265852e-02   8.5924099e-01   6.0493160e-02
   6.9400000e+02   1.0459602e-01   5.6072428e-01   3.3467970e-01
   6.8500000e+02   1.1988267e-02   4.1860302e-01   5.6940872e-01
   7.3100000e+02   9.6901554e-01   3.0984465e-02   0.0000000e+00
   1.2400000e+03   8.2615949e-01   7.4349409e-03   1.6640557e-01
   6.9400000e+02   9.9020004e-01   5.0190351e-04   9.2980595e-03
   6.9600000e+02   1.7055594e-02   4.0235061e-02   9.4270934e-01
   7.0100000e+02   9.4758788e-01   2.6396690e-02   2.6015434e-02
   6.9700000e+02   8.1027364e-04   1.3931166e-02   9.8525856e-01
   1.2540000e+03   6.8680541e-03   9.8543182e-01   7.7001234e-03
   1.1790000e+03   5.3874639e-02   3.7977872e-02   9.0814749e-01
   1.1830000e+03   2.1114375e-02   9.6049552e-01   1.8390106e-02
   7.0300000e+02   6.8090823e-01   2.3964837e-01   7.9443401e-02
   1.0530000e+03   7.4346594e-01   8.5724357e-02   1.7080971e-01
   9.8800000e+02   9.9651478e-02   9.4565123e-02   8.0578340e-01
   9.5200000e+02   1.7996923e-01   6.5594439e-01   1.6408638e-01
   9.9400000e+02   6.1006323e-01   3.3535621e-01   5.4580556e-02
   9.8100000e+02   1.3569645e-03   9.5486772e-01   4.3775316e-02
   1.3160000e+03   6.7170462e-01   7.1099655e-02   2.5719573e-01
   7.0400000e+02   2.1772492e-02   8.6923430e-01   1.0899321e-01
   9.8900000e+02   2.5510846e-02   9.5640246e-01   1.8086696e-02
   9.9900000e+02   4.7854691e-01   2.2170036e-01   2.9975273e-01
   9.9700000e+02   2.9184422e-02   7.7345929e-01   1.9735629e-01
   1.0220000e+03   3.3424295e-01   4.4099136e-01   2.2476570e-01
   1.3210000e+03   1.3042823e-01   5.8133621e-01   2.8823556e-01
   7.1700000e+02   1.4434728e-02   1.8557853e-01   7.9998674e-01
   1.3200000e+03   2.6967637e-01   7.1917159e-03   7.2313191e-01
   1.0290000e+03   9.8511912e-01   1.3600421e-02   1.2804542e-03
   9.8600000e+02   2.5980023e-02   1.7356083e-02   9.5666389e-01
   1.0310000e+03   4.8567212e-03   9.6415038e-01   3.0992898e-02
   1.0090000e+03   9.5906853e-01   9.7185787e-03   3.1212896e-02
   1.3250000e+03   7.6482940e-03   9.6947868e-01   2.2873022e-02
   1.0260000e+03   3.4618307e-02   5.6903677e-03   9.5969132e-01
   1.0250000e+03   7.5566164e-01   4.5603187e-02   1.9873517e-01
   1.0130000e+03   9.7995889e-01   1.5639734e-02   4.4013755e-03
   7.1600000e+02   1.6235413e-02   6.7533549e-01   3.0842909e-01
   1.3290000e+03   7.5473942e-01   2.0350236e-01   4.1758220e-02
   1.3270000e+03   9.0871044e-02   9.0042832e-01   8.7006360e-03
   7.2000000e+02   9.6747479e-01   1.5047743e-02   1.7477470e-02
   7.1700000e+02   3.0787674e-03   9.7983265e-01   1.7088581e-02
   7.2300000e+02   1.4998107e-01   4.3385571e-01   4.1616321e-01
   7.5200000e+02   6.2744267e-02   5.3645118e-01   4.0080455e-01
   7.2500000e+02   3.1945548e-01   6.5788979e-01   2.2654729e-02
   7.8800000e+02   3.2408242e-01   1.7207896e-01   5.0383862e-01
   8.3700000e+02   1.4629557e-02   5.7241804e-03   9.7964626e-01
   7.3000000e+02   2.0862946e-02   7.0948155e-01   2.6965550e-01
   7.3000000e+02   7.3017373e-01   3.2720359e-02   2.3710592e-01
   7.5800000e+02   1.2018026e-02   3.8398044e-02   9.4958393e-01
   7.3300000e+02   2.7641793e-02   4.9172671e-02   9.2318554e-01
   7.4800000e+02   1.5475027e-02   7.0723683e-02   9.1380129e-01
   7.3600000e+02   7.3687811e-01   8.5912528e-03   2.5453064e-01
   7.5500000e+02   1.5529382e-02   9.6623031e-01   1.8240310e-02
   8.4500000e+02   8.6039931e-01   1.1459479e-01   2.5005898e-02
   1.0980000e+03   5.2470510e-01   3.8463469e-01   9.0660215e-02
   7.5300000e+02   6.2637807e-01   1.6847734e-01   2.0514459e-01
   7.6000000e+02   3.2204371e-01   2.5451789e-01   4.2343840e-01
   7.6900000e+02   9.7873943e-01   4.5162107e-04   2.0808950e-02
   7.7100000e+02   5.4600671e-01   3.9335177e-01   6.0641523e-02
   7.7700000e+02   8.1765029e-04   1.4971498e-02   9.8421085e-01
   7.7800000e+02   1.4617226e-02   1.1255474e-02   9.7412730e-01
   7.7400000e+02   1.5967223e-02   5.4720402e-03   9.7856074e-01
   7.7600000e+02   7.6866979e-02   8.8402856e-01   3.9104460e-02
   7.8000000e+02   9.5412472e-01   3.0541154e-02   1.5334129e-02
   9.1400000e+02   1.7972469e-02   3.6082389e-01   6.2120364e-01
   7.8300000e+02   2.1712780e-02   5.5228822e-02   9.2305840e-01
   9.1300000e+02   5.5906052e-01   4.2448492e-01   1.6454557e-02
   7.8600000e+02   6.3294829e-02   4.7062361e-01   4.6608156e-01
   7.9200000e+02   1.8733006e-02   9.7062738e-01   1.0639613e-02
   8.4100000e+02   8.4270444e-01   2.8015446e-02   1.2928011e-01
   7.9000000e+02   9.5934453e-01   2.0341383e-02   2.0314082e-02
   8.4600000e+02   1.1194282e-01   6.6878655e-01   2.1927063e-01
   7.8700000e+02   7.5539008e-02   8.5234458e-01   7.2116411e-02
   7.9800000e+02   8.9949471e-01   7.3422470e-02   2.7082820e-02
   8.0200000e+02   8.8839424e-01   9.4311927e-03   1.0217456e-01
   8.0000000e+02   4.9416583e-02   1.8727682e-02   9.3185573e-01
   8.0400000e+02   5.9751308e-01   3.1094565e-01   9.1541263e-02
   8.0800000e+02   5.1094493e-01   1.4921672e-01   3.3983835e-01
   8.2100000e+02   9.9807062e-02   1.4881585e-01   7.5137709e-01
   8.5200000e+02   7.9125967e-02   8.1124419e-03   9.1276159e-01
   9.2300000e+02   9.6611969e-01   1.4946964e-02   1.8933348e-02
   8.1400000e+02   1.5166015e-02   9.8483398e-01   4.4439409e-15
   9.2400000e+02   9.8849065e-01   6.9291293e-03   4.5802246e-03
   8.2000000e+02   7.5652811e-01   2.2011211e-01   2.3359776e-02
   8.1600000e+02   5.3065539e-02   5.8820878e-01   3.5872568e-01
   8.1700000e+02   5.2004982e-01   1.2439272e-01   3.5555746e-01
   8.5200000e+02   9.4387022e-01   5.0931563e-03   5.1036624e-02
   8.2900000e+02   9.5849459e-01   1.4208274e-02   2.7297141e-02
   8.2300000e+02   9.8377149e-02   6.9400033e-01   2.0762252e-01
   8.3300000e+02   2.2749714e-01   1.3524741e-01   6.3725545e-01
   8.3200000e+02   8.0842860e-01   1.3998984e-01   5.1581557e-02
   8.5500000e+02   3.7495468e-02   4.5737458e-01   5.0512995e-01
   9.0100000e+02   2.3440463e-02   9.2841837e-01   4.8141169e-02
   8.5700000e+02   9.4092217e-01   3.8326424e-02   2.0751404e-02
   8.8900000e+02   6.3779908e-02   5.8162258e-01   3.5459752e-01
   9.0000000e+02   3.2202132e-01   6.7939467e-02   6.1003921e-01
   8.9200000e+02   7.7571268e-01   1.9297612e-01   3.1311204e-02
   1.0500000e+03   8.3363601e-01   1.3917339e-02   1.5244665e-01
   2.0490000e+03   9.3047078e-01   1.6102670e-02   5.3426550e-02
   8.6200000e+02   7.2910671e-01   1.9979285e-01   7.1100442e-02
   8.7900000e+02   8.9089017e-02   2.6429320e-01   6.4661779e-01
   1.0420000e+03   5.8942351e-02   8.1367335e-01   1.2738430e-01
   8.6700000e+02   3.4067053e-02   8.1537259e-01   1.5056036e-01
   8.7300000e+02   7.9277475e-01   3.7092280e-03   2.0351602e-01
   8.6900000e+02   7.8756919e-01   1.3866138e-01   7.3769433e-02
   8.8300000e+02   6.7288765e-02   1.3435008e-01   7.9836116e-01
   9.7500000e+02   3.0104339e-02   9.2968603e-01   4.0209627e-02
   8.7200000e+02   1.5190669e-01   1.5265376e-02   8.3282793e-01
   8.7000000e+02   3.1915931e-02   1.1185553e-01   8.5622854e-01
   8.7000000e+02   5.0192276e-02   9.0139147e-01   4.8416251e-02
   2.0600000e+03   1.4089516e-01   7.8494507e-02   7.8061034e-01
   9.3100000e+02   3.0800338e-01   2.6420382e-01   4.2779280e-01
   8.9800000e+02   8.6553680e-01   5.6049714e-02   7.8413483e-02
   1.0010000e+03   4.9642886e-01   4.5637115e-01   4.7199996e-02
   1.0040000e+03   1.2128131e-01   2.4686679e-01   6.3185190e-01
   8.8200000e+02   3.0019466e-01   6.3721789e-01   6.2587446e-02
   8.8400000e+02   8.6015263e-01   1.4039196e-02   1.2580818e-01
   9.7500000e+02   9.7715349e-01   1.4047198e-02   8.7993161e-03
   9.1600000e+02   3.3003699e-03   2.7668866e-02   9.6903076e-01
   8.9100000e+02   1.0930559e-01   3.1233295e-04   8.9038208e-01
   8.9000000e+02   9.4315751e-01   5.3662278e-02   3.1802158e-03
   9.0400000e+02   4.9428855e-01   2.1249077e-01   2.9322068e-01
   9.1000000e+02   9.2847778e-02   5.3693877e-01   3.7021345e-01
   9.1500000e+02   8.7277036e-01   4.8443698e-02   7.8785942e-02
   9.1100000e+02   8.2590683e-03   1.5692919e-02   9.7604801e-01
   8.9200000e+02   1.5081828e-02   9.7536804e-01   9.5501274e-03
   9.2600000e+02   4.5147469e-01   7.4725260e-02   4.7380005e-01
   9.2300000e+02   1.8815219e-01   4.5596197e-02   7.6625161e-01
   9.2400000e+02   1.4549170e-02   9.3799873e-01   4.7452101e-02
   1.2610000e+03   4.3287446e-02   2.1343175e-02   9.3536938e-01
   1.0590000e+03   6.3749767e-01   4.3803545e-02   3.1869878e-01
   9.3000000e+02   5.1111098e-01   1.4745250e-01   3.4143652e-01
   9.5400000e+02   4.1403226e-02   8.9866919e-01   5.9927581e-02
   9.7200000e+02   2.6630172e-02   1.2279818e-01   8.5057165e-01
   9.3300000e+02   3.7033805e-01   2.2180875e-01   4.0785321e-01
   9.3400000e+02   6.5718775e-01   3.3857937e-01   4.2328713e-03
   9.3600000e+02   2.8430961e-02   1.2327222e-01   8.4829682e-01
   9.3500000e+02   5.3536066e-01   4.2954648e-01   3.5092859e-02
   9.4200000e+02   1.5042089e-01   7.7624748e-01   7.3331634e-02
   9.4000000e+02   3.0380433e-01   6.2845427e-01   6.7741404e-02
   2.0510000e+03   1.6803833e-01   8.2732096e-01   4.6407111e-03
   9.4400000e+02   1.6839093e-02   8.1429964e-01   1.6886127e-01
   9.4500000e+02   2.9666759e-01   2.5165397e-01   4.5167843e-01
   9.4800000e+02   4.1786171e-02   5.5290048e-01   4.0531335e-01
   9.5800000e+02   6.9669572e-01   6.6907790e-02   2.3639649e-01
   9.5000000e+02   3.0752649e-01   1.2243654e-01   5.7003697e-01
   9.5900000e+02   1.6845945e-01   5.4640578e-01   2.8513476e-01
   9.5500000e+02   3.4349181e-01   2.9949280e-01   3.5701538e-01
   9.6500000e+02   7.4476078e-01   6.7523840e-02   1.8771538e-01
   9.5400000e+02   5.1507594e-01   1.4118147e-01   3.4374259e-01
   9.6400000e+02   1.2245625e-02   1.7792125e-01   8.0983312e-01
   9.7100000e+02   3.4574035e-01   1.0084782e-01   5.5341183e-01
   1.0030000e+03   6.1491281e-01   2.4876860e-01   1.3631858e-01
   9.7500000e+02   8.6736953e-03   1.2629025e-02   9.7869728e-01
   9.6600000e+02   8.6187988e-01   6.3422816e-02   7.4697300e-02
   9.7700000e+02   6.5932920e-01   1.0919764e-01   2.3147316e-01
   9.6100000e+02   7.9021244e-01   2.1868450e-02   1.8791911e-01
   9.9000000e+02   8.9451990e-01   1.2834919e-02   9.2645183e-02
   9.8000000e+02   3.8371382e-02   8.8569754e-01   7.5931078e-02
   9.8900000e+02   1.0024282e-01   1.3463939e-01   7.6511779e-01
   1.6080000e+03   7.8517902e-01   1.4419005e-01   7.0630929e-02
   1.0080000e+03   4.4235810e-01   6.3971622e-03   5.5124473e-01
   9.7900000e+02   8.6202201e-01   1.0629936e-01   3.1678634e-02
   9.9300000e+02   1.7384168e-02   2.1204196e-02   9.6141164e-01
   9.9600000e+02   1.0367325e-01   8.5508576e-01   4.1240984e-02
   1.0110000e+03   2.1225684e-03   9.9480683e-01   3.0706061e-03
   1.0160000e+03   2.7791116e-02   1.0509053e-01   8.6711835e-01
   1.0330000e+03   6.7077762e-02   9.2476873e-01   8.1535045e-03
   1.0450000e+03   4.2904435e-02   2.8392548e-02   9.2870302e-01
   1.0430000e+03   5.3933666e-01   7.4736465e-02   3.8592687e-01
   1.0430000e+03   3.9560145e-02   9.1839896e-01   4.2040893e-02
   1.0450000e+03   8.3633681e-01   1.1796090e-01   4.5702290e-02
   1.0470000e+03   6.1557379e-01   3.3003448e-01   5.4391727e-02
   1.0580000e+03   7.4122857e-01   1.8977044e-01   6.9000987e-02
   1.0550000e+03   6.7490622e-01   4.4866958e-02   2.8022682e-01
   1.0650000e+03   9.7201625e-01   4.1405041e-03   2.3843242e-02
   1.0690000e+03   1.8118291e-02   3.8836562e-03   9.7799805e-01
   1.2470000e+03   9.8978877e-01   7.5533485e-03   2.6578823e-03
   1.2480000e+03   2.1258720e-02   9.7407959e-01   4.6616925e-03
   1.0900000e+03   9.6673605e-01   1.9638939e-02   1.3625007e-02
   1.0860000e+03   4.3506172e-01   9.7421621e-02   4.6751666e-01
   1.0700000e+03   1.0698495e-01   6.2360481e-02   8.3065456e-01
   1.0730000e+03   9.1204953e-02   9.1850501e-02   8.1694455e-01
   1.0820000e+03   3.1457444e-01   1.1117409e-01   5.7425148e-01
   1.0760000e+03   5.0681921e-03   9.9093352e-01   3.9982893e-03
   1.0810000e+03   7.7784793e-01   1.8505869e-02   2.0364620e-01
   2.5360000e+03   8.0380810e-02   8.9529960e-01   2.4319592e-02
   1.0900000e+03   1.7362586e-03   1.4435031e-02   9.8382871e-01
   1.0920000e+03   1.3944686e-01   4.6152117e-01   3.9903198e-01
   1.1200000e+03   2.0261802e-01   6.5595895e-01   1.4142303e-01
   1.1000000e+03   5.9759820e-01   2.4174694e-01   1.6065486e-01
   1.0980000e+03   1.7006019e-01   1.0437994e-01   7.2555988e-01
   1.1100000e+03   6.4020389e-01   3.4317955e-01   1.6616566e-02
   1.1000000e+03   6.3081343e-02   4.5646808e-01   4.8045058e-01
   1.1010000e+03   4.6788517e-01   2.4723621e-01   2.8487862e-01
   1.1040000e+03   9.1090771e-01   1.3643155e-02   7.5449137e-02
   1.1070000e+03   9.2201746e-01   4.1518438e-03   7.3830698e-02
   1.1070000e+03   1.9891370e-02   9.3768551e-01   4.2423117e-02
   1.1240000e+03   9.2040735e-02   9.0401242e-01   3.9468454e-03
   1.1410000e+03   2.0592375e-01   3.3777803e-01   4.5629822e-01
   1.1230000e+03   2.5076496e-02   9.5062198e-01   2.4301526e-02
   1.1280000e+03   9.9153938e-01   1.5244052e-03   6.9362191e-03
   1.1160000e+03   9.4321636e-01   3.6156759e-02   2.0626882e-02
   1.1160000e+03   3.0465512e-02   9.6358340e-01   5.9510845e-03
   1.1250000e+03   2.5624972e-01   6.6991232e-01   7.3837965e-02
   1.1210000e+03   8.6501341e-01   9.8369062e-02   3.6617533e-02
   1.1220000e+03   9.4979447e-01   6.8917736e-03   4.3313760e-02
   1.1330000e+03   3.8263774e-02   9.0942407e-01   5.2312152e-02
   1.1280000e+03   1.0800664e-02   2.5425731e-02   9.6377361e-01
   1.1440000e+03   9.8283319e-01   2.0934467e-03   1.5073365e-02
   1.1290000e+03   2.5156353e-02   9.3748118e-01   3.7362463e-02
   1.1350000e+03   1.4522602e-02   8.4200379e-01   1.4347361e-01
   1.1590000e+03   9.7832242e-01   1.7890994e-02   3.7865872e-03
   1.1680000e+03   3.5368879e-01   5.2222480e-01   1.2408641e-01
   1.1360000e+03   5.0625104e-03   1.0910775e-02   9.8402672e-01
   1.1530000e+03   9.4238679e-01   1.5501862e-02   4.2111352e-02
   2.8920000e+03   1.0164819e-01   8.8768474e-01   1.0667078e-02
   1.1630000e+03   9.2564061e-01   5.8662575e-02   1.5696811e-02
   1.1500000e+03   9.7620694e-01   8.4160821e-03   1.5376976e-02
   1.1550000e+03   2.7732304e-01   8.1457854e-02   6.4121911e-01
   1.1800000e+03   9.4176860e-01   1.6551060e-02   4.1680337e-02
   1.1580000e+03   9.4058442e-01   4.6851386e-02   1.2564197e-02
   1.1690000e+03   8.9923499e-01   7.8254363e-02   2.2510643e-02
   1.1810000e+03   6.9374162e-02   2.3456306e-01   6.9606278e-01
   1.1820000e+03   1.2627866e-03   1.3563275e-01   8.6310446e-01
   1.1650000e+03   4.6849797e-01   7.8778500e-02   4.5272353e-01
   1.1790000e+03   9.6403399e-01   1.4547837e-02   2.1418176e-02
   1.2270000e+03   9.3498354e-01   4.8999599e-02   1.6016864e-02
   1.1930000e+03   1.7413889e-02   3.5459822e-02   9.4712629e-01
   1.1870000e+03   7.5975393e-01   1.4955203e-01   9.0694031e-02
   1.7870000e+03   6.1523118e-01   3.6490902e-01   1.9859800e-02
   1.8240000e+03   5.2210613e-01   4.4343272e-01   3.4461143e-02
   1.1910000e+03   3.3788303e-02   3.5557291e-01   6.1063879e-01
   1.1910000e+03   6.1749514e-01   2.8400266e-01   9.8502205e-02
   1.7910000e+03   2.9871145e-01   5.9442272e-01   1.0686582e-01
   1.1960000e+03   8.6356567e-03   1.4373617e-02   9.7699073e-01
   1.1940000e+03   8.5986244e-01   2.1951281e-02   1.1818628e-01
   1.1990000e+03   5.8119829e-03   1.5473313e-02   9.7871470e-01
   1.2180000e+03   5.7883681e-03   9.8288456e-01   1.1327077e-02
   1.2080000e+03   3.9365857e-02   3.0829451e-02   9.2980469e-01
   1.1980000e+03   3.2912809e-01   6.5536117e-01   1.5510743e-02
   1.2040000e+03   1.2518502e-01   1.5511559e-02   8.5930343e-01
   1.2090000e+03   2.7434948e-01   7.1676047e-01   8.8900474e-03
   1.2180000e+03   8.3523859e-01   1.4317355e-01   2.1587851e-02
   1.2160000e+03   2.7567293e-03   9.9001031e-01   7.2329629e-03
   1.2440000e+03   2.8140320e-01   6.7936685e-01   3.9229956e-02
   1.2210000e+03   1.1657971e-02   3.3717692e-03   9.8497026e-01
   1.2250000e+03   9.8909915e-01   4.7102944e-03   6.1905509e-03
   1.2230000e+03   4.7013428e-03   9.8647175e-01   8.8269078e-03
   1.2220000e+03   3.2892899e-01   6.5572530e-01   1.5345709e-02
   1.2310000e+03   8.9924891e-01   4.8379581e-02   5.2371505e-02
   1.2300000e+03   1.6653345e-16   6.6583744e-01   3.3416256e-01
   1.2310000e+03   8.5914953e-03   7.0458942e-03   9.8436261e-01
   1.8330000e+03   9.9185475e-01   4.0488292e-03   4.0964254e-03
   1.2330000e+03   6.4111540e-02   8.7356432e-01   6.2324145e-02
   1.8310000e+03   2.8337042e-03   7.2459363e-01   2.7257267e-01
   1.2340000e+03   7.3456543e-02   1.7373813e-01   7.5280533e-01
   1.2430000e+03   4.5426697e-03   9.8881248e-01   6.6448516e-03
   1.2380000e+03   1.9315593e-01   7.8202904e-01   2.4815036e-02
   1.2440000e+03   7.1026985e-01   2.1495683e-01   7.4773323e-02
   1.2510000e+03   7.0182407e-02   1.3455991e-01   7.9525768e-01
   1.2420000e+03   4.2748027e-01   7.9054340e-02   4.9346539e-01
   1.2480000e+03   7.2840351e-01   2.6708090e-01   4.5155848e-03
   1.2520000e+03   1.0132561e-02   1.8994318e-02   9.7087312e-01
   1.2630000e+03   7.8541485e-01   9.1828363e-03   2.0540232e-01
   1.5560000e+03   7.1862076e-02   2.7989163e-01   6.4824629e-01
   1.3370000e+03   4.7702766e-01   2.2707028e-02   5.0026531e-01
   1.2780000e+03   4.8687080e-02   2.3709343e-01   7.1421949e-01
   1.6550000e+03   5.5006650e-01   5.3979607e-02   3.9595389e-01
   1.2660000e+03   4.9054207e-02   9.2736930e-01   2.3576495e-02
   1.2930000e+03   7.8314111e-01   1.7429952e-02   1.9942894e-01
   1.3550000e+03   7.4075664e-03   9.4216137e-01   5.0431059e-02
   1.3520000e+03   3.1607174e-02   9.3372981e-01   3.4663020e-02
   1.2680000e+03   3.0277576e-03   9.8208535e-01   1.4886892e-02
   1.3540000e+03   9.8130868e-01   4.6678382e-03   1.4023478e-02
   1.2680000e+03   4.1135152e-03   8.6277057e-02   9.0960943e-01
   1.2870000e+03   1.3934478e-01   3.7075675e-01   4.8989847e-01
   1.2960000e+03   8.5244857e-01   1.2602648e-01   2.1524956e-02
   1.2730000e+03   7.4485505e-02   5.3639557e-02   8.7187494e-01
   1.2730000e+03   1.0679887e-01   8.2838339e-01   6.4817733e-02
   1.2720000e+03   4.7549581e-02   8.0761179e-01   1.4483863e-01
   1.3690000e+03   1.1406320e-03   8.1677637e-01   1.8208300e-01
   1.2750000e+03   7.4656281e-01   2.2351913e-01   2.9918065e-02
   1.7280000e+03   3.8342716e-02   5.8976406e-01   3.7189323e-01
   1.3580000e+03   1.1053109e-02   9.8177321e-01   7.1736805e-03
   2.9080000e+03   2.5492939e-01   6.0364641e-01   1.4142420e-01
   1.2940000e+03   9.2393270e-01   4.3542488e-02   3.2524815e-02
   1.7340000e+03   1.1333893e-01   3.9214097e-01   4.9452011e-01
   1.8090000e+03   1.4872386e-02   1.7100437e-02   9.6802718e-01
   1.2820000e+03   3.0585708e-03   9.7361090e-01   2.3330524e-02
   1.8010000e+03   1.3377008e-02   9.7854912e-01   8.0738732e-03
   1.2890000e+03   6.5267847e-01   1.1299252e-01   2.3432901e-01
   1.2870000e+03   8.6515756e-01   1.3041662e-01   4.4258132e-03
   1.8120000e+03   1.0220145e-01   3.4555939e-02   8.6324261e-01
   1.2900000e+03   8.1485483e-01   1.5945057e-01   2.5694600e-02
   1.3080000e+03   5.5921355e-01   1.0882811e-01   3.3195833e-01
   1.3510000e+03   1.9476922e-02   8.7355311e-03   9.7178755e-01
   1.3470000e+03   9.8499601e-01   4.9200666e-04   1.4511986e-02
   1.8370000e+03   1.2387951e-02   1.1290785e-03   9.8648297e-01
   1.3120000e+03   3.4942375e-02   6.6396743e-02   8.9866088e-01
   1.7760000e+03   9.5302567e-01   2.9187728e-04   4.6682454e-02
   1.7630000e+03   5.8752444e-01   1.2563662e-01   2.8683894e-01
   1.3130000e+03   1.6758968e-04   1.0804447e-02   9.8902796e-01
   1.3100000e+03   9.8433398e-01   6.7842906e-03   8.8817259e-03
   1.3090000e+03   1.2691301e-02   9.7916956e-01   8.1391386e-03
   1.8490000e+03   7.3759304e-03   9.8167071e-01   1.0953358e-02
   1.6680000e+03   6.6062094e-02   4.5911191e-01   4.7482600e-01
   1.6560000e+03   3.7797822e-01   1.2083443e-01   5.0118734e-01
   1.5890000e+03   2.1624267e-02   6.8885469e-02   9.0949026e-01
   1.5940000e+03   9.2196341e-03   6.5793839e-01   3.3284198e-01
   1.8630000e+03   1.7612411e-01   6.8426193e-01   1.3961396e-01
   1.5990000e+03   1.7529961e-02   4.1986438e-02   9.4048360e-01
   1.6190000e+03   7.0222926e-01   2.6380908e-01   3.3961664e-02
   1.6180000e+03   9.4726277e-01   7.0177008e-03   4.5719527e-02
   1.5970000e+03   4.4283643e-01   1.9496268e-01   3.6220089e-01
   1.6320000e+03   6.0351796e-01   8.5538830e-02   3.1094321e-01
   1.3220000e+03   1.0575285e-02   9.5544669e-01   3.3978024e-02
   1.3340000e+03   4.9608235e-03   1.4104724e-02   9.8093445e-01
   1.5850000e+03   3.6483555e-01   1.4258398e-02   6.2090606e-01
   1.6100000e+03   4.3717192e-03   3.6905311e-02   9.5872297e-01
   1.6250000e+03   8.6758141e-01   3.3201790e-02   9.9216800e-02
   1.3300000e+03   3.1310360e-01   6.3798442e-01   4.8911979e-02
   1.3310000e+03   1.0894817e-01   5.5947344e-01   3.3157839e-01
   1.6330000e+03   9.2734096e-01   4.1799868e-02   3.0859170e-02
   1.6110000e+03   4.1088172e-02   8.5866815e-03   9.5032515e-01
   1.6890000e+03   6.4140817e-02   7.1762819e-01   2.1823099e-01
   1.3720000e+03   6.6367662e-02   5.8806300e-01   3.4556934e-01
   1.3510000e+03   7.2347251e-03   9.8580477e-01   6.9605056e-03
   1.3610000e+03   4.5992773e-02   9.1568168e-03   9.4485041e-01
   1.4590000e+03   1.2909775e-01   3.9848297e-01   4.7241928e-01
   1.6930000e+03   1.6145114e-01   7.0124770e-01   1.3730116e-01
   1.3680000e+03   4.2061533e-02   9.1652256e-01   4.1415907e-02
   1.4120000e+03   1.6002511e-03   9.9136773e-01   7.0320235e-03
   1.5320000e+03   1.4158739e-01   1.4836972e-01   7.1004288e-01
   1.5270000e+03   4.1323235e-01   5.2330975e-01   6.3457891e-02
   1.3990000e+03   1.1469108e-02   2.0325236e-03   9.8649837e-01
   1.4260000e+03   2.2532954e-02   9.6637138e-01   1.1095664e-02
   1.4280000e+03   8.8694718e-01   4.5425786e-02   6.7627034e-02
   1.4290000e+03   8.1422950e-03   4.0995330e-02   9.5086238e-01
   1.6950000e+03   6.2153899e-01   2.4895167e-01   1.2950934e-01
   1.4690000e+03   7.8454349e-03   4.1793340e-01   5.7422116e-01
   1.5160000e+03   0.0000000e+00   4.4595156e-01   5.5404844e-01
   1.5110000e+03   1.6242938e-02   9.0426488e-01   7.9492180e-02
   1.5090000e+03   1.5088724e-01   7.7790076e-01   7.1212004e-02
   1.5050000e+03   3.3789959e-03   9.8375425e-01   1.2866756e-02
   1.5060000e+03   7.2029720e-02   8.9962691e-01   2.8343369e-02
   1.5040000e+03   2.2897786e-02   4.1874633e-01   5.5835588e-01
   1.6520000e+03   9.6012861e-01   3.4548533e-02   5.3228616e-03
   1.4770000e+03   4.0175061e-02   4.8502891e-02   9.1132205e-01
   1.4940000e+03   2.0191811e-01   7.5826112e-01   3.9820769e-02
   3.0040000e+03   8.0286032e-01   1.9382040e-01   3.3192802e-03
   1.4760000e+03   9.6337034e-01   2.1274470e-02   1.5355186e-02
   1.4750000e+03   9.1713642e-01   2.3114476e-02   5.9749105e-02
   1.4790000e+03   8.1556538e-01   1.2653132e-01   5.7903303e-02
   1.4830000e+03   2.5482875e-01   4.8474171e-01   2.6042954e-01
   1.4990000e+03   3.8056066e-02   4.3403019e-01   5.2791374e-01
   1.4810000e+03   7.5890186e-01   2.0407429e-01   3.7023847e-02
   1.5580000e+03   5.5750873e-01   3.9318492e-01   4.9306359e-02
   1.4930000e+03   4.4718143e-01   2.0649812e-01   3.4632045e-01
   1.4880000e+03   7.3100675e-01   9.8559523e-03   2.5913730e-01
   1.4890000e+03   3.7502660e-02   8.2598081e-01   1.3651653e-01
   1.6530000e+03   3.1628818e-01   4.9968060e-01   1.8403122e-01
   2.9970000e+03   7.3621836e-02   8.0753188e-01   1.1884628e-01
   1.5120000e+03   2.6197223e-02   7.1227145e-01   2.6153132e-01
   1.4960000e+03   4.2515456e-01   4.8347560e-01   9.1369849e-02
   1.5010000e+03   5.0027403e-01   4.6873907e-01   3.0986899e-02
   1.5180000e+03   1.7274493e-01   4.6018953e-01   3.6706553e-01
   1.5140000e+03   7.4637342e-01   1.6084265e-01   9.2783923e-02
   1.5030000e+03   3.2778050e-01   1.5748000e-02   6.5647150e-01
   1.5430000e+03   8.6438113e-02   9.1208394e-01   1.4779465e-03
   1.5250000e+03   4.8484894e-01   4.6650390e-01   4.8647157e-02
   1.3760000e+03   7.1024705e-01   4.1404368e-02   2.4834858e-01
   1.5230000e+03   1.3392621e-01   5.6836263e-03   8.6039016e-01
   1.5290000e+03   7.6639157e-03   9.3621607e-03   9.8297392e-01
   1.5350000e+03   5.7066709e-01   4.2299969e-01   6.3332192e-03
   1.5410000e+03   4.8223078e-02   7.1458251e-01   2.3719441e-01
   1.6620000e+03   8.6413838e-01   1.1668769e-01   1.9173927e-02
   1.5430000e+03   1.1588392e-02   4.0780575e-02   9.4763103e-01
   1.8580000e+03   5.6872453e-01   1.6025021e-01   2.7102526e-01
   1.8600000e+03   1.3499121e-01   6.7541292e-01   1.8959588e-01
   1.5420000e+03   5.2461620e-02   3.1110161e-02   9.1642822e-01
   1.5510000e+03   8.1433641e-01   2.9918117e-02   1.5574547e-01
   1.8730000e+03   7.2068584e-01   2.6899215e-01   1.0322008e-02
   1.5450000e+03   4.3203635e-01   1.0781285e-01   4.6015080e-01
   1.5530000e+03   1.1741784e-02   1.8885251e-01   7.9940570e-01
   1.5500000e+03   5.9046249e-01   2.5458037e-02   3.8407948e-01
   1.5510000e+03   9.5683061e-02   2.8292761e-01   6.2138933e-01
   1.5540000e+03   1.3400562e-01   3.1637327e-01   5.4962111e-01
   3.0100000e+03   5.3451304e-01   7.8359392e-02   3.8712757e-01
   1.5610000e+03   7.7474734e-01   4.2026725e-02   1.8322594e-01
   1.5640000e+03   6.8835254e-01   2.2952861e-01   8.2118855e-02
   1.5660000e+03   7.4778872e-01   2.3553100e-01   1.6680275e-02
