   6.0400000e+02   1.0000000e+00  -0.0000000e+00  -0.0000000e+00
   6.0400000e+02   0.0000000e+00   1.0000000e+00  -0.0000000e+00
   7.9800000e+02   9.9942031e-01   5.7969288e-04   0.0000000e+00
   5.7500000e+02   1.0000000e+00  -0.0000000e+00  -0.0000000e+00
   7.9900000e+02   2.3335309e-01   7.0797937e-01   5.8667538e-02
   5.6100000e+02   1.1102230e-16   1.0000000e+00  -0.0000000e+00
   5.7800000e+02   3.1501743e-01   2.7546962e-02   6.5743561e-01
   5.7900000e+02   5.8756729e-02   3.5639492e-01   5.8484835e-01
   6.9600000e+02   7.8302297e-02   2.3326739e-01   6.8843031e-01
   6.7000000e+02   3.7584678e-02   4.6100904e-01   5.0140629e-01
   6.9700000e+02   5.3930555e-02   9.1550536e-01   3.0564081e-02
   7.7200000e+02   6.4336255e-04   1.0497030e-03   9.9830693e-01
   7.7400000e+02   9.9741135e-01   2.5886499e-03   1.2780674e-15
   7.7100000e+02   4.8080959e-04   1.3055749e-03   9.9821362e-01
   5.3600000e+02   3.9536387e-04   1.2838260e-03   9.9832081e-01
   7.6800000e+02   2.6639848e-04   4.6039074e-04   9.9927321e-01
   6.0900000e+02   9.4902410e-04   9.9875494e-01   2.9603825e-04
   7.6100000e+02   1.7653378e-04   5.5220203e-04   9.9927126e-01
   5.3700000e+02   1.8247271e-04   2.0522774e-04   9.9961230e-01
   2.2000000e+01   9.9955707e-01   2.2710506e-04   2.1582776e-04
   7.6200000e+02   1.9817615e-04   6.7221150e-05   9.9973460e-01
   6.1100000e+02   1.2601658e-04   1.9911011e-04   9.9967487e-01
   5.8600000e+02   1.9960030e-04   9.9964572e-01   1.5468439e-04
   8.7700000e+02   2.0078024e-04   9.9955486e-01   2.4435843e-04
   6.7000000e+02   7.3904125e-01   7.2278695e-02   1.8868006e-01
   6.9000000e+02   3.5858035e-02   6.7655361e-01   2.8758836e-01
   6.8800000e+02   7.3811749e-01   2.3737142e-01   2.4511085e-02
   5.6300000e+02   1.0000000e+00  -0.0000000e+00  -0.0000000e+00
   8.5600000e+02   2.9551903e-03   1.1307257e-02   9.8573755e-01
   8.6400000e+02   1.3158539e-05   9.9796966e-01   2.0171808e-03
   8.6400000e+02   6.4944937e-03   5.8576413e-02   9.3492909e-01
   3.6700000e+02   1.0000000e+00  -0.0000000e+00  -0.0000000e+00
   3.7700000e+02   1.0000000e+00  -0.0000000e+00  -0.0000000e+00
   6.7900000e+02   9.9875758e-01   6.9106195e-04   5.5136090e-04
   6.1800000e+02   6.9706016e-04   9.9865442e-01   6.4851533e-04
   6.9900000e+02   6.1840018e-04   9.9888992e-01   4.9168271e-04
   5.7100000e+02   1.0751423e-03   9.9833956e-01   5.8529844e-04
   6.2100000e+02   9.9963610e-01   5.6556546e-09   3.6389300e-04
   5.6900000e+02   6.5538959e-04   9.9915851e-01   1.8610300e-04
   6.8100000e+02   9.9952603e-01   1.5674733e-05   4.5829795e-04
   5.4900000e+02   1.0000000e+00  -0.0000000e+00  -0.0000000e+00
   5.5600000e+02   2.2204460e-16   0.0000000e+00   1.0000000e+00
   7.0800000e+02   2.0191754e-04   2.1653704e-04   9.9958155e-01
   5.5200000e+02   1.4605660e-04   1.5677500e-04   9.9969717e-01
   5.4700000e+02   1.0000000e+00  -0.0000000e+00  -0.0000000e+00
   6.2400000e+02   0.0000000e+00   1.0000000e+00  -0.0000000e+00
   5.5500000e+02   1.0000000e+00  -0.0000000e+00  -0.0000000e+00
   5.5000000e+02   1.1102230e-16   0.0000000e+00   1.0000000e+00
   5.4800000e+02   2.2204460e-16  -0.0000000e+00   1.0000000e+00
   5.9500000e+02   1.2927871e-04   9.9971923e-01   1.5149517e-04
   8.9100000e+02  -5.2583805e-17   9.9983921e-01   1.6079406e-04
   7.1800000e+02   1.4494535e-03   2.1435735e-02   9.7711481e-01
   7.2100000e+02   9.9975804e-01   2.3070139e-04   1.1258380e-05
   5.4400000e+02   1.0258925e-05   9.9935831e-01   6.3142758e-04
   8.7500000e+02   1.4200231e-04   9.9961655e-01   2.4144502e-04
   5.8400000e+02   4.3732765e-05   9.9976851e-01   1.8776120e-04
   5.4700000e+02  -1.1102230e-16   9.9007444e-17   1.0000000e+00
   5.8800000e+02   1.2705134e-04   9.9967008e-01   2.0286787e-04
   7.4400000e+02   5.7192709e-05   5.5474394e-05   9.9988733e-01
   5.4700000e+02   0.0000000e+00   1.0000000e+00  -0.0000000e+00
   7.4600000e+02   1.9970221e-04   1.9773313e-04   9.9960256e-01
   6.3900000e+02   9.9583437e-05   9.7836630e-05   9.9980258e-01
   7.2300000e+02   1.1681901e-04   9.9918324e-01   6.9994324e-04
   7.2200000e+02   3.4669421e-05   2.4251868e-04   9.9972281e-01
   5.9000000e+02   9.9917922e-01   5.7901454e-04   2.4176813e-04
   7.2000000e+02   3.8627834e-04   1.4300933e-04   9.9947071e-01
   5.7500000e+02  -1.1102230e-16   7.7369547e-17   1.0000000e+00
   6.4400000e+02   1.5977459e-04   9.9966902e-01   1.7120733e-04
   6.4400000e+02   1.1102230e-16  -0.0000000e+00   1.0000000e+00
   5.3400000e+02   0.0000000e+00   1.0000000e+00  -0.0000000e+00
   5.2900000e+02   9.9941313e-01   5.8687306e-04   2.8100706e-15
   7.9200000e+02   9.9934711e-01   6.5289182e-04   0.0000000e+00
   7.7600000e+02   8.5476146e-06   9.9997382e-01   1.7629618e-05
   5.5900000e+02   1.6421981e-03   9.9834035e-01   1.7452886e-05
   8.0000000e+02   5.3315694e-04   9.9891425e-01   5.5259254e-04
   3.0000000e+01   0.0000000e+00   1.0000000e+00  -0.0000000e+00
   5.7300000e+02   2.2542903e-03   9.9774571e-01   4.3831314e-16
   7.8600000e+02   7.2648062e-05   9.9984098e-01   8.6370544e-05
   5.7500000e+02   0.0000000e+00   1.0000000e+00  -0.0000000e+00
   2.3000000e+01  -6.2937936e-17   9.9954162e-01   4.5838366e-04
   2.6000000e+01   0.0000000e+00   1.0000000e+00  -0.0000000e+00
   2.6000000e+01   0.0000000e+00   0.0000000e+00   1.0000000e+00
   5.6100000e+02   0.0000000e+00  -0.0000000e+00   1.0000000e+00
   5.2700000e+02   0.0000000e+00   1.0000000e+00  -0.0000000e+00
   5.3100000e+02   1.0000000e+00  -0.0000000e+00  -0.0000000e+00
   5.7700000e+02   0.0000000e+00   1.0000000e+00  -0.0000000e+00
   5.7900000e+02   0.0000000e+00   1.0000000e+00  -0.0000000e+00
   5.6600000e+02   0.0000000e+00   0.0000000e+00   1.0000000e+00
   3.2000000e+01   0.0000000e+00   0.0000000e+00   1.0000000e+00
   9.6800000e+02   6.3223698e-06   9.9998786e-01   5.8181585e-06
   5.1700000e+02   2.3568091e-05   9.9995168e-01   2.4755369e-05
   5.3100000e+02   0.0000000e+00   3.0981718e-17   1.0000000e+00
   3.6000000e+01   1.0000000e+00  -0.0000000e+00  -0.0000000e+00
   9.3400000e+02   0.0000000e+00  -0.0000000e+00   1.0000000e+00
   5.1700000e+02   0.0000000e+00   0.0000000e+00   1.0000000e+00
   9.0300000e+02   0.0000000e+00   3.1228531e-17   1.0000000e+00
   9.3600000e+02   6.2612601e-06   9.9998766e-01   6.0753043e-06
   9.0600000e+02   9.7186924e-05   2.5264680e-04   9.9965017e-01
   9.0800000e+02   0.0000000e+00  -0.0000000e+00   1.0000000e+00
   8.9800000e+02   1.0000000e+00  -0.0000000e+00  -0.0000000e+00
   9.7600000e+02   9.5437991e-05   9.9982689e-01   7.7675275e-05
   9.0300000e+02   0.0000000e+00   1.0000000e+00  -0.0000000e+00
   3.2000000e+01   0.0000000e+00   1.0000000e+00  -0.0000000e+00
   5.6500000e+02   0.0000000e+00   1.5818192e-16   1.0000000e+00
   2.9000000e+01   1.0000000e+00  -0.0000000e+00  -0.0000000e+00
   2.9000000e+01   0.0000000e+00   1.0000000e+00  -0.0000000e+00
   3.2000000e+01   1.0000000e+00  -0.0000000e+00  -0.0000000e+00
   5.3100000e+02   0.0000000e+00   1.0000000e+00  -0.0000000e+00
   5.6400000e+02   0.0000000e+00   1.0000000e+00  -0.0000000e+00
   5.2300000e+02   0.0000000e+00   1.0000000e+00  -0.0000000e+00
   5.2500000e+02   0.0000000e+00   0.0000000e+00   1.0000000e+00
   5.6500000e+02   0.0000000e+00   1.0000000e+00  -0.0000000e+00
   5.1900000e+02   1.0000000e+00  -0.0000000e+00  -0.0000000e+00
   5.2600000e+02   1.1102230e-16   1.5284884e-17   1.0000000e+00
   8.1600000e+02   6.3781622e-05   5.7263904e-05   9.9987895e-01
   5.2200000e+02   2.4509313e-05   2.2013272e-05   9.9995348e-01
   5.5600000e+02   0.0000000e+00   1.0000000e+00  -0.0000000e+00
   5.1900000e+02   0.0000000e+00   1.0000000e+00  -0.0000000e+00
   5.2100000e+02   0.0000000e+00   0.0000000e+00   1.0000000e+00
   5.5300000e+02   0.0000000e+00   1.0000000e+00  -0.0000000e+00
   6.6600000e+02   1.0000000e+00  -0.0000000e+00  -0.0000000e+00
   6.6600000e+02   0.0000000e+00   1.0000000e+00  -0.0000000e+00
   5.2500000e+02   1.0000000e+00  -0.0000000e+00  -0.0000000e+00
   5.2000000e+02   0.0000000e+00   7.4791306e-18   1.0000000e+00
   6.6800000e+02   0.0000000e+00   1.0000000e+00  -0.0000000e+00
   5.2000000e+02   0.0000000e+00   1.0000000e+00  -0.0000000e+00
   5.5500000e+02   0.0000000e+00   1.0000000e+00  -0.0000000e+00
   9.9200000e+02  -7.8638539e-17   9.9995399e-01   4.6006089e-05
   9.0000000e+02   9.9989648e-01   1.0352001e-04   0.0000000e+00
   9.8500000e+02   7.5916285e-05   0.0000000e+00   9.9992408e-01
   9.8400000e+02   1.7763568e-15   9.7089324e-05   9.9990291e-01
   9.0500000e+02   1.2212453e-15   1.4412045e-04   9.9985588e-01
   9.8800000e+02   2.4424907e-15   9.5948433e-05   9.9990405e-01
   9.4200000e+02   0.0000000e+00  -0.0000000e+00   1.0000000e+00
   3.3000000e+01   1.1102230e-16   1.0000000e+00  -0.0000000e+00
   9.4800000e+02   1.0231953e-04   6.2848409e-05   9.9983483e-01
   9.4400000e+02   1.0561873e-04   9.9986195e-01   3.2431676e-05
   9.5800000e+02   6.1127163e-05   9.9981396e-01   1.2491075e-04
   9.1500000e+02   1.0722025e-04   9.9979263e-01   1.0014994e-04
   9.9300000e+02   0.0000000e+00   1.3770309e-04   9.9986230e-01
   9.9000000e+02   1.7850031e-04   9.9982150e-01   1.6686397e-15
   9.1200000e+02   1.6503934e-04   9.9972460e-01   1.1035607e-04
   9.5600000e+02   8.1884708e-05   1.2834484e-04   9.9978977e-01
   3.5600000e+02   4.4656792e-01   5.5125178e-01   2.1803090e-03
   8.5200000e+02   2.6513241e-03   9.9696950e-01   3.7917911e-04
   8.2800000e+02   1.8837419e-03   9.9793732e-01   1.7893432e-04
   8.4500000e+02   4.3317185e-03   9.9485842e-01   8.0986381e-04
   8.4600000e+02   4.1988026e-02   9.3388634e-01   2.4125630e-02
   5.2100000e+02   0.0000000e+00   1.0000000e+00  -0.0000000e+00
   8.3300000e+02   6.6539356e-04   9.9864377e-01   6.9083561e-04
   5.2400000e+02   0.0000000e+00   1.0000000e+00  -0.0000000e+00
   3.6400000e+02   1.0000000e+00  -0.0000000e+00  -0.0000000e+00
   8.3600000e+02   4.7271215e-17   9.9944701e-01   5.5299462e-04
   3.5900000e+02   9.9987189e-01   1.2811014e-04  -0.0000000e+00
   8.3500000e+02   3.0442549e-04   9.9961113e-01   8.4441791e-05
   3.5800000e+02   1.7451401e-04   5.3075699e-05   9.9977241e-01
   3.4800000e+02   9.9411247e-01   3.4058770e-03   2.4816579e-03
   7.0800000e+02   9.9819517e-01   8.9360061e-16   1.8048278e-03
   8.6100000e+02   4.6484373e-04   1.0796638e-03   9.9845549e-01
   7.4900000e+02   3.8618465e-04   9.9961382e-01   0.0000000e+00
   8.2700000e+02   6.2276084e-04   9.9908022e-01   2.9701580e-04
   3.4900000e+02   3.8769517e-03   6.3805447e-04   9.9548499e-01
   8.7200000e+02   3.3306691e-16   8.7359027e-04   9.9912641e-01
   8.6700000e+02   9.9868775e-01   1.3061516e-03   6.0993336e-06
   2.4000000e+01   9.9920072e-16   1.1170992e-03   9.9888290e-01
   8.6000000e+02  -7.0473141e-18   9.9959112e-01   4.0888087e-04
   5.8200000e+02   9.9965167e-01   3.4832715e-04   0.0000000e+00
   9.3300000e+02   1.6876040e-04   9.9967671e-01   1.5452959e-04
   9.1800000e+02   9.9938074e-01   4.7336176e-04   1.4590308e-04
   9.1600000e+02   9.9969424e-01   2.1426323e-04   9.1497467e-05
   9.6300000e+02   9.9987310e-01   6.8025067e-05   5.8873804e-05
   3.4000000e+01   1.8475841e-04   9.9912663e-01   6.8861333e-04
   9.2200000e+02   9.9990193e-01   6.7167685e-05   3.0897541e-05
   9.2200000e+02   4.4791102e-17   9.9990124e-01   9.8756476e-05
   9.0400000e+02   1.0000000e+00  -0.0000000e+00  -0.0000000e+00
   3.5000000e+01   9.9987446e-01   5.4371052e-16   1.2554033e-04
   3.3000000e+01   1.0000000e+00   0.0000000e+00  -0.0000000e+00
   7.0100000e+02   9.8207057e-01   1.1404223e-02   6.5252089e-03
   3.3000000e+01   8.5229879e-06   0.0000000e+00   9.9999148e-01
   3.6000000e+01   0.0000000e+00   0.0000000e+00   1.0000000e+00
   9.0800000e+02   1.3347329e-04   9.9973179e-01   1.3473459e-04
   8.8300000e+02   1.6372007e-04   9.9968050e-01   1.5578056e-04
   7.1700000e+02   1.3905155e-02   9.8444679e-01   1.6480513e-03
   8.7600000e+02   9.9979611e-01   6.1098646e-05   1.4279369e-04
   5.8500000e+02   9.9985986e-01   7.0945287e-05   6.9191448e-05
   5.9700000e+02   9.6865160e-01   8.3612106e-03   2.2987194e-02
   8.8400000e+02   6.1095365e-01   3.8719333e-01   1.8530239e-03
   5.9600000e+02   0.0000000e+00   0.0000000e+00   1.0000000e+00
   7.1700000e+02   8.5275672e-03   5.5575169e-01   4.3572075e-01
   8.8100000e+02   9.9968674e-01   2.0488386e-04   1.0837765e-04
   5.9200000e+02   9.9940204e-01   4.7792266e-04   1.2004084e-04
   8.7900000e+02   9.9950022e-01   2.1274314e-04   2.8703869e-04
   9.3100000e+02   6.8919979e-03   3.8578249e-01   6.0732551e-01
   9.6200000e+02   2.7931357e-06   9.9985537e-01   1.4183542e-04
   8.8900000e+02   9.9955259e-01   2.7600615e-04   1.7140422e-04
   5.9900000e+02   9.9911061e-01   6.6760274e-04   2.2178908e-04
   2.2900000e+02   3.1468170e-04   9.8816445e-01   1.1520872e-02
   3.6000000e+02   9.9837917e-01   1.6208254e-03  -0.0000000e+00
   4.1000000e+01   0.0000000e+00   0.0000000e+00   1.0000000e+00
   3.7000000e+02   5.3909855e-01   4.6090145e-01   7.1505048e-16
   3.5500000e+02   3.0066998e-04   2.4213460e-03   9.9727798e-01
   3.7100000e+02   2.4404025e-02   9.1339087e-01   6.2205109e-02
   5.9000000e+01   5.2755081e-04   9.9888376e-01   5.8869072e-04
   8.4000000e+01   0.0000000e+00   1.0000000e+00  -0.0000000e+00
   2.7700000e+02  -1.5178830e-17   9.9936306e-01   6.3694348e-04
   3.7500000e+02   4.3834994e-04   1.7411960e-03   9.9782045e-01
   3.6200000e+02   9.9930664e-01   6.9335677e-04   0.0000000e+00
   3.7900000e+02   7.7200925e-03   9.6875738e-01   2.3522527e-02
   3.1300000e+02   6.9674477e-04   9.9847155e-01   8.3170700e-04
   1.2300000e+02   9.9327228e-04   9.9872094e-01   2.8578677e-04
   1.9400000e+02   9.9865364e-01   6.9995721e-04   6.4640395e-04
   3.1400000e+02   9.9969328e-01   2.0789471e-15   3.0672344e-04
   1.9200000e+02   3.5136158e-01   4.2356618e-01   2.2507223e-01
   3.1900000e+02   1.3058171e-03   9.9547957e-01   3.2146148e-03
   1.2400000e+02   1.0163323e-03   9.9801985e-01   9.6381758e-04
   9.8000000e+01   5.2763891e-03   3.2638751e-01   6.6833610e-01
   8.2000000e+01   2.0504272e-01   1.2324203e-01   6.7171525e-01
   1.0000000e+00   2.3563641e-01   1.1744990e-01   6.4691369e-01
   2.1500000e+02   9.0448852e-04   4.0082587e-01   5.9826964e-01
   1.2800000e+02   1.0874876e-03   1.2754119e-03   9.9763710e-01
   1.9800000e+02   9.9913397e-01   7.5881748e-04   1.0720945e-04
   2.9200000e+02   9.9944364e-01   9.8474551e-16   5.5636253e-04
   5.6000000e+01   9.9929653e-01   1.2331774e-04   5.8015267e-04
   2.8900000e+02   4.3969539e-04   9.9944621e-01   1.1409706e-04
   2.0000000e+02   9.9947323e-01   5.2624758e-04   5.2416472e-07
   2.8200000e+02   9.9933193e-01   3.4697972e-04   3.2108591e-04
   5.7000000e+01   3.4344173e-04   9.9959535e-01   6.1204987e-05
   2.6800000e+02   5.2769007e-05   9.9857605e-01   1.3711792e-03
   2.8300000e+02   5.0721731e-04   9.9928681e-01   2.0596821e-04
   1.3100000e+02   2.7400246e-04   9.9949643e-01   2.2956476e-04
   1.0500000e+02   6.5982110e-05   2.8454153e-04   9.9964948e-01
   3.9900000e+02   1.1679332e-04   2.7816697e-04   9.9960504e-01
   1.3700000e+02   1.8361828e-02   2.3108710e-01   7.5055107e-01
   2.1000000e+02   3.1651548e-01   6.9719999e-03   6.7651252e-01
   1.0000000e+02   2.6702204e-02   7.1075260e-01   2.6254519e-01
   2.1200000e+02   0.0000000e+00   1.0000000e+00  -0.0000000e+00
   9.4000000e+01   0.0000000e+00  -0.0000000e+00   1.0000000e+00
   4.2000000e+01   0.0000000e+00   9.4608868e-18   1.0000000e+00
   4.3000000e+01   1.0000000e+00  -0.0000000e+00  -0.0000000e+00
   9.3000000e+01   0.0000000e+00   1.0000000e+00  -0.0000000e+00
   3.1000000e+02   4.8722878e-04   9.9925588e-01   2.5689207e-04
   8.0000000e+01   0.0000000e+00   5.2190143e-17   1.0000000e+00
   9.1000000e+01   0.0000000e+00   0.0000000e+00   1.0000000e+00
   7.9000000e+01   1.0000000e+00  -0.0000000e+00  -0.0000000e+00
   9.0000000e+01  -2.2009304e-17   9.9943935e-01   5.6064593e-04
   2.2100000e+02   9.9998120e-01   3.0340142e-06   1.5769482e-05
   1.4300000e+02   0.0000000e+00   1.7871569e-17   1.0000000e+00
   7.5000000e+01   1.0000000e+00   0.0000000e+00  -0.0000000e+00
   2.2600000e+02   5.2637050e-04   9.9899885e-01   4.7477796e-04
   2.3000000e+02   9.9943328e-01   5.6672210e-04   0.0000000e+00
   4.0800000e+02   5.5486318e-04   9.9936862e-01   7.6519347e-05
   2.2200000e+02   9.9931014e-01   1.8469317e-04   5.0516719e-04
   2.2400000e+02   6.4539868e-04   9.9872371e-01   6.3088715e-04
   1.4500000e+02   9.9943063e-01   0.0000000e+00   5.6937431e-04
   4.0500000e+02   4.2254997e-04   1.0854999e-04   9.9946890e-01
   1.1300000e+02   4.8098434e-04   9.9899561e-01   5.2340665e-04
   2.3800000e+02   5.5405004e-03   9.7746840e-01   1.6991104e-02
   1.1400000e+02   9.8333821e-01   2.3655389e-03   1.4296256e-02
   2.4300000e+02   2.4240025e-05   2.3144359e-04   9.9974432e-01
   3.9700000e+02   4.3283636e-05   2.3679771e-04   9.9971992e-01
   1.0300000e+02   2.4909588e-05   1.7961764e-04   9.9979547e-01
   2.3600000e+02   4.4541908e-04   9.9941925e-01   1.3533545e-04
   1.0700000e+02   1.1387067e-04   3.1382214e-04   9.9957231e-01
   2.3500000e+02   4.8912386e-04   5.4493908e-04   9.9896594e-01
   6.7000000e+01   4.3032342e-04   9.7523369e-05   9.9947215e-01
   7.1000000e+01   0.0000000e+00   1.0000000e+00  -0.0000000e+00
   7.0000000e+01   6.4591205e-04   9.9924304e-01   1.1104335e-04
   2.4500000e+02   1.0977547e-17   9.9990020e-01   9.9800255e-05
   2.4200000e+02   9.9967008e-01   3.2374900e-04   6.1714338e-06
   1.0900000e+02   2.9999256e-04   5.5501530e-04   9.9914499e-01
   2.4100000e+02   9.9974394e-01   2.5278702e-04   3.2716719e-06
   3.0700000e+02   9.9938627e-01   6.1373150e-04   0.0000000e+00
   3.7000000e+01   9.9939110e-01   6.0890051e-04   4.2996202e-16
   4.3300000e+02  -9.2157185e-17   9.9976342e-01   2.3657624e-04
   4.8700000e+02   3.4859117e-04   9.9931696e-01   3.3444803e-04
   5.0000000e+01   2.2204460e-16   5.2901682e-17   1.0000000e+00
   9.5000000e+01   1.0000000e+00  -0.0000000e+00  -0.0000000e+00
   2.9900000e+02   1.6622895e-05   9.9997600e-01   7.3800415e-06
   1.6700000e+02   9.9998193e-01   9.2091085e-06   8.8612186e-06
   3.2100000e+02   1.3181004e-03   7.8630970e-05   9.9860327e-01
   4.9000000e+01   5.6905276e-04   9.9863417e-01   7.9677633e-04
   1.2000000e+01   1.0000000e+00  -0.0000000e+00  -0.0000000e+00
   3.8000000e+01   6.2500591e-04   5.5621350e-04   9.9881878e-01
   9.5000000e+01   0.0000000e+00   0.0000000e+00   1.0000000e+00
   3.9500000e+02   9.9890366e-01   6.0897324e-04   4.8736311e-04
   8.0000000e+00   5.2521136e-04   9.9619506e-01   3.2797238e-03
   3.0500000e+02   9.9925729e-01   1.8644728e-04   5.5625904e-04
   3.1700000e+02   9.9795321e-01   6.0758935e-04   1.4391980e-03
   4.8000000e+01   1.8502819e-03   9.9771631e-01   4.3340347e-04
   8.1000000e+01   9.9483009e-01   4.2083589e-03   9.6154685e-04
   5.2000000e+01   1.5085925e-03   3.1514420e-04   9.9817626e-01
   3.0400000e+02   1.9297694e-03   9.7916760e-05   9.9797231e-01
   1.9100000e+02   2.2256747e-04   2.5038396e-03   9.9727359e-01
   1.7400000e+02   9.9813419e-01   0.0000000e+00   1.8658062e-03
   4.9300000e+02   9.9923790e-01   4.3292109e-04   3.2917625e-04
   4.2600000e+02   3.2781892e-04   9.9945275e-01   2.1942747e-04
   4.9200000e+02   5.6885804e-04   4.8110911e-04   9.9895003e-01
   1.7500000e+02   9.9925733e-01   1.7089572e-04   5.7176945e-04
   4.9600000e+02   2.2197733e-04   9.9942261e-01   3.5540837e-04
   4.7600000e+02   5.7916476e-04   3.6691489e-04   9.9905392e-01
   4.5800000e+02   9.9953323e-01   0.0000000e+00   4.6677216e-04
   4.6000000e+02   4.7994505e-04   2.2616447e-04   9.9929389e-01
   4.9800000e+02   1.4281205e-04   9.9960247e-01   2.5471854e-04
   4.2900000e+02   2.1980190e-04   9.9944097e-01   3.3922629e-04
   4.7800000e+02   4.2764165e-04   2.8734532e-04   9.9928501e-01
   5.0400000e+02   8.9872794e-05   9.9940812e-01   5.0201159e-04
   4.2300000e+02   9.9959754e-01   2.5565694e-04   1.4679850e-04
   5.0000000e+02   4.7932818e-04   2.6084382e-04   9.9925983e-01
   4.6100000e+02   9.9928707e-01   4.0722262e-04   3.0570464e-04
   1.7800000e+02   1.4071481e-03   6.3766157e-04   9.9795519e-01
   3.2700000e+02   1.3403449e-15   9.9969844e-01   3.0155972e-04
   4.2200000e+02   1.0386657e-16   9.9925182e-01   7.4818194e-04
   1.4000000e+01   7.4922683e-05   9.3014695e-04   9.9899493e-01
   3.2500000e+02   1.0375790e-03   8.2868204e-04   9.9813374e-01
   8.3000000e+01   0.0000000e+00   1.0000000e+00  -0.0000000e+00
   4.3000000e+01  -1.1102230e-16   1.0453494e-16   1.0000000e+00
   4.5000000e+01   0.0000000e+00   1.0000000e+00  -0.0000000e+00
   8.5000000e+01   0.0000000e+00   3.3349366e-17   1.0000000e+00
   3.4200000e+02   6.1094503e-04   9.8183894e-05   9.9929087e-01
   4.6000000e+01   9.9933221e-01   6.0422506e-04   6.3566331e-05
   4.4000000e+01   0.0000000e+00   1.0599857e-17   1.0000000e+00
   3.3800000e+02   9.9929341e-01   7.0658719e-04   0.0000000e+00
   7.5000000e+01   0.0000000e+00   1.0000000e+00  -0.0000000e+00
   3.9000000e+01   6.6370510e-04   9.9029691e-05   9.9923727e-01
   4.1000000e+01   0.0000000e+00   1.0000000e+00  -0.0000000e+00
   7.3000000e+01   0.0000000e+00   0.0000000e+00   1.0000000e+00
   5.0700000e+02   2.5880721e-04   3.7842211e-04   9.9936277e-01
   4.2100000e+02   7.1601833e-04   9.9907268e-01   2.1130033e-04
   3.2600000e+02   7.0463858e-04   9.9883863e-01   4.5672927e-04
   3.4400000e+02   9.9917488e-01   8.2511723e-04   0.0000000e+00
   4.1900000e+02   2.0908559e-04   3.9492819e-04   9.9939599e-01
   3.4500000e+02   5.4469830e-04   7.1550885e-04   9.9873979e-01
   1.8800000e+02   9.9925598e-01   7.1950204e-04   2.4518778e-05
   4.1800000e+02   2.8688721e-04   9.6933096e-05   9.9961618e-01
   5.1600000e+02   3.1356568e-04   1.2573391e-04   9.9956070e-01
   4.6300000e+02   4.1767367e-05   9.9946426e-01   4.9397581e-04
   4.6400000e+02   9.9957178e-01   0.0000000e+00   4.2821869e-04
   4.2700000e+02   9.9967560e-01   1.5034877e-04   1.7405510e-04
   5.1100000e+02   1.4624531e-04   9.9953919e-01   3.1456377e-04
   5.1000000e+02   1.3956044e-04   4.4731347e-04   9.9941313e-01
   4.6600000e+02   9.9944543e-01   1.3543580e-04   4.1913596e-04
   4.7100000e+02   1.9395191e-04   9.9945749e-01   3.4855405e-04
   4.6800000e+02   2.6504238e-04   9.9967131e-01   6.3647849e-05
   4.8200000e+02   3.3354306e-04   9.9965261e-01   1.3845449e-05
   4.3700000e+02   2.2059224e-04   9.9940990e-01   3.6950768e-04
   4.7000000e+02   3.0770236e-04   1.4757833e-04   9.9954472e-01
   5.1400000e+02   1.8981020e-04   9.9967399e-01   1.3619653e-04
   4.3600000e+02   2.0770756e-04   9.9968015e-01   1.1214685e-04
   4.7900000e+02   1.9400659e-04   9.9949047e-01   3.1552744e-04
   2.9000000e+02   1.2335510e-15   9.9957698e-01   4.2301600e-04
   3.5400000e+02   6.2172489e-15   2.6679568e-04   9.9973320e-01
   5.5000000e+01   3.0374900e-02   9.3651458e-01   3.3110517e-02
   3.3400000e+02   9.9851907e-01   6.4852754e-04   8.3239756e-04
   4.3000000e+01   0.0000000e+00   1.0000000e+00  -0.0000000e+00
   3.0000000e+00   5.6808597e-05   6.9813548e-04   9.9924506e-01
   2.7500000e+02   9.9935408e-01   2.2448882e-04   4.2143376e-04
   2.7200000e+02   9.9866325e-01   9.1967242e-04   4.1708244e-04
   8.3200000e+02   9.9632287e-01   3.4047751e-03   2.7235184e-04
   2.8400000e+02   1.4847336e-08   9.9951250e-01   4.8748122e-04
   2.7100000e+02   5.3092544e-04   9.9846140e-01   1.0076715e-03
   7.7000000e+01   2.9086730e-04   9.9865858e-01   1.0505573e-03
   7.1000000e+01   0.0000000e+00   0.0000000e+00   1.0000000e+00
   3.5300000e+02   3.0038724e-04   1.3776940e-03   9.9832192e-01
   3.8400000e+02   4.0809225e-04   7.8549480e-04   9.9880641e-01
   3.5000000e+02   1.0000000e+00  -0.0000000e+00  -0.0000000e+00
   3.9000000e+02   8.9536139e-05   1.2127335e-03   9.9869773e-01
   1.2100000e+02   3.3306691e-16   5.5686318e-04   9.9944314e-01
   4.5500000e+02   1.9471720e-04   9.9947000e-01   3.3528394e-04
   4.4200000e+02   3.7931097e-04   4.8077115e-04   9.9913992e-01
   4.4000000e+02   3.6566101e-04   2.7164395e-04   9.9936270e-01
   4.8600000e+02   3.7027975e-04   1.9471121e-04   9.9943501e-01
   1.6000000e+01   1.6465503e-02   9.5748261e-01   2.6051887e-02
   4.4600000e+02   3.3358922e-04   3.2897968e-04   9.9933743e-01
   4.5300000e+02   2.7145095e-04   9.9937725e-01   3.5130215e-04
   4.4800000e+02   3.8240420e-04   1.6743319e-04   9.9945016e-01
   1.7000000e+01   2.9559676e-04   7.9048329e-05   9.9962535e-01
   4.8300000e+02   6.3310283e-04   9.9891153e-01   4.5536311e-04
   4.1000000e+02   6.0083010e-03   4.1928034e-02   9.5206366e-01
   5.0600000e+02   9.9944520e-01   3.6822669e-04   1.8657318e-04
   4.5100000e+02   1.8204550e-03   9.9765921e-01   5.2033150e-04
   4.3200000e+02   3.5298307e-04   9.9948928e-01   1.5773608e-04
   4.0400000e+02   4.2980482e-04   9.9917240e-01   3.9779979e-04
   4.0000000e+02   9.7934104e-01   6.2562107e-03   1.4402752e-02
   1.0500000e+02   9.8688313e-01   5.4218467e-03   7.6950194e-03
   1.0400000e+02   2.2719536e-04   1.2671139e-04   9.9964609e-01
   1.1800000e+02   4.9822019e-03   1.2678746e-02   9.8233905e-01
   2.3900000e+02   7.2883882e-04   4.4963575e-04   9.9882153e-01
   6.5000000e+01   4.2873002e-01   5.6966265e-01   1.6073365e-03
   1.1100000e+02   2.6161276e-04   7.6286608e-04   9.9897552e-01
   1.1000000e+02   4.9308798e-01   5.0485927e-01   2.0527535e-03
   4.1400000e+02   3.7671137e-04   2.0952841e-04   9.9941376e-01
   4.1200000e+02   3.2199144e-04   4.2594808e-04   9.9925206e-01
   1.1700000e+02   2.7431215e-04   6.5781501e-04   9.9906787e-01
   1.9150000e+03   1.8457798e-03   8.4829508e-04   9.9730593e-01
   1.9440000e+03   4.6607416e-04   9.9849066e-01   1.0432696e-03
   1.9190000e+03   5.4098542e-04   9.9852492e-01   9.3409591e-04
   1.9340000e+03   9.9901602e-01   4.0988260e-05   9.4299315e-04
   1.9130000e+03   1.0431471e-03   3.4722435e-04   9.9860963e-01
   1.9120000e+03   8.9448270e-04   4.8331912e-04   9.9862220e-01
   1.9460000e+03   5.6300026e-04   9.9855803e-01   8.7896617e-04
   1.9200000e+03   5.6086139e-04   9.9859477e-01   8.4436468e-04
   1.9360000e+03   9.9942913e-01   2.3334066e-05   5.4753165e-04
   1.9230000e+03   7.1032319e-05   3.4367703e-06   9.9992553e-01
   3.0000000e+00   6.1161132e-05   9.9993884e-01   2.5908470e-15
   1.9220000e+03   9.1706338e-04   9.9865826e-01   4.2467528e-04
   1.9470000e+03   1.1435165e-04   0.0000000e+00   9.9988565e-01
   2.7800000e+02   1.0000000e+00   0.0000000e+00  -0.0000000e+00
   1.9250000e+03   3.2645327e-16   9.9955054e-01   4.4946164e-04
   1.9240000e+03   5.6912213e-04   9.9943088e-01   2.3042378e-15
   1.9090000e+03   9.9930157e-01   6.9842671e-04   7.5865173e-16
   1.4000000e+02   0.0000000e+00   0.0000000e+00   1.0000000e+00
   1.9970000e+03   1.1694571e-03   3.5188741e-04   9.9847866e-01
   2.0470000e+03   4.8873146e-04   9.9912238e-01   3.8888673e-04
   1.9870000e+03   7.1693997e-04   3.2809296e-04   9.9895497e-01
   2.0340000e+03   3.1552189e-04   9.9874000e-01   9.4447886e-04
   1.8970000e+03   0.0000000e+00   1.0000000e+00  -0.0000000e+00
   1.9020000e+03   0.0000000e+00   1.0000000e+00   0.0000000e+00
   1.9990000e+03  -7.3264962e-17   9.9998123e-01   1.8768548e-05
   2.0010000e+03   2.5234104e-04   3.8656672e-04   9.9936109e-01
   2.0410000e+03   3.4061099e-04   9.9963384e-01   2.5550355e-05
   1.9830000e+03   2.7013273e-04   4.5005692e-04   9.9927981e-01
   2.0240000e+03   3.9847521e-04   9.9942322e-01   1.7830527e-04
   4.7400000e+02   9.9962798e-01   3.6073255e-04   1.1287251e-05
   1.9700000e+03   4.0988993e-04   9.9923843e-01   3.5168139e-04
   2.0430000e+03   2.8075987e-04   3.2274335e-04   9.9939650e-01
   2.0020000e+03   9.9964759e-01   1.0126560e-04   2.5113979e-04
   8.9000000e+01   6.9993072e-06   9.9998249e-01   1.0508798e-05
   1.9500000e+03   8.8817842e-16   6.5744284e-04   9.9934256e-01
   1.9850000e+03   4.5137307e-04   3.8218665e-04   9.9916644e-01
   2.0380000e+03   3.8999454e-04   9.9918552e-01   4.2448844e-04
   1.9320000e+03   6.5099393e-04   9.9844945e-01   8.9955407e-04
   2.0660000e+03   6.9278702e-05   9.9987308e-01   5.7643393e-05
   2.0450000e+03   1.9852198e-04   9.9904025e-01   7.6122350e-04
   1.9720000e+03   9.9933354e-01   3.9430920e-04   2.7215370e-04
   1.9840000e+03   7.7715612e-16   4.7437133e-04   9.9952563e-01
   5.4000000e+01   0.0000000e+00   0.0000000e+00   1.0000000e+00
   2.0690000e+03   9.9927623e-01   0.0000000e+00   7.2376572e-04
   2.0680000e+03   1.0468661e-04   9.9978959e-01   1.0571901e-04
   7.9000000e+01   1.1102230e-16   1.0000000e+00  -0.0000000e+00
   1.9680000e+03   1.1102230e-16   1.0000000e+00  -0.0000000e+00
   5.3000000e+01   1.0000000e+00  -0.0000000e+00  -0.0000000e+00
   4.3300000e+02   0.0000000e+00  -0.0000000e+00   1.0000000e+00
   1.9660000e+03   5.3505805e-04   9.9895069e-01   5.1425037e-04
   2.0330000e+03   4.7504059e-04   2.4822843e-04   9.9927673e-01
   2.0080000e+03   9.9945295e-01   2.3346228e-04   3.1358347e-04
   2.0530000e+03   4.7309697e-04   2.6913635e-04   9.9925777e-01
   4.7500000e+02   9.9957060e-01   4.2939962e-04   1.3971355e-15
   2.0130000e+03   2.6870018e-04   2.6632463e-04   9.9946498e-01
   2.0260000e+03   9.9971821e-01   5.7021029e-05   2.2476685e-04
   1.9790000e+03   9.9970806e-01   2.4723817e-04   4.4701557e-05
   2.0280000e+03   3.3498337e-04   9.9936382e-01   3.0119320e-04
   2.0150000e+03   3.2951087e-04   2.7789328e-04   9.9939260e-01
   2.0590000e+03   3.0751706e-04   9.9965735e-01   3.5129191e-05
   1.9770000e+03   9.9953574e-01   3.1088993e-04   1.5336794e-04
   2.0300000e+03   3.6345678e-04   9.9928417e-01   3.5237066e-04
   2.0170000e+03   3.0065788e-04   2.1545315e-04   9.9948389e-01
   2.0220000e+03   9.9969226e-01   8.7332647e-05   2.2040952e-04
   1.9810000e+03   2.3531899e-04   9.9969608e-01   6.8596214e-05
   2.0620000e+03   2.3589663e-04   9.9948830e-01   2.7580484e-04
   2.0190000e+03   3.5971503e-04   2.7343744e-04   9.9936685e-01
   2.0650000e+03   2.4594163e-04   9.9967131e-01   8.2747148e-05
   1.9620000e+03   2.3228395e-04   9.9949283e-01   2.7489091e-04
   2.0610000e+03   3.2379604e-04   2.3132092e-04   9.9944488e-01
   1.9020000e+03   1.2782110e-04   6.8309569e-04   9.9918908e-01
   1.9280000e+03   9.9987521e-01   1.0792421e-04   1.6866607e-05
   1.9040000e+03   0.0000000e+00  -0.0000000e+00   1.0000000e+00
   1.9530000e+03   9.9963629e-01   2.6181307e-04   1.0189337e-04
   1.9980000e+03   4.7588776e-04   9.9917194e-01   3.5216743e-04
   1.9930000e+03   1.9748739e-03   3.7404204e-02   9.6062092e-01
   1.9900000e+03   1.2394474e-03   9.9834351e-01   4.1703941e-04
   1.9650000e+03   3.3972556e-04   9.9956737e-01   9.2901939e-05
   2.0570000e+03   3.6979144e-04   9.9954433e-01   8.5882961e-05
   1.9920000e+03   1.0956635e-03   9.9843465e-01   4.6968999e-04
   1.9940000e+03   1.3742158e-03   9.9813909e-01   4.8669830e-04
   2.0540000e+03   9.9951313e-01   1.1011350e-04   3.7675573e-04
   1.0900000e+02   9.8860504e-01   8.0379016e-03   3.3570621e-03
   1.9570000e+03   9.9899172e-01   4.5000285e-04   5.5827442e-04
   3.8900000e+02   0.0000000e+00   1.0000000e+00   0.0000000e+00
   1.2000000e+02   1.0000000e+00  -0.0000000e+00  -0.0000000e+00
   1.9610000e+03   2.9899150e-05   7.7150878e-05   9.9989295e-01
   2.1840000e+03   5.5092128e-04   8.8770156e-16   9.9944908e-01
   2.5870000e+03   4.5215471e-04   9.9882242e-01   7.2542661e-04
   2.2010000e+03   1.2038119e-02   4.9763440e-01   4.9032748e-01
   2.2020000e+03   9.9919008e-01   8.0485854e-16   8.0991526e-04
   2.2040000e+03   1.7191974e-03   7.6777120e-05   9.9820403e-01
   2.1180000e+03   1.9394473e-01   9.5536537e-03   7.9650161e-01
   2.1200000e+03  -9.6493993e-17   9.9874416e-01   1.2558403e-03
   2.4760000e+03   1.6214083e-03   9.4065393e-05   9.9828453e-01
   2.4500000e+03   6.2370152e-02   9.2631472e-01   1.1315127e-02
   2.4910000e+03   5.1184057e-04   9.9807231e-01   1.4158532e-03
   2.3960000e+03   9.9662748e-01   0.0000000e+00   3.3725189e-03
   2.1610000e+03   0.0000000e+00   0.0000000e+00   1.0000000e+00
   2.4930000e+03   8.8374994e-01   4.4460064e-02   7.1789993e-02
   2.4820000e+03   9.3799494e-01   5.9247601e-02   2.7574553e-03
   2.4770000e+03   6.1179333e-05   9.9854324e-01   1.3955842e-03
   2.2080000e+03   5.6277291e-06   9.9852738e-01   1.4669893e-03
   2.2070000e+03   2.2169281e-03   9.9703524e-01   7.4782755e-04
   2.4530000e+03   5.8041626e-02   8.4240391e-01   9.9554462e-02
   2.1210000e+03   8.1554964e-04   9.9909308e-01   9.1367395e-05
   2.4790000e+03   1.0336819e-03   9.9892546e-01   4.0861690e-05
   2.2090000e+03   1.1691640e-03   9.9872694e-01   1.0389363e-04
   2.4720000e+03   9.9904640e-01   1.7645069e-04   7.7714995e-04
   2.1230000e+03   5.9762272e-04   9.9931702e-01   8.5355182e-05
   2.4730000e+03   7.6159124e-04   9.9911298e-01   1.2542582e-04
   2.2110000e+03   8.3783169e-04   9.9892571e-01   2.3645806e-04
   2.4660000e+03   9.9930320e-01   1.2612244e-04   5.7067283e-04
   2.1720000e+03  -1.1102230e-16   9.8035317e-17   1.0000000e+00
   2.4670000e+03   6.0665224e-04   9.9933727e-01   5.6081005e-05
   2.2130000e+03   5.7366360e-05   9.9989173e-01   5.0901697e-05
   2.1690000e+03   1.0000000e+00  -0.0000000e+00  -0.0000000e+00
   2.4380000e+03   4.3112264e-01   7.9824016e-02   4.8905335e-01
   2.1250000e+03   8.4649682e-03   8.2021522e-01   1.7131981e-01
   2.4600000e+03   5.7805276e-04   9.9886294e-04   9.9842308e-01
   2.4380000e+03   2.1860593e-04   9.9893419e-01   8.4720079e-04
   2.1700000e+03   2.2204460e-16  -0.0000000e+00   1.0000000e+00
   2.1260000e+03   6.0800806e-01   5.5882550e-03   3.8640368e-01
   2.4330000e+03   9.0761942e-03   2.2921630e-01   7.6170750e-01
   2.1670000e+03   1.0000000e+00  -0.0000000e+00  -0.0000000e+00
   2.4580000e+03   9.9848074e-01   4.9948739e-04   1.0197772e-03
   2.1280000e+03   9.9882028e-01   3.6075826e-04   8.1895986e-04
   2.4560000e+03   2.4818170e-04   1.3477502e-03   9.9840407e-01
   2.1350000e+03   1.4801700e-02   9.7382065e-01   1.1377652e-02
   2.4540000e+03   9.9875569e-01   7.3899877e-05   1.1704095e-03
   2.1310000e+03   1.6111058e-02   2.2277470e-01   7.6111424e-01
   2.4490000e+03   1.9149929e-01   5.9913193e-02   7.4858752e-01
   2.4510000e+03   3.9676239e-01   2.4121042e-01   3.6202719e-01
   2.4490000e+03   8.6036964e-04   9.9780187e-01   1.3377578e-03
   2.4450000e+03   3.1151856e-02   8.5999153e-01   1.0885661e-01
   2.2210000e+03   6.1399114e-02   4.9932773e-01   4.3927315e-01
   2.1610000e+03   7.2942909e-01   1.0772297e-02   2.5979862e-01
   2.4480000e+03   9.9864266e-01   1.7510016e-04   1.1822421e-03
   2.1330000e+03   3.2299228e-04   7.4396923e-04   9.9893304e-01
   2.2220000e+03   2.5751970e-15   9.9709834e-01   2.9016572e-03
   2.4220000e+03   9.9728082e-01   2.7191759e-03   1.7542326e-15
   2.4430000e+03   2.5044741e-01   7.4652198e-01   3.0306130e-03
   2.4470000e+03   5.7900811e-03   3.3719234e-01   6.5701758e-01
   2.2240000e+03   1.5357382e-04   8.7390426e-04   9.9897252e-01
   2.4400000e+03   9.9905498e-01   1.5637972e-04   7.8864374e-04
   2.1370000e+03   5.5157528e-04   1.0691475e-03   9.9837928e-01
   2.2260000e+03   1.1750884e-03   9.9847801e-01   3.4690571e-04
   2.4360000e+03   9.9838423e-01   6.5724823e-04   9.5852280e-04
   2.1390000e+03   2.4177451e-04   1.0716023e-03   9.9868662e-01
   2.4370000e+03   1.4519679e-03   9.9800071e-01   5.4732189e-04
   2.2280000e+03   1.8132273e-03   9.9763970e-01   5.4706987e-04
   2.1410000e+03   0.0000000e+00  -0.0000000e+00   1.0000000e+00
   2.1680000e+03   0.0000000e+00  -0.0000000e+00   1.0000000e+00
   2.2300000e+03   4.9334779e-02   9.2910419e-01   2.1561029e-02
   2.2310000e+03   9.9886607e-01   0.0000000e+00   1.1339334e-03
   2.5740000e+03   4.2589793e-01   4.1755702e-01   1.5654505e-01
   2.4280000e+03   1.2707031e-03   1.1965153e-01   8.7907776e-01
   2.5730000e+03   5.0058111e-01   4.5127630e-01   4.8142584e-02
   2.4300000e+03   4.7516146e-01   1.1814255e-02   5.1302429e-01
   2.4270000e+03   6.3220875e-04   1.0681138e-03   9.9829968e-01
   2.1430000e+03   9.9823200e-01   5.4403835e-04   1.2239613e-03
   2.1440000e+03   8.0408571e-04   9.9893117e-01   2.6474107e-04
   2.4220000e+03   5.2433452e-02   3.3431835e-03   9.4422336e-01
   2.2380000e+03   9.9723425e-01   1.6063518e-03   1.1593955e-03
   2.4170000e+03   1.9438076e-02   5.4696817e-02   9.2586511e-01
   2.1580000e+03   1.1691124e-02   3.6497878e-01   6.2333010e-01
   2.3980000e+03   5.6084229e-01   3.3104143e-03   4.3584730e-01
   2.2490000e+03   9.4432729e-01   4.7678378e-02   7.9943303e-03
   2.4000000e+03   9.9603909e-03   4.6336413e-01   5.2667548e-01
   2.4010000e+03   3.4041416e-01   2.8231079e-03   6.5676273e-01
   2.4000000e+03   5.9564254e-04   9.9906235e-01   3.4200354e-04
   2.1640000e+03   0.0000000e+00   1.0000000e+00  -0.0000000e+00
   2.2410000e+03   2.1318843e-01   5.2589437e-01   2.6091721e-01
   2.2430000e+03   5.8932135e-01   4.1059901e-02   3.6961874e-01
   2.4030000e+03   3.7023076e-02   5.1253397e-02   9.1172353e-01
   2.1670000e+03   0.0000000e+00   0.0000000e+00   1.0000000e+00
   2.4080000e+03   3.7222684e-01   6.1983835e-01   7.9348028e-03
   2.1690000e+03   2.2204460e-16   0.0000000e+00   1.0000000e+00
   2.1670000e+03   0.0000000e+00   1.0000000e+00  -0.0000000e+00
   2.4140000e+03   7.1753405e-01   2.7446571e-01   8.0002355e-03
   2.1500000e+03   7.7619737e-05   9.9984787e-01   7.4510514e-05
   2.1710000e+03   0.0000000e+00   0.0000000e+00   1.0000000e+00
   2.1690000e+03   0.0000000e+00   1.0000000e+00  -0.0000000e+00
   2.2490000e+03   1.8873791e-15   2.7552892e-01   7.2447108e-01
   2.2530000e+03   9.9659087e-01   2.7132166e-03   6.9590895e-04
   2.2510000e+03   9.9688561e-01   2.2390879e-03   8.7529733e-04
   2.1130000e+03   1.3944274e-04   9.9900634e-01   8.5421243e-04
   2.4960000e+03   6.1781856e-01   2.8855476e-01   9.3626673e-02
   2.4980000e+03   9.9872396e-01   7.0266290e-04   5.7337466e-04
   2.1110000e+03   1.7407980e-03   5.8028166e-04   9.9767892e-01
   2.1550000e+03   5.4214373e-01   2.4982187e-04   4.5760645e-01
   2.1090000e+03   4.3227140e-01   1.4522031e-02   5.5320657e-01
   2.5000000e+03   9.9829475e-01   9.5408438e-04   7.5116863e-04
   2.5000000e+03   4.1185500e-02   6.7522018e-01   2.8359432e-01
   2.1080000e+03   1.0000000e+00  -0.0000000e+00  -0.0000000e+00
   2.1070000e+03   0.0000000e+00   1.0000000e+00   0.0000000e+00
   2.5050000e+03   2.6034969e-01   2.5708770e-02   7.1394154e-01
   2.2570000e+03   9.9805531e-01   1.9446908e-03   4.1934956e-15
   2.2600000e+03   1.5694293e-03   5.7496226e-04   9.9785561e-01
   2.5090000e+03   5.5410203e-04   9.9883386e-01   6.1203619e-04
   2.1060000e+03   3.9363214e-04   9.9849539e-01   1.1109787e-03
   2.2590000e+03   9.9955811e-01   4.4189108e-04   6.1114411e-15
   2.2620000e+03   1.4495539e-03   3.9273422e-04   9.9815771e-01
   2.5130000e+03   3.1458918e-04   9.9838137e-01   1.3040425e-03
   2.1040000e+03   5.5876362e-04   9.9775237e-01   1.6888662e-03
   2.5110000e+03   1.7593173e-03   6.4865197e-04   9.9759203e-01
   2.5910000e+03   9.9876769e-01   1.1509277e-03   8.1385467e-05
   2.5190000e+03   1.3044297e-05   1.0547319e-05   9.9997641e-01
   2.1020000e+03   5.5624397e-05   9.9989035e-01   5.4023004e-05
   2.5150000e+03   1.2578825e-03   1.4812020e-04   9.9859400e-01
   2.2640000e+03   0.0000000e+00   4.3979927e-03   9.9560201e-01
   2.1000000e+03   2.3256480e-04   9.9822062e-01   1.5468171e-03
   2.5210000e+03   1.6647930e-03   5.7747543e-05   9.9827746e-01
   2.2630000e+03   9.9597593e-01   4.0240738e-03   1.5047664e-15
   2.0990000e+03   3.3306691e-16   0.0000000e+00   1.0000000e+00
   2.5260000e+03   2.7827765e-03   3.2548386e-04   9.9689174e-01
   2.5230000e+03   0.0000000e+00   5.1390505e-03   9.9486095e-01
   2.1600000e+03   8.5104181e-01   2.7689965e-02   1.2126823e-01
   2.0970000e+03   0.0000000e+00  -0.0000000e+00   1.0000000e+00
   2.0950000e+03   1.5043991e-03   8.4050167e-05   9.9841155e-01
   2.1030000e+03   9.9801901e-01   1.5668545e-15   1.9809944e-03
   2.5290000e+03   4.3461726e-02   9.1456146e-01   4.1976815e-02
