   2.1180000e+03   3.7710561e-04   9.9946084e-01   1.6205422e-04
   2.1230000e+03   5.9861824e-05   4.3954407e-04   9.9950059e-01
   2.1200000e+03   3.0678995e-04   9.9918050e-01   5.1270632e-04
   6.7000000e+01   9.9953846e-01   2.3840691e-04   2.2313728e-04
   2.0960000e+03   3.4642743e-04   9.9963601e-01   1.7563847e-05
   2.0950000e+03   4.1798962e-04   1.1561868e-04   9.9946639e-01
   2.0810000e+03   6.8822881e-05   4.0073814e-04   9.9953044e-01
   2.0790000e+03   1.6579845e-04   9.9955917e-01   2.7503561e-04
   2.0410000e+03   8.4223413e-04   9.9912023e-01   3.7533789e-05
   2.0400000e+03   3.1818509e-04   9.9957133e-01   1.1048751e-04
   2.0180000e+03   1.0132660e-04   9.9954040e-01   3.5827049e-04
   5.5950000e+03   9.9958362e-01   1.1953490e-04   2.9684337e-04
   2.0160000e+03   3.8588910e-04   1.2724624e-04   9.9948686e-01
   6.2000000e+01   1.1775224e-03   9.9865796e-01   1.6451677e-04
   1.9830000e+03   3.5844399e-04   9.9953740e-01   1.0415974e-04
   1.9680000e+03   3.7995371e-04   9.9948061e-01   1.3943264e-04
   1.9180000e+03   3.3744778e-04   9.9957299e-01   8.9559871e-05
   1.9950000e+03   5.0079146e-04   9.9908654e-01   4.1267298e-04
   1.9590000e+03   6.3572114e-04   9.9883006e-01   5.3421834e-04
   1.9040000e+03   9.9962531e-01   1.2694650e-04   2.4774812e-04
   1.9610000e+03   3.9643801e-04   9.9951545e-01   8.8116737e-05
   1.9400000e+03   4.2717939e-04   9.9954228e-01   3.0541685e-05
   1.9230000e+03   4.3045997e-04   9.9904279e-01   5.2674741e-04
   1.9000000e+03   2.9246902e-04   6.2675550e-04   9.9908078e-01
   1.9420000e+03   9.9940263e-01   4.7109396e-04   1.2627171e-04
   1.9110000e+03   9.2586652e-04   4.8328818e-04   9.9859085e-01
   1.9020000e+03   4.1150070e-04   9.9935829e-01   2.3021048e-04
   1.8940000e+03   4.6107914e-04   9.9897999e-01   5.5893295e-04
   1.8590000e+03   3.9095047e-04   2.5695216e-04   9.9935210e-01
   1.8530000e+03   9.9949554e-01   1.4917597e-04   3.5527928e-04
   1.8490000e+03   9.9954847e-01   2.6092381e-04   1.9060548e-04
   1.8690000e+03   1.2463950e-04   9.9944922e-01   4.2614425e-04
   1.8790000e+03   1.4117857e-04   6.9944724e-04   9.9915937e-01
   1.8650000e+03   9.9949454e-01   6.5053589e-05   4.4040782e-04
   1.8380000e+03   5.2480294e-04   1.4255298e-04   9.9933264e-01
   1.8610000e+03   0.0000000e+00   1.0000000e+00   0.0000000e+00
   1.8610000e+03   4.7720984e-04   5.4845866e-05   9.9946794e-01
   1.8330000e+03   3.8229293e-04   1.9712103e-04   9.9942059e-01
   1.8620000e+03   9.9787528e-01   0.0000000e+00   2.1247215e-03
   1.7990000e+03   9.9906784e-01   0.0000000e+00   9.3215743e-04
   1.8550000e+03   9.9877546e-01   1.2245365e-03   0.0000000e+00
   1.7880000e+03   9.9924205e-01   0.0000000e+00   7.5794959e-04
   1.8050000e+03   1.2200519e-04   9.9872317e-01   1.1548200e-03
   1.8370000e+03   9.9916680e-01   8.3319668e-04   0.0000000e+00
   1.7920000e+03   6.1171843e-04   9.9830651e-01   1.0817680e-03
   1.8340000e+03   9.9737332e-01   0.0000000e+00   2.6266757e-03
   1.7760000e+03   9.9790934e-01   1.8283407e-03   2.6232203e-04
   1.7610000e+03   2.5600840e-04   9.9972364e-01   2.0347527e-05
   1.7320000e+03   1.0986295e-03   9.9818009e-01   7.2127981e-04
   1.7360000e+03   3.8689756e-04   9.9949756e-01   1.1554476e-04
   2.4400000e+02   9.9913025e-01   0.0000000e+00   8.6974944e-04
   1.7510000e+03   9.9918560e-01   3.4988977e-04   4.6451486e-04
   1.7280000e+03   4.5410166e-04   9.9916664e-01   3.7925760e-04
   5.3650000e+03  -5.9685330e-17   9.9957430e-01   4.2570414e-04
   1.7410000e+03   9.9901259e-01   9.8397488e-04   3.4322110e-06
   1.7340000e+03   9.9883589e-01   5.1835864e-04   6.4575531e-04
   1.6970000e+03  -1.1102230e-16   3.8060341e-04   9.9961940e-01
   1.7130000e+03   9.9943827e-01   3.9066573e-04   1.7106343e-04
   2.3500000e+02   7.2601614e-04   9.9897858e-01   2.9540337e-04
   2.3700000e+02   9.9964360e-01   0.0000000e+00   3.5640246e-04
   1.7340000e+03   1.1102230e-16   4.3081353e-04   9.9956919e-01
   1.6730000e+03   9.9958662e-01   3.9707471e-04   1.6308449e-05
   1.6710000e+03   2.6708487e-04   9.9954046e-01   1.9245600e-04
   1.6670000e+03   9.9955316e-01   0.0000000e+00   4.4683869e-04
   1.6660000e+03   4.2786704e-05   3.5173885e-04   9.9960547e-01
   1.6620000e+03   9.9962398e-01   1.1999646e-04   2.5601870e-04
   1.6080000e+03   9.9967111e-01   2.4486585e-04   8.4020450e-05
   2.2500000e+02   3.4329159e-04   2.7039418e-04   9.9938631e-01
   1.6000000e+03   9.9967089e-01   1.9507554e-04   1.3403763e-04
   1.5990000e+03   9.9964754e-01   3.4196660e-04   1.0488711e-05
   1.5990000e+03   6.0779034e-05   5.8130505e-04   9.9935792e-01
   1.5920000e+03   1.3929729e-04   3.9076048e-04   9.9946994e-01
   1.5440000e+03   2.8251463e-04   0.0000000e+00   9.9971749e-01
   2.1300000e+02   9.9972700e-01   2.7299704e-04   0.0000000e+00
   1.5410000e+03   1.2531263e-04   9.9970509e-01   1.6960161e-04
   1.5320000e+03   9.9976270e-01   2.3729805e-04   0.0000000e+00
   1.5260000e+03   9.9962688e-01   3.7311926e-04   0.0000000e+00
   1.4720000e+03   3.9732636e-05   9.9974819e-01   2.1207288e-04
   4.6000000e+01   9.9953112e-01   2.4846606e-04   2.2041233e-04
   1.4710000e+03   2.0296925e-04   9.9977696e-01   2.0070561e-05
   1.4660000e+03   9.9977381e-01   2.2618979e-04   0.0000000e+00
   1.4840000e+03   9.9966430e-01   3.0838780e-04   2.7311503e-05
   1.4520000e+03   9.9971479e-01   2.8520755e-04   0.0000000e+00
   1.4530000e+03   2.4533335e-05   9.9971773e-01   2.5773377e-04
   1.4540000e+03   9.9968182e-01   1.4214450e-04   1.7603498e-04
   1.4620000e+03   9.9964925e-01   2.6726130e-04   8.3492601e-05
   1.4640000e+03   3.5441153e-04   3.7082314e-04   9.9927477e-01
   1.4030000e+03   0.0000000e+00   0.0000000e+00   1.0000000e+00
   1.2690000e+03   9.9938204e-01   1.4055946e-04   4.7740395e-04
   2.0200000e+02   1.1102230e-16   5.7165500e-04   9.9942835e-01
   1.4840000e+03   2.7409976e-02   9.7259002e-01   0.0000000e+00
   1.2660000e+03  -1.5612511e-17   9.9208153e-01   7.9184717e-03
   1.8200000e+02  -1.1102230e-16   2.5832292e-02   9.7416771e-01
   1.3170000e+03   1.3705449e-04   9.9848944e-01   1.3735051e-03
   1.3180000e+03   9.9945044e-01   1.0325616e-04   4.4630088e-04
   1.3110000e+03   6.8906790e-03   9.8568860e-01   7.4207164e-03
   1.4660000e+03   2.8322983e-03   9.8532439e-01   1.1843316e-02
   1.4100000e+03   2.6100333e-04   2.0783824e-03   9.9766061e-01
   1.4540000e+03   7.9459841e-06   1.6373330e-04   9.9982832e-01
   1.4520000e+03   1.2278479e-02   9.7661014e-01   1.1111382e-02
   1.4080000e+03   2.3575680e-04   9.9975722e-01   7.0202824e-06
   1.4020000e+03   2.8139571e-04   9.9965387e-01   6.4736398e-05
   1.4160000e+03   4.3155614e-05   9.9995637e-01   4.7565395e-07
   1.4260000e+03   9.7014185e-05   0.0000000e+00   9.9990299e-01
   1.3910000e+03   6.6691935e-05   9.9969885e-01   2.3445609e-04
   1.4180000e+03   6.3273339e-05   1.1400439e-04   9.9982272e-01
   1.3870000e+03   9.9983250e-01   3.2917561e-05   1.3457786e-04
   1.3810000e+03   9.9965278e-01   3.4373976e-04   3.4836054e-06
   1.3780000e+03   1.2311755e-04   3.6830646e-05   9.9984005e-01
   1.3530000e+03   3.3900485e-04   2.5156404e-04   9.9940943e-01
   1.3690000e+03   6.5072314e-05   3.0866346e-04   9.9962626e-01
   1.3540000e+03   3.5008369e-04   1.1526256e-05   9.9963839e-01
   1.3950000e+03   0.0000000e+00   0.0000000e+00   1.0000000e+00
   1.3830000e+03   0.0000000e+00   1.6367973e-04   9.9983632e-01
   1.3510000e+03   1.5778516e-04   1.2599337e-04   9.9971622e-01
   1.4070000e+03   8.4242509e-17   9.9986955e-01   1.3045265e-04
   1.3930000e+03   1.5210020e-04   9.9981630e-01   3.1602944e-05
   1.3960000e+03   0.0000000e+00   1.0000000e+00   0.0000000e+00
   4.0000000e+01   9.9978064e-01   1.5539082e-04   6.3973871e-05
   1.9300000e+02   9.9954915e-01   5.6262854e-05   3.9458359e-04
   1.9100000e+02   9.9956491e-01   8.0652269e-05   3.5444044e-04
   1.3150000e+03   9.9955590e-01   2.0966579e-05   4.2313205e-04
   1.3500000e+03   4.1078252e-15   5.5485265e-04   9.9944515e-01
   1.3520000e+03  -1.1102230e-16   1.0228988e-03   9.9897710e-01
   1.2890000e+03   5.2330070e-04   7.0638504e-05   9.9940606e-01
   1.3630000e+03   9.9790584e-01   2.3408840e-04   1.8600690e-03
   1.3520000e+03   9.9934300e-01   6.5700167e-04   0.0000000e+00
   1.3000000e+03   9.9849316e-01   7.4777842e-04   7.5905824e-04
   1.3190000e+03   0.0000000e+00   2.7273089e-03   9.9727269e-01
   1.2650000e+03   9.9876610e-01   4.8289194e-04   7.5101077e-04
   1.2840000e+03   6.3919700e-03   2.4712935e-02   9.6889510e-01
   3.7000000e+01   9.9915303e-01   8.3982413e-04   7.1505727e-06
   1.3200000e+03   9.9972857e-01   2.5161462e-04   1.9810582e-05
   1.3190000e+03   3.0356966e-04   9.9969643e-01   0.0000000e+00
   1.2670000e+03   9.9773853e-01   0.0000000e+00   2.2614689e-03
   1.2220000e+03   3.8303087e-05   9.9897146e-01   9.9023580e-04
   1.7300000e+02   9.9909791e-01   5.9250233e-05   8.4284073e-04
   1.2200000e+03   9.9895721e-01   1.0083708e-03   3.4414910e-05
   1.2370000e+03   9.9883729e-01   2.6206616e-04   9.0064258e-04
   1.3000000e+03  -1.1102230e-16   1.9088954e-02   9.8091105e-01
   1.2630000e+03   2.3666180e-03   4.0935036e-05   9.9759245e-01
   1.2830000e+03   1.2344874e-03   7.0928893e-04   9.9805622e-01
   3.7000000e+01   6.4377206e-04   9.9905566e-01   3.0056399e-04
   1.2430000e+03   1.1756018e-02   5.1760965e-03   9.8306789e-01
   1.2820000e+03   4.0692392e-05   1.0490282e-04   9.9985440e-01
   1.2630000e+03   9.7795036e-17   9.9857963e-01   1.4203690e-03
   1.2310000e+03   9.9853612e-01   0.0000000e+00   1.4638756e-03
   1.2320000e+03   3.1579249e-04   2.9248129e-04   9.9939173e-01
   1.2670000e+03  -5.9034808e-17   9.9961620e-01   3.8380446e-04
   1.2370000e+03  -5.3180117e-17   9.9986910e-01   1.3089678e-04
   1.7600000e+02   9.9712813e-01   4.5109194e-04   2.4207828e-03
   1.7800000e+02   2.7608750e-03   2.2236379e-03   9.9501549e-01
   1.2170000e+03   9.3726891e-05   3.6813687e-04   9.9953814e-01
   1.2500000e+03  -1.1102230e-16   1.8880614e-03   9.9811194e-01
   1.2160000e+03   9.9952084e-01   3.0908476e-04   1.7007222e-04
   1.2380000e+03   7.7612245e-04   1.7114934e-03   9.9751238e-01
   1.1290000e+03   1.8890027e-04   7.0186549e-04   9.9910923e-01
   1.0620000e+03   9.9915415e-01   4.8262531e-04   3.6322569e-04
   1.1250000e+03   3.5190825e-04   3.6527989e-04   9.9928281e-01
   1.1170000e+03   9.8634300e-04   9.9894295e-01   7.0708291e-05
   1.4200000e+02   5.4582562e-05   7.2004644e-04   9.9922537e-01
   1.1270000e+03   9.9908200e-01   9.0354291e-04   1.4456020e-05
   1.2160000e+03  -1.1102230e-16   6.1850480e-03   9.9381495e-01
   1.6700000e+02   9.9976002e-01   0.0000000e+00   2.3997697e-04
   3.2000000e+01   1.4509353e-03   1.0197156e-04   9.9844709e-01
   1.1300000e+03   9.9178384e-04   6.1265581e-06   9.9900209e-01
   1.0870000e+03   9.9967300e-01   2.4099156e-04   8.6009627e-05
   1.0340000e+03   9.9971174e-01   2.8826159e-04   0.0000000e+00
   1.0760000e+03   9.3839762e-06   5.7236784e-04   9.9941825e-01
   1.0110000e+03   4.1200585e-05   1.1580222e-03   9.9880078e-01
   1.1260000e+03   6.8353638e-05   0.0000000e+00   9.9993165e-01
   1.1210000e+03  -1.0950442e-16   9.9839886e-01   1.6011429e-03
   1.0790000e+03   9.9929919e-01   3.9713211e-04   3.0367488e-04
   1.3300000e+02   0.0000000e+00   1.0000000e+00   0.0000000e+00
   1.0740000e+03   8.6303776e-05   5.4356183e-04   9.9937013e-01
   1.0720000e+03   2.8610632e-05   4.2838833e-04   9.9954300e-01
   1.2600000e+02   8.2928628e-05   3.7780863e-04   9.9953926e-01
   3.1000000e+01   3.3194078e-04   4.5736889e-04   9.9921069e-01
   1.1140000e+03   1.0678888e-03   1.2800633e-04   9.9880410e-01
   1.0000000e+03   9.9927318e-01   9.3369781e-05   6.3344824e-04
   1.0790000e+03  -5.7679556e-17   9.9965542e-01   3.4458345e-04
   1.0790000e+03  -1.1102230e-16   2.4943137e-02   9.7505686e-01
   9.6900000e+02   6.2670089e-04   9.9934183e-01   3.1467277e-05
   2.8000000e+01   6.5708597e-04   1.7875085e-04   9.9916416e-01
   9.0800000e+02   7.1241235e-05   5.4713992e-04   9.9938162e-01
   1.0220000e+03   1.8207007e-15   9.9934900e-01   6.5099999e-04
   1.3700000e+02   0.0000000e+00   9.6836901e-03   9.9031631e-01
   1.3700000e+02   4.1773360e-04   9.9921510e-01   3.6716379e-04
   1.0120000e+03   2.9097010e-04   4.6286863e-04   9.9924616e-01
   8.9500000e+02   0.0000000e+00   0.0000000e+00   1.0000000e+00
   1.0320000e+03   9.9678967e-01   1.4781893e-03   1.7321449e-03
   1.2100000e+02   9.9958081e-01   0.0000000e+00   4.1918533e-04
   1.0440000e+03   3.3197542e-03   9.9638958e-01   2.9066959e-04
   1.0160000e+03   2.1456424e-05   2.9937259e-04   9.9967917e-01
   1.0240000e+03   1.1574732e-04   1.5588072e-03   9.9832545e-01
   3.0610000e+03   9.9953117e-01   4.6882995e-04   0.0000000e+00
   9.3000000e+02   1.8754269e-04   9.9892801e-01   8.8444272e-04
   1.0060000e+03   9.7730528e-01   9.5304609e-03   1.3164255e-02
   1.0260000e+03   1.1102230e-16   7.6003132e-04   9.9923997e-01
   1.0260000e+03  -3.8163916e-17   9.7792319e-01   2.2076813e-02
   1.0230000e+03   2.0394322e-06   9.9946531e-01   5.3265354e-04
   1.0020000e+03   0.0000000e+00   1.0000000e+00   0.0000000e+00
   1.0020000e+03   1.9635293e-03   1.3106553e-04   9.9790541e-01
   1.0190000e+03   9.6260838e-04   1.1244592e-04   9.9892495e-01
   1.0060000e+03   9.7740826e-17   9.9986395e-01   1.3605338e-04
   1.2100000e+02   0.0000000e+00   0.0000000e+00   1.0000000e+00
   8.2400000e+02   1.1360739e-04   4.8813799e-04   9.9939825e-01
   9.9700000e+02   3.0504354e-03   1.5718038e-02   9.8123153e-01
   9.3300000e+02   6.2306051e-04   1.3606784e-04   9.9924087e-01
   9.8200000e+02   1.6974896e-04   2.5270893e-04   9.9957754e-01
   9.6500000e+02   1.7296180e-04   1.4000771e-04   9.9968703e-01
   9.3400000e+02   2.0085763e-05   9.9941446e-01   5.6545063e-04
   9.6000000e+02   9.9702322e-01   0.0000000e+00   2.9767837e-03
   9.5300000e+02   9.8416314e-01   4.8725251e-03   1.0964335e-02
   8.2500000e+02   1.0631784e-04   1.6923314e-04   9.9972445e-01
   9.4500000e+02   1.1675035e-04   9.9952301e-01   3.6023907e-04
   9.1000000e+02   3.3924225e-05   9.9941413e-01   5.5194658e-04
   9.0900000e+02   6.1855575e-04   6.1196584e-06   9.9937532e-01
   9.4500000e+02   1.1825330e-02   4.2672883e-02   9.4550179e-01
   8.2700000e+02   1.1240283e-04   5.2019338e-04   9.9936740e-01
   9.1100000e+02   9.9946750e-01   3.9697107e-05   4.9280314e-04
   8.3100000e+02   9.9968869e-01   1.2676194e-04   1.8454459e-04
   8.4200000e+02   9.9970629e-01   1.1995315e-04   1.7376155e-04
   8.4900000e+02   1.3256631e-04   2.7697719e-04   9.9959046e-01
   9.1700000e+02   9.7781513e-05   9.9965437e-01   2.4785256e-04
   9.1500000e+02   4.3990269e-02   1.9932306e-02   9.3607743e-01
   8.5100000e+02   8.2365192e-05   6.9190518e-05   9.9984844e-01
   9.0200000e+02   1.9984014e-15   3.2253070e-04   9.9967747e-01
   9.1300000e+02   4.0258306e-04   7.4561589e-05   9.9952286e-01
   8.8500000e+02   9.8328201e-01   4.2357332e-03   1.2482255e-02
   8.9600000e+02   9.9969981e-01   2.9239278e-04   7.7973383e-06
   8.9300000e+02   1.3285314e-04   9.9721314e-01   2.6540071e-03
   8.8900000e+02   9.9969806e-01   1.9473166e-04   1.0720722e-04
   8.5100000e+02   6.5826029e-05   9.9980903e-01   1.2514130e-04
   9.1200000e+02   4.8849813e-15   3.5332056e-04   9.9964668e-01
   8.9700000e+02   2.3604250e-05   3.8269134e-04   9.9959370e-01
   8.9000000e+02   0.0000000e+00   5.0591766e-02   9.4940823e-01
   8.3400000e+02   1.8026141e-04   5.3770337e-05   9.9976597e-01
   8.8700000e+02   6.3357851e-05   9.9993664e-01   0.0000000e+00
   7.8200000e+02   5.2380441e-04   9.9940877e-01   6.7423758e-05
   7.7900000e+02   9.9962881e-01   8.8575582e-05   2.8261791e-04
   7.7700000e+02   9.9956936e-01   7.6373052e-05   3.5427000e-04
   7.7400000e+02   9.9968950e-01   1.1763950e-04   1.9285987e-04
   7.6900000e+02   9.9971426e-01   0.0000000e+00   2.8574007e-04
   8.1800000e+02   1.2403916e-04   3.4630481e-04   9.9952966e-01
   7.6000000e+02   9.9959478e-01   5.1521806e-05   3.5369503e-04
   8.1500000e+02   2.1197372e-04   9.9947465e-01   3.1337653e-04
   7.2300000e+02   3.7630048e-04   9.9961838e-01   5.3208222e-06
   7.7800000e+02   5.2041704e-17   9.9858563e-01   1.4143672e-03
   7.1000000e+02   9.9970285e-01   7.7892336e-05   2.1926174e-04
   7.0400000e+02   9.9981345e-01   0.0000000e+00   1.8654673e-04
   7.5900000e+02   6.4618449e-17   9.9951302e-01   4.8698358e-04
   2.9220000e+03   9.4054538e-17   9.9963879e-01   3.6120918e-04
   6.6500000e+02   9.9970840e-01   1.8109916e-04   1.1050411e-04
   6.4100000e+02   1.0594647e-04   1.3402393e-04   9.9976003e-01
   6.3700000e+02   9.9979797e-01   0.0000000e+00   2.0203457e-04
   6.6500000e+02   0.0000000e+00   1.0000000e+00   0.0000000e+00
   6.2200000e+02   9.9881608e-01   1.1839215e-03   0.0000000e+00
   6.1600000e+02   3.9190710e-04   9.9958121e-01   2.6885329e-05
   5.8500000e+02   3.0222144e-04   2.3670481e-05   9.9967411e-01
   6.3700000e+02   1.5667916e-04   9.9954950e-01   2.9382445e-04
   6.3400000e+02   9.9947058e-01   5.2942347e-04   0.0000000e+00
   6.3400000e+02   1.8327392e-04   4.2428687e-04   9.9939244e-01
   6.3200000e+02   9.9954938e-01   1.3749391e-04   3.1312431e-04
   2.8230000e+03   9.9934742e-01   0.0000000e+00   6.5258264e-04
   5.5600000e+02   1.1102230e-16   1.8725795e-04   9.9981274e-01
   5.5400000e+02   8.8817842e-16   4.4531526e-04   9.9955468e-01
   5.9100000e+02   9.9914172e-01   8.5827670e-04   0.0000000e+00
   5.6900000e+02   0.0000000e+00   1.0000000e+00   0.0000000e+00
   5.8000000e+02   2.0879358e-04   6.7024452e-04   9.9912096e-01
   5.7900000e+02  -1.5395671e-17   9.9853378e-01   1.4662248e-03
   5.1200000e+02   9.9901416e-01   9.8584104e-04   0.0000000e+00
   5.7600000e+02   5.0168264e-04   9.9916816e-01   3.3015475e-04
   5.1400000e+02   3.1505253e-04   9.9957033e-01   1.1461472e-04
   5.7400000e+02   2.5747381e-04   7.1815825e-05   9.9967071e-01
   5.3800000e+02   1.8390775e-04   9.9959134e-01   2.2475189e-04
   5.1800000e+02   3.5354278e-04   9.9834837e-01   1.2980856e-03
   5.1800000e+02   2.2385046e-04   0.0000000e+00   9.9977615e-01
   5.5400000e+02   9.9936999e-01   6.3000894e-04   0.0000000e+00
   5.0700000e+02   9.9967502e-01   1.6447248e-04   1.6050420e-04
   4.7400000e+02   2.7057628e-04   9.9970515e-01   2.4275849e-05
   5.2100000e+02   5.4210109e-19   9.9957996e-01   4.2004037e-04
   4.7200000e+02   3.0652088e-04   1.8675006e-04   9.9950673e-01
   4.5400000e+02   2.3894921e-04   1.6659049e-04   9.9959446e-01
   4.5200000e+02   1.7415652e-04   2.7337971e-04   9.9955246e-01
   5.1300000e+02   3.8143541e-04   6.8455620e-04   9.9893401e-01
   4.6000000e+02   9.9971687e-01   7.4009749e-05   2.0911884e-04
   4.4700000e+02   3.1358074e-04   2.2003448e-04   9.9946638e-01
   4.4900000e+02   2.8485755e-04   9.9940590e-01   3.0924417e-04
   4.4800000e+02   2.3916760e-04   9.9949895e-01   2.6188524e-04
   4.4200000e+02   3.3395706e-04   3.2654226e-04   9.9933950e-01
   4.0400000e+02   0.0000000e+00   0.0000000e+00   1.0000000e+00
   3.9400000e+02   9.9962386e-01   0.0000000e+00   3.7613678e-04
   3.8700000e+02   9.9965069e-01   0.0000000e+00   3.4930764e-04
   4.4500000e+02   9.9975568e-01   2.4432056e-04   0.0000000e+00
   3.7800000e+02   1.1401742e-04   2.6181193e-04   9.9962417e-01
   4.3200000e+02   1.4043999e-04   9.9977284e-01   8.6720075e-05
   4.3000000e+02   1.6093347e-04   2.7713898e-04   9.9956193e-01
   4.2700000e+02   2.2241589e-04   9.9947480e-01   3.0277984e-04
   4.0700000e+02   9.9972087e-01   2.7913068e-04   0.0000000e+00
   4.3400000e+02   1.6371125e-04   4.4402997e-04   9.9939226e-01
   3.9700000e+02   1.1102230e-16   1.9176198e-04   9.9980824e-01
   3.9700000e+02   9.9961228e-01   2.2652141e-04   1.6120272e-04
   4.0300000e+02   2.5467621e-04   9.9967460e-01   7.0720429e-05
   4.1600000e+02   1.5006842e-04   3.5548846e-04   9.9949444e-01
   4.0500000e+02   9.9974053e-01   1.3917759e-04   1.2029564e-04
   3.7500000e+02   9.9959977e-01   0.0000000e+00   4.0022787e-04
   3.9100000e+02   1.0794658e-04   3.0414628e-04   9.9958791e-01
   3.8900000e+02   1.1578834e-04   1.5945276e-04   9.9972476e-01
   3.6900000e+02   1.5292737e-04   9.9965391e-01   1.9316553e-04
   3.4200000e+02   8.0996884e-05   4.2832337e-04   9.9949068e-01
   3.7000000e+02   1.4557617e-04   9.9982218e-01   3.2245646e-05
   3.4700000e+02   9.9966650e-01   0.0000000e+00   3.3350275e-04
   3.7600000e+02   2.6248649e-04   1.3092050e-05   9.9972442e-01
   8.0000000e+00   9.9970534e-01   8.6490609e-05   2.0816548e-04
   3.9000000e+02   2.8852564e-04   1.0661533e-04   9.9960486e-01
   3.2500000e+02   9.9964656e-01   0.0000000e+00   3.5344292e-04
   3.5900000e+02   9.9979048e-01   1.1533430e-04   9.4188785e-05
   3.4900000e+02   2.1192862e-04   6.2732607e-05   9.9972534e-01
   3.4500000e+02   9.9963403e-01   0.0000000e+00   3.6597411e-04
   3.3500000e+02   1.1243086e-04   9.9323463e-05   9.9978825e-01
   3.5100000e+02   3.0108402e-04   9.9954638e-01   1.5253584e-04
   3.1900000e+02   2.6876607e-05   9.9989772e-01   7.5406671e-05
   3.6400000e+02   9.9969148e-01   2.5443930e-04   5.4081877e-05
   3.6100000e+02   3.1528715e-04   9.9954838e-01   1.3633745e-04
   3.5600000e+02   9.9971006e-01   1.2040959e-04   1.6952965e-04
   3.3700000e+02   1.0492893e-04   1.5512942e-04   9.9973994e-01
   3.4000000e+02   7.8812383e-05   3.5230690e-04   9.9956888e-01
   3.5300000e+02   2.9437711e-04   9.9954294e-01   1.6268566e-04
   3.1700000e+02   9.9969261e-01   0.0000000e+00   3.0738885e-04
   3.2800000e+02   9.9963197e-01   2.0760386e-04   1.6043013e-04
   3.2000000e+02   2.1637648e-05   9.9988904e-01   8.9323141e-05
   7.0000000e+00   1.1812100e-04   2.6930438e-04   9.9961257e-01
   3.3400000e+02   9.9970416e-01   1.1764902e-04   1.7819018e-04
   3.2900000e+02   2.3299331e-04   9.9956614e-01   2.0086811e-04
   3.0200000e+02   9.9978939e-01   0.0000000e+00   2.1060933e-04
   2.6400000e+02   8.4615675e-05   9.9989998e-01   1.5399710e-05
   3.0000000e+00   9.9977021e-01   9.9294548e-05   1.3049996e-04
   2.5700000e+02   1.2260581e-04   5.1038391e-05   9.9982636e-01
   2.0000000e+00   9.9970783e-01   8.7584631e-05   2.0458245e-04
   2.4000000e+02   6.2501702e-04   9.9905457e-01   3.2041738e-04
   2.3000000e+02   5.2946976e-04   9.9915837e-01   3.1216424e-04
   2.2800000e+02   4.7548730e-04   9.9922298e-01   3.0153547e-04
   2.2600000e+02   6.2990992e-04   9.9905388e-01   3.1620551e-04
   2.2100000e+02   1.1125742e-03   9.9862486e-01   2.6256554e-04
   2.1900000e+02   1.0837153e-03   9.9864832e-01   2.6796019e-04
   2.1700000e+02   4.5678721e-04   9.9926233e-01   2.8088175e-04
   2.1600000e+02   4.4300165e-04   9.9925398e-01   3.0302001e-04
   2.1400000e+02   9.9952176e-01   1.3676956e-04   3.4146725e-04
   2.0900000e+02   5.4421313e-04   9.9912676e-01   3.2902230e-04
   2.0500000e+02   4.1136183e-04   9.9931071e-01   2.7792408e-04
   2.1500000e+02   1.2250762e-04   9.9950183e-01   3.7566181e-04
   1.8800000e+02   2.4945693e-04   1.6255638e-04   9.9958799e-01
   1.9700000e+02   7.9867107e-04   9.9891900e-01   2.8232668e-04
   1.9500000e+02   3.2896323e-04   9.9937181e-01   2.9922552e-04
   1.9400000e+02   2.8153307e-04   9.9945107e-01   2.6739943e-04
   1.8700000e+02   2.6743689e-04   4.0832104e-04   9.9932424e-01
   1.4100000e+02   2.6707939e-04   6.7962053e-04   9.9905330e-01
   1.4400000e+02   2.5240224e-04   2.4096755e-04   9.9950663e-01
   1.5700000e+02   2.5310328e-04   1.7786349e-05   9.9972911e-01
   1.7100000e+02   9.9917542e-01   7.1807596e-05   7.5277396e-04
   1.8500000e+02   9.9907266e-01   9.2734257e-04   0.0000000e+00
   1.7500000e+02   1.7420002e-04   9.9958987e-01   2.3593362e-04
   1.7900000e+02   9.8010297e-01   1.5937962e-02   3.9590658e-03
   1.7400000e+02  -7.2858386e-17   9.8382453e-01   1.6175470e-02
   1.7700000e+02   9.9953190e-01   0.0000000e+00   4.6809570e-04
   1.6600000e+02   1.6151793e-04   9.9937380e-01   4.6468452e-04
   1.4900000e+02   1.4130342e-04   6.6969241e-04   9.9918900e-01
   1.3800000e+02   9.9777335e-01   0.0000000e+00   2.2266536e-03
   1.5500000e+02   9.0308501e-04   2.3158063e-04   9.9886533e-01
   1.5200000e+02   2.2877800e-04   9.9898491e-01   7.8631086e-04
   1.4800000e+02   9.8653972e-04   2.3173688e-04   9.9878172e-01
   1.5300000e+02   2.9234620e-04   5.3590269e-04   9.9917175e-01
   1.0900000e+02   9.9956107e-01   2.1563762e-05   4.1737069e-04
   1.3000000e+02   1.5505375e-03   9.9806245e-01   3.8701667e-04
   1.3600000e+02   9.8879238e-17   9.9801153e-01   1.9884708e-03
   1.3300000e+02   1.4403434e-03   2.4415816e-04   9.9831550e-01
   1.2800000e+02   1.2636683e-04   3.6925699e-04   9.9950438e-01
   1.3500000e+02   1.3928914e-03   4.1202362e-04   9.9819508e-01
   1.1500000e+02   4.6983773e-04   2.6669540e-04   9.9926347e-01
   1.1300000e+02   1.6404607e-04   8.7118236e-04   9.9896477e-01
   1.2300000e+02   9.9442525e-01   5.5747472e-03   0.0000000e+00
   1.2100000e+02   2.2975638e-04   9.9856130e-01   1.2089405e-03
   1.1600000e+02   3.5494262e-04   9.9914317e-01   5.0188683e-04
   9.7000000e+01   2.8907907e-04   9.9961202e-01   9.8899808e-05
   1.0700000e+02   1.2444307e-04   3.7663360e-04   9.9949892e-01
   1.0200000e+02   1.8450041e-04   9.5751059e-04   9.9885799e-01
   9.5000000e+01   1.4059224e-04   7.9220698e-04   9.9906720e-01
   9.3000000e+01   1.4935212e-04   5.3304623e-04   9.9931760e-01
   9.1000000e+01   1.6290983e-04   1.0429860e-03   9.9879410e-01
   8.9000000e+01   1.6356268e-04   1.3189273e-03   9.9851751e-01
   8.5000000e+01   1.4115317e-04   1.0979859e-03   9.9876086e-01
   8.4000000e+01   1.4565700e-04   1.0306289e-03   9.9882371e-01
   8.2000000e+01   9.9945486e-01   1.7883038e-04   3.6630496e-04
   8.0000000e+01   1.9377850e-04   1.0748913e-03   9.9873133e-01
   7.9000000e+01   2.3583680e-04   1.3529883e-03   9.9841117e-01
   7.4000000e+01   2.5537500e-04   7.8421337e-04   9.9896041e-01
   3.0830000e+03   1.0848163e-04   9.9968131e-01   2.1020341e-04
   3.0650000e+03   9.6199685e-05   9.9966114e-01   2.4266144e-04
   3.0610000e+03   2.7844487e-04   1.1217929e-04   9.9960938e-01
   3.0380000e+03   3.8101997e-04   1.6173548e-04   9.9945724e-01
   3.0320000e+03   1.9649112e-04   1.3673190e-04   9.9966678e-01
   8.8500000e+02   5.9468932e-05   1.3895339e-04   9.9980158e-01
   8.5000000e+02   3.5511580e-04   9.9962569e-01   1.9193927e-05
   7.8300000e+02   9.9999571e-01   8.8438606e-15   4.2881074e-06
   3.0110000e+03   1.1709009e-04   9.9949935e-01   3.8356187e-04
   2.4140000e+03   1.8600851e-04   9.9965491e-01   1.5907826e-04
   3.0310000e+03   2.0624602e-05   2.5500563e-04   9.9972437e-01
   2.9870000e+03   1.1042599e-15   9.9972987e-01   2.7013123e-04
   3.0270000e+03   1.3516008e-04   2.2080086e-04   9.9964404e-01
   2.9790000e+03   9.2423456e-05   9.9973934e-01   1.6823992e-04
   3.0260000e+03   1.1102230e-16   2.9988729e-04   9.9970011e-01
   3.0120000e+03   3.3689159e-04   9.9953182e-01   1.3128425e-04
   2.9920000e+03   2.2844372e-04   9.9963631e-01   1.3524181e-04
   2.4090000e+03   9.9950918e-01   4.5553793e-04   3.5284207e-05
   2.9890000e+03   9.9973592e-01   1.4763152e-06   2.6260654e-04
   2.9860000e+03   3.1361917e-04   9.9960642e-01   7.9962263e-05
   2.9750000e+03   8.0165765e-05   4.0942600e-04   9.9951041e-01
   2.9280000e+03   3.1609525e-04   7.2890346e-05   9.9961101e-01
   7.2300000e+02   1.0000000e+00  -0.0000000e+00  -0.0000000e+00
   2.9240000e+03   2.9152979e-04   1.7304799e-04   9.9953542e-01
   2.4000000e+03   1.2953657e-04   9.9959910e-01   2.7136495e-04
   2.8760000e+03   4.4096729e-05   9.9959457e-01   3.6133597e-04
   2.9220000e+03   1.3530106e-04   3.7270797e-04   9.9949199e-01
   2.9310000e+03   1.5079751e-04   1.8039043e-04   9.9966881e-01
   2.9300000e+03   9.9975190e-01   3.8221078e-05   2.0988069e-04
   2.8960000e+03   4.0621647e-04   4.1727908e-05   9.9955206e-01
   2.8880000e+03   1.7152753e-04   9.9919584e-01   6.3263521e-04
   2.8730000e+03   9.9899442e-01   8.0679665e-04   1.9878210e-04
   2.8940000e+03   9.9975610e-01   7.1441038e-05   1.7245555e-04
   2.8490000e+03   1.1078945e-05   9.9955020e-01   4.3872481e-04
   2.8830000e+03   2.1487364e-04   1.2032360e-04   9.9966480e-01
   2.8500000e+03   1.0543866e-03   0.0000000e+00   9.9894561e-01
   2.8660000e+03   1.4039211e-04   4.7113936e-04   9.9938847e-01
   2.8400000e+03   1.5576586e-04   9.9864831e-01   1.1959191e-03
   2.8380000e+03   8.0671240e-05   9.9921864e-01   7.0069257e-04
   2.8550000e+03   9.9932300e-01   4.4123716e-04   2.3576613e-04
   2.8690000e+03   9.9954109e-01   1.7937969e-05   4.4096868e-04
   2.3620000e+03   5.7442313e-04   9.9887825e-01   5.4732412e-04
   2.8530000e+03   4.8513552e-04   9.9948255e-01   3.2313572e-05
   2.8270000e+03   2.1567886e-03   4.1676628e-04   9.9742645e-01
   2.8260000e+03   8.7645932e-04   8.0505815e-04   9.9831848e-01
   2.8050000e+03   4.1633363e-17   9.9840303e-01   1.5969663e-03
   2.8460000e+03   2.4007283e-04   9.9975420e-01   5.7237860e-06
   2.8350000e+03   9.9969751e-01   1.9287867e-15   3.0249209e-04
   2.8040000e+03   5.0990189e-05   9.9845144e-01   1.4975738e-03
   2.7980000e+03   8.9652089e-05   9.9882205e-01   1.0883013e-03
   2.8220000e+03   4.5981242e-04   9.9950539e-01   3.4796611e-05
   3.4640000e+03   9.9660311e-01   0.0000000e+00   3.3968852e-03
   2.8160000e+03   9.9867406e-01   8.1751707e-04   5.0842780e-04
   2.8140000e+03   6.4924508e-04   9.9904977e-01   3.0098368e-04
   2.8010000e+03   7.4909873e-04   9.9904117e-01   2.0972815e-04
   2.7930000e+03   9.9950874e-01   4.4808722e-04   4.3173480e-05
   2.7660000e+03   9.0588993e-05   9.9829325e-01   1.6161607e-03
   2.7590000e+03   1.3959103e-16   9.9952131e-01   4.7868913e-04
   2.7510000e+03   2.3164937e-04   5.0134809e-05   9.9971822e-01
   2.7760000e+03   6.9187603e-04   9.9930812e-01   1.1270866e-15
   2.7630000e+03   1.3708533e-04   9.9808429e-01   1.7786246e-03
   2.7550000e+03   2.2538017e-04   1.5496758e-04   9.9961965e-01
   2.3260000e+03   6.3066464e-04   1.9247214e-04   9.9917686e-01
   2.7560000e+03   2.0263062e-04   4.8520510e-05   9.9974885e-01
   2.7350000e+03   9.9932163e-01   1.2488220e-04   5.5348665e-04
   2.7240000e+03   1.5965425e-03   8.0216885e-05   9.9832324e-01
   2.7180000e+03   1.1289976e-04   9.9830794e-01   1.5791638e-03
   2.7100000e+03   9.9935395e-01   5.1647521e-04   1.2957171e-04
   2.7220000e+03   1.5631742e-04   9.9808057e-01   1.7631093e-03
   2.2860000e+03   1.3665105e-03   1.8978109e-04   9.9844371e-01
   2.7620000e+03   6.8705097e-04   1.2718646e-04   9.9918576e-01
   2.6990000e+03   6.5547604e-05   9.9960899e-01   3.2546665e-04
   2.7290000e+03   2.3973037e-04   9.9973065e-01   2.9616154e-05
   2.7280000e+03   3.0190849e-04   2.5972661e-04   9.9943836e-01
   2.7400000e+03   4.1596223e-05   3.6323031e-04   9.9959517e-01
   2.7170000e+03   9.9965390e-01   1.7084223e-04   1.7525936e-04
   2.6930000e+03   9.9924353e-01   3.3864592e-04   4.1782236e-04
   2.7270000e+03   6.7220535e-18   9.9950344e-01   4.9656489e-04
   2.6870000e+03   1.6016225e-04   3.1451876e-04   9.9952532e-01
   2.7190000e+03   9.9850326e-01   0.0000000e+00   1.4967407e-03
   2.6720000e+03   1.2808920e-04   9.9899859e-01   8.7331844e-04
   2.6660000e+03   9.9925827e-01   5.1740159e-04   2.2432442e-04
   2.6800000e+03   1.7554634e-04   1.4788347e-04   9.9967657e-01
   2.6520000e+03   5.6772253e-05   9.9952716e-01   4.1607204e-04
   2.7060000e+03  -1.1102230e-16   1.6538258e-03   9.9834617e-01
   2.6650000e+03   1.6236684e-03   2.0868586e-04   9.9816765e-01
   2.7070000e+03   8.4365366e-04   1.4848533e-04   9.9900786e-01
   2.6590000e+03   1.1462403e-03   1.9344574e-04   9.9866031e-01
   2.7040000e+03   2.0800208e-04   9.9909278e-01   6.9921691e-04
   2.6880000e+03   5.2497305e-05   4.0942558e-04   9.9953808e-01
   2.6180000e+03   6.2518814e-04   9.9912971e-01   2.4510330e-04
   2.6410000e+03   0.0000000e+00   0.0000000e+00   1.0000000e+00
   2.6920000e+03   6.2046845e-04   9.9937953e-01   0.0000000e+00
   2.6770000e+03   9.9961346e-01   1.0009882e-04   2.8643685e-04
   2.6300000e+03   2.4916411e-04   9.9968459e-01   6.6242841e-05
   2.6430000e+03   4.3610762e-04   9.9942778e-01   1.3611482e-04
   2.6210000e+03   1.8939486e-04   9.9897597e-01   8.3463596e-04
   2.6240000e+03   9.9923214e-01   7.6785912e-04   0.0000000e+00
   2.6140000e+03   1.2479435e-04   9.9866823e-01   1.2069804e-03
   2.6410000e+03   4.7209026e-04   9.9941860e-01   1.0930489e-04
   2.6530000e+03   9.9927906e-01   2.3583669e-06   7.1858157e-04
   2.6000000e+03   1.2393353e-04   9.9852457e-01   1.3514947e-03
   2.6020000e+03   9.9900305e-01   9.2762563e-04   6.9323329e-05
   2.6570000e+03   1.2362632e-03   1.9390048e-04   9.9856984e-01
   2.6090000e+03   1.0986295e-03   9.1826873e-05   9.9880954e-01
   2.6550000e+03   6.5387769e-04   2.4138112e-04   9.9910474e-01
   2.6350000e+03   1.0759804e-04   3.9335039e-04   9.9949905e-01
   3.9800000e+02   1.7081956e-04   9.9966836e-01   1.6081892e-04
   2.6250000e+03   1.5235848e-04   3.9527726e-04   9.9945236e-01
   2.6170000e+03   6.4410181e-05   1.3888768e-04   9.9979670e-01
   2.6270000e+03   9.9960603e-01   1.2231862e-04   2.7165038e-04
   2.5620000e+03   1.5297776e-04   1.2851491e-04   9.9971851e-01
   2.5620000e+03   3.3726316e-04   9.9902148e-01   6.4125218e-04
   2.5900000e+03   5.5952446e-04   9.9930761e-01   1.3286601e-04
   2.5880000e+03   1.4869567e-04   2.9843226e-04   9.9955287e-01
   2.5870000e+03   1.3276579e-04   5.3944517e-04   9.9932779e-01
   2.5820000e+03   2.8883649e-04   1.9031900e-04   9.9952084e-01
   2.5440000e+03   3.3302322e-04   9.9906303e-01   6.0394753e-04
   2.5990000e+03   9.9956374e-01   2.6587397e-04   1.7038707e-04
   2.5960000e+03   2.3739606e-04   9.9929924e-01   4.6335965e-04
   2.5370000e+03   1.9232244e-04   9.9957576e-01   2.3191712e-04
   2.5240000e+03   2.7935386e-04   9.9934078e-01   3.7986911e-04
   2.6030000e+03   4.8370505e-05   7.8539757e-04   9.9916623e-01
   2.5580000e+03   5.5651864e-05   9.9922166e-01   7.2268493e-04
   2.6060000e+03   1.5646017e-04   9.9836618e-01   1.4773639e-03
   2.5740000e+03   9.8365937e-05   9.9943715e-01   4.6448421e-04
   2.5460000e+03   8.1803933e-05   9.9906468e-01   8.5351804e-04
   2.5750000e+03   9.0197488e-04   9.9886711e-01   2.3092008e-04
   2.5730000e+03   6.9241717e-04   9.9919448e-01   1.1310282e-04
   2.5130000e+03   1.4417193e-04   9.9953284e-01   3.2298605e-04
   2.5690000e+03   1.2107611e-04   9.9959238e-01   2.8654311e-04
   2.5650000e+03   1.5745971e-04   3.3619773e-04   9.9950634e-01
   2.5590000e+03   6.3319736e-04   9.9923544e-01   1.3136213e-04
   2.5640000e+03   2.6714456e-04   3.8455196e-04   9.9934830e-01
   2.5570000e+03   6.6152047e-04   9.9923243e-01   1.0604888e-04
   2.4880000e+03   2.6379351e-04   1.3259879e-04   9.9960361e-01
   2.5260000e+03   7.5639086e-05   2.8532127e-04   9.9963904e-01
   2.5390000e+03   1.4397861e-04   3.3548067e-04   9.9952054e-01
   2.5280000e+03   9.9960402e-01   2.4897148e-04   1.4700764e-04
   2.5160000e+03   2.4328390e-04   9.9917126e-01   5.8545670e-04
   2.5300000e+03   1.9138194e-04   1.2138220e-04   9.9968724e-01
   2.5550000e+03   7.5109154e-04   9.9906924e-01   1.7966390e-04
   2.5200000e+03  -1.1156440e-16   9.9924635e-01   7.5365478e-04
   2.5320000e+03   9.9925772e-01   2.4397555e-04   4.9830207e-04
   2.4930000e+03   1.0820795e-04   9.9948948e-01   4.0231609e-04
   2.4950000e+03   2.5646251e-04   9.9923401e-01   5.0952980e-04
   2.5170000e+03   6.2557713e-04   9.9923877e-01   1.3565580e-04
   3.0200000e+02   1.0865639e-04   9.9984031e-01   5.1031340e-05
   2.5190000e+03   5.6885888e-04   9.9928870e-01   1.4244524e-04
   2.4600000e+03   9.9979998e-01   5.5865623e-05   1.4415469e-04
   2.4970000e+03   3.0160568e-04   2.0677362e-04   9.9949162e-01
   2.5050000e+03   4.4825425e-04   3.7470689e-04   9.9917704e-01
   2.4830000e+03   8.8472184e-04   3.1474910e-04   9.9880053e-01
   2.4980000e+03   1.3767626e-04   9.9974050e-01   1.2182189e-04
   2.8300000e+02   9.9240175e-05   9.9972266e-01   1.7809852e-04
   2.4540000e+03   4.6821472e-04   0.0000000e+00   9.9953179e-01
   2.4460000e+03   8.7104122e-05   1.4514292e-04   9.9976775e-01
   2.4840000e+03   8.1869978e-04   9.9897017e-01   2.1112624e-04
   2.6200000e+02   9.9988547e-01   9.2869373e-05   2.1659321e-05
   2.4750000e+03   9.9940499e-01   3.9629202e-04   1.9871406e-04
   2.4710000e+03   1.3589202e-04   9.9974645e-01   1.1765415e-04
   2.4580000e+03   8.8643022e-04   9.9880067e-01   3.1290059e-04
   2.4520000e+03   4.8058179e-04   9.9889780e-01   6.2161689e-04
   2.4200000e+03   8.4315373e-05   1.5119685e-04   9.9976449e-01
   2.6000000e+02   6.1278312e-05   9.9985879e-01   7.9934405e-05
   2.4470000e+03   1.8147247e-04   9.9970290e-01   1.1563042e-04
   2.4380000e+03   3.0425412e-04   1.2341937e-03   9.9846155e-01
   2.4170000e+03   9.9983768e-01   1.3265886e-04   2.9663366e-05
   2.5100000e+02   9.9986251e-01   7.8451012e-05   5.9036851e-05
   2.4270000e+03   8.3847042e-04   9.9873172e-01   4.2981248e-04
   2.4260000e+03   1.3356777e-04   2.0819712e-04   9.9965824e-01
   2.4230000e+03   2.8516364e-04   9.9956027e-01   1.5456652e-04
   2.4160000e+03   4.6064098e-05   9.9982312e-01   1.3081896e-04
   1.0000000e+00   9.9982407e-01   1.4705081e-04   2.8877837e-05
   2.4900000e+02   1.3911582e-04   6.2770767e-05   9.9979811e-01
   2.4010000e+03   9.9959993e-01   4.0007309e-04   0.0000000e+00
   2.4040000e+03   3.2120574e-15   9.9946436e-01   5.3564082e-04
   2.4050000e+03   1.5918612e-04   2.3615877e-04   9.9960466e-01
   2.3970000e+03   9.9947957e-01   5.2043431e-04   3.0740461e-15
   2.3910000e+03   2.8289938e-04   3.3428012e-04   9.9938282e-01
   2.3920000e+03  -5.8763758e-17   9.9937686e-01   6.2314439e-04
   2.3960000e+03   2.1963448e-04   4.8315209e-04   9.9929721e-01
   3.7020000e+03   9.9962168e-01   3.7832327e-04   0.0000000e+00
   2.3980000e+03   3.0561717e-04   4.8925416e-04   9.9920513e-01
   2.3850000e+03   4.2597432e-04   9.9930191e-01   2.7211341e-04
   2.3930000e+03   6.6300356e-05   9.9947307e-01   4.6062840e-04
   2.3760000e+03   2.4278086e-04   1.8006434e-04   9.9957715e-01
   2.3720000e+03   3.5398805e-04   3.4077194e-04   9.9930524e-01
   2.3820000e+03   4.7375330e-04   3.9128271e-15   9.9952625e-01
   2.2740000e+03   3.2526065e-19   9.9964998e-01   3.5002299e-04
   2.3610000e+03   6.6036381e-05   9.9951079e-01   4.2317810e-04
   2.2740000e+03   9.9949682e-01   1.8756707e-04   3.1561186e-04
   2.3410000e+03   3.9675527e-04   1.2294272e-04   9.9948030e-01
   2.3380000e+03   2.2826574e-04   9.9942288e-01   3.4885251e-04
   2.3360000e+03   3.0976868e-04   9.9893713e-01   7.5310396e-04
   2.3330000e+03   6.7648470e-04   1.4242894e-04   9.9918109e-01
   2.2720000e+03   1.5364726e-03   1.8231107e-04   9.9828122e-01
   2.3310000e+03   4.5843995e-04   3.0555118e-04   9.9923601e-01
   2.3220000e+03   2.3763946e-04   9.9902398e-01   7.3838061e-04
   3.2330000e+03   1.1102230e-16   9.5240560e-04   9.9904759e-01
   2.3190000e+03   8.2692335e-04   2.0289871e-04   9.9897018e-01
   2.3150000e+03   9.9892748e-01   6.2576346e-04   4.4675790e-04
   2.3100000e+03   9.2121730e-05   9.9913518e-01   7.7269344e-04
   2.3140000e+03  -6.4184769e-17   9.9975250e-01   2.4750087e-04
   2.3000000e+03   1.0537602e-03   5.0114845e-05   9.9889612e-01
   2.2970000e+03   1.1592117e-03   9.9856026e-01   2.8053254e-04
   2.2990000e+03   6.2912830e-05   7.9907493e-04   9.9913801e-01
   2.3870000e+03   4.7741210e-04   9.9920812e-01   3.1446852e-04
   2.3890000e+03   3.4461264e-04   9.9960486e-01   5.0529584e-05
   2.3790000e+03   4.8952298e-04   9.9912932e-01   3.8115897e-04
   2.3830000e+03   6.6328313e-06   9.9938762e-01   6.0575024e-04
   3.7050000e+03   9.9960693e-01   3.9306994e-04   1.2345228e-14
   3.6990000e+03   9.9959589e-01   4.0410722e-04   8.4797100e-15
   3.7030000e+03   1.8836489e-04   3.5944337e-04   9.9945219e-01
   3.7000000e+03   2.3023141e-04   9.9934279e-01   4.2697604e-04
   3.6870000e+03   9.9951386e-01   4.2178530e-04   6.4356934e-05
   2.3670000e+03   3.9563788e-04   9.9916089e-01   4.4346958e-04
   3.6960000e+03   9.9942288e-01   5.4453541e-04   3.2588807e-05
