   5.2400000e+02   2.9967476e-01   5.2115973e-01   1.7916552e-01
   5.6900000e+02   7.0164256e-03   9.0753835e-01   8.5445221e-02
   1.1955000e+04   3.0050873e-01   4.6192032e-01   2.3757095e-01
   6.3400000e+02   2.8846808e-02   5.2536961e-02   9.1861623e-01
   3.1000000e+02   7.2826638e-02   4.9814358e-01   4.2902978e-01
   3.8600000e+02   1.5358061e-01   7.5413301e-01   9.2286382e-02
   3.1200000e+02   9.8342528e-01   7.8286279e-03   8.7460942e-03
   3.1300000e+02   5.9463431e-02   9.4061656e-04   9.3959595e-01
   3.2500000e+02   1.7450922e-03   8.4561464e-01   1.5264026e-01
   4.9600000e+02   7.4417340e-03   9.8487926e-01   7.6790013e-03
   3.2100000e+02   5.3453273e-03   8.5308236e-01   1.4157231e-01
   3.1400000e+02   2.6244591e-01   4.4598032e-01   2.9157378e-01
   1.2890000e+03   4.7205116e-01   4.6735762e-01   6.0591226e-02
   6.1900000e+02   9.3756568e-03   2.3183931e-03   9.8830595e-01
   6.0700000e+02   6.8640520e-01   6.7726884e-02   2.4586792e-01
   3.2100000e+02   3.9963261e-02   1.8633768e-01   7.7369906e-01
   4.8700000e+02   9.6739644e-01   1.4757899e-02   1.7845661e-02
   3.2400000e+02   7.2629359e-02   9.2045737e-02   8.3532490e-01
   5.0200000e+02   1.2427229e-02   9.5911738e-01   2.8455391e-02
   2.5000000e+01   7.6926910e-03   2.2429993e-01   7.6800738e-01
   3.3000000e+02   2.5652371e-02   7.8302627e-03   9.6651737e-01
   1.1960000e+03   3.9027652e-01   3.3305101e-01   2.7667248e-01
   3.3200000e+02   8.8498988e-01   9.4854636e-02   2.0155486e-02
   3.2700000e+02   4.9675109e-02   5.5978464e-01   3.9054025e-01
   1.1657000e+04   1.5456002e-02   2.3422328e-03   9.8220177e-01
   3.3500000e+02   9.3820629e-01   3.8800645e-02   2.2993063e-02
   1.6923000e+04   9.8292094e-01   4.6332177e-03   1.2445842e-02
   1.6926000e+04   1.5229922e-02   1.1183020e-02   9.7358706e-01
   3.3700000e+02   0.0000000e+00   1.0000000e+00   0.0000000e+00
   1.3740000e+03   1.3454531e-02   9.1968458e-01   6.6860890e-02
   3.5600000e+02   1.1967120e-01   3.7409998e-01   5.0622883e-01
   1.1965000e+04   9.4112430e-01   4.9397191e-03   5.3935986e-02
   5.3100000e+02   1.8788260e-01   6.9175908e-01   1.2035832e-01
   1.6931000e+04   6.7430413e-02   1.6537403e-02   9.1603218e-01
   1.6933000e+04   8.5163038e-02   6.4377122e-02   8.5045984e-01
   3.4600000e+02   1.0000000e+00  -0.0000000e+00  -0.0000000e+00
   6.2500000e+02   8.2552847e-01   2.7613361e-02   1.4685817e-01
   3.6000000e+02   9.6153448e-01   1.4526851e-02   2.3938671e-02
   1.4110000e+03   6.7099245e-03   9.7660403e-01   1.6686045e-02
   4.3000000e+02   1.2620897e-02   4.3620309e-02   9.4375879e-01
   3.5100000e+02   1.1874295e-01   1.3969411e-01   7.4156294e-01
   1.4630000e+03   7.2723092e-01   4.8915313e-02   2.2385377e-01
   4.2700000e+02   8.0233559e-02   8.9926320e-01   2.0503237e-02
   3.5800000e+02   9.7302436e-03   1.2583368e-02   9.7768639e-01
   1.3860000e+03   7.1577742e-02   2.5860554e-01   6.6981672e-01
   6.3100000e+02   3.7681167e-01   4.6917166e-01   1.5401666e-01
   5.1200000e+02   7.2824026e-02   6.6066887e-01   2.6650710e-01
   4.3100000e+02   5.0077820e-01   3.5322571e-01   1.4599609e-01
   6.2600000e+02   1.7346275e-01   1.5122963e-01   6.7530763e-01
   5.1700000e+02   3.3398909e-03   9.6535304e-01   3.1307073e-02
   3.6700000e+02   3.0109811e-02   2.3245641e-02   9.4664455e-01
   3.6100000e+02   4.5101577e-01   4.4807128e-02   5.0417710e-01
   3.7900000e+02   2.2856576e-01   4.4886686e-01   3.2256739e-01
   5.3500000e+02   3.3705179e-01   4.4780309e-01   2.1514512e-01
   5.3000000e+02   1.9857781e-01   7.5705248e-01   4.4369708e-02
   3.6400000e+02   9.2538506e-02   3.3790306e-02   8.7367119e-01
   4.7800000e+02   8.1238676e-01   1.3514892e-01   5.2464319e-02
   1.3770000e+03   8.6901038e-01   1.9003415e-02   1.1198621e-01
   3.6600000e+02   9.4560192e-02   6.2147139e-01   2.8396842e-01
   3.7200000e+02   3.7791259e-01   2.2593295e-01   3.9615446e-01
   3.6900000e+02   1.6915301e-01   3.7889480e-04   8.3046810e-01
   3.7000000e+02   2.0442055e-01   7.6392195e-02   7.1918726e-01
   6.3000000e+02   5.4757538e-01   4.2781754e-01   2.4607080e-02
   4.4700000e+02   1.4307859e-02   9.8545580e-01   2.3634215e-04
   5.2100000e+02   1.2430528e-01   3.7959484e-01   4.9609988e-01
   3.7800000e+02   9.6379784e-01   3.1120493e-02   5.0816647e-03
   3.8100000e+02   6.5226186e-03   6.8413365e-01   3.0934373e-01
   3.8000000e+02   7.0187210e-01   2.5938962e-01   3.8738273e-02
   4.3600000e+02   1.8533155e-02   9.4955097e-01   3.1915875e-02
   4.4000000e+02   1.2093911e-01   3.9529596e-02   8.3953129e-01
   4.4600000e+02   8.8443340e-02   8.4037228e-01   7.1184381e-02
   3.9800000e+02   9.0057525e-01   7.2003048e-02   2.7421699e-02
   3.8800000e+02   0.0000000e+00   1.0000000e+00  -0.0000000e+00
   3.9300000e+02   3.6718427e-02   6.3030938e-15   9.6328157e-01
   3.9400000e+02   1.4984749e-01   3.1186573e-01   5.3828679e-01
   3.9400000e+02   9.4630061e-01   1.0436642e-02   4.3262743e-02
   3.9000000e+02   0.0000000e+00  -0.0000000e+00   1.0000000e+00
   4.0800000e+02   9.5354908e-02   8.3998027e-01   6.4664824e-02
   4.0500000e+02   2.5449882e-01   6.3357567e-01   1.1192551e-01
   4.0700000e+02   7.6670197e-02   3.3200199e-02   8.9012960e-01
   4.2500000e+02   1.8400551e-02   5.6217296e-03   9.7597772e-01
   4.1500000e+02   3.1813701e-02   6.7226755e-01   2.9591875e-01
   4.1000000e+02   2.6082307e-02   6.2260197e-01   3.5131572e-01
   5.0400000e+02   6.5351292e-02   7.0787035e-01   2.2677836e-01
   4.2000000e+02   9.9078978e-01   3.9632443e-03   5.2469786e-03
   4.1700000e+02   2.5223395e-01   1.0685186e-01   6.4091419e-01
   1.2147000e+04   8.9221041e-01   6.8748426e-02   3.9041163e-02
   4.2900000e+02   3.9484553e-01   2.1956754e-01   3.8558693e-01
   4.2300000e+02   5.6203232e-01   3.6138046e-01   7.6587220e-02
   4.2800000e+02   1.1092444e-01   2.2121499e-01   6.6786057e-01
   4.3500000e+02   2.3886981e-01   6.7544236e-01   8.5687832e-02
   4.3300000e+02   6.0029949e-02   1.3264584e-01   8.0732421e-01
   4.3700000e+02   1.7528285e-02   9.6694209e-01   1.5529623e-02
   5.1000000e+02   5.2796778e-02   3.9321526e-01   5.5398796e-01
   4.4300000e+02   1.9495373e-02   9.7149164e-01   9.0129903e-03
   1.6900000e+02   1.0065085e-01   8.7937484e-01   1.9974305e-02
   4.6800000e+02   4.0441828e-02   6.7568390e-02   8.9198978e-01
   4.5100000e+02   1.7773472e-01   7.6001649e-01   6.2248789e-02
   4.7200000e+02   8.7118545e-02   1.3347875e-01   7.7940270e-01
   5.5500000e+02   3.6770605e-02   2.8086892e-01   6.8236048e-01
   4.6200000e+02   2.3500420e-01   4.4147798e-01   3.2351783e-01
   4.6000000e+02   6.4849574e-01   3.4970758e-01   1.7966850e-03
   4.5200000e+02   5.8709398e-03   9.7458460e-01   1.9544464e-02
   4.7600000e+02   9.8195387e-01   1.1847388e-02   6.1987422e-03
   4.5700000e+02   1.6230807e-01   4.5256026e-01   3.8513167e-01
   4.5800000e+02   9.8715298e-02   4.2179298e-02   8.5910540e-01
   4.6500000e+02   3.6065089e-01   5.7247405e-01   6.6875055e-02
   4.7100000e+02   4.7414482e-01   4.1985044e-03   5.2165668e-01
   4.7400000e+02   9.3602134e-01   3.6199400e-02   2.7779259e-02
   4.8000000e+02   7.6072314e-01   1.0025301e-01   1.3902385e-01
   1.6150000e+03   2.8924240e-01   5.8961843e-02   6.5179576e-01
   4.8500000e+02   1.7375511e-03   9.8549939e-01   1.2763060e-02
   4.8500000e+02   6.1491691e-02   6.6042227e-02   8.7246608e-01
   4.8500000e+02   7.2541118e-01   1.0962298e-01   1.6496584e-01
   4.8800000e+02   7.3980060e-02   4.5789602e-01   4.6812392e-01
   4.9900000e+02   3.6282017e-04   9.8531344e-01   1.4323736e-02
   5.0200000e+02   5.0368114e-03   7.5202687e-02   9.1976050e-01
   4.9900000e+02   5.1609584e-01   1.8495305e-02   4.6540886e-01
   4.9700000e+02   3.9412329e-01   5.6094318e-01   4.4933533e-02
   5.0300000e+02   1.6028206e-02   1.4622480e-02   9.6934931e-01
   5.2000000e+02   5.8149923e-02   1.6190703e-01   7.7994305e-01
   5.2500000e+02   7.2600763e-01   5.5468862e-02   2.1852351e-01
   5.3900000e+02   5.5306021e-03   7.9589516e-04   9.9367350e-01
   5.6000000e+02   2.2791779e-02   5.0289035e-01   4.7431787e-01
   5.4000000e+02   2.2430747e-03   9.9351505e-01   4.2418725e-03
   5.3800000e+02   1.1109851e-01   6.2259669e-01   2.6630480e-01
   5.5000000e+02   9.9591547e-01   1.1420464e-05   4.0731144e-03
   5.4400000e+02   4.3550818e-01   5.3385049e-03   5.5915332e-01
   5.4300000e+02   3.9690955e-03   4.5171833e-03   9.9151372e-01
   2.2800000e+02   4.7196485e-03   2.6975844e-03   9.9258277e-01
   5.7800000e+02   2.6083516e-03   9.9482452e-01   2.5671289e-03
   2.5500000e+02   6.9560666e-03   9.8589016e-01   7.1537733e-03
   5.4700000e+02   1.1672726e-03   6.8925757e-01   3.0957516e-01
   5.7200000e+02   1.4692218e-03   9.9199364e-01   6.5371360e-03
   5.5000000e+02   4.3287645e-02   1.7231422e-01   7.8439813e-01
   5.8600000e+02   1.0766354e-02   1.4438232e-01   8.4485133e-01
   5.5100000e+02   9.9269693e-01   4.9272384e-03   2.3758267e-03
   5.6900000e+02   3.6320688e-02   7.0723080e-03   9.5660700e-01
   5.5800000e+02   4.7826736e-02   2.6599763e-02   9.2557350e-01
   5.6800000e+02   1.8681456e-02   5.4199175e-01   4.3932679e-01
   5.6300000e+02   7.9690979e-03   3.1634182e-03   9.8886748e-01
   5.6700000e+02   1.2422216e-02   5.2715119e-01   4.6042659e-01
   5.8400000e+02   1.2765955e-02   4.9312418e-03   9.8230280e-01
   5.7600000e+02   1.9359376e-03   2.6081461e-03   9.9545592e-01
   5.9200000e+02   1.6603445e-02   9.4783888e-01   3.5557678e-02
   5.7500000e+02   7.6095449e-02   7.3441279e-01   1.8949176e-01
   2.5900000e+02   2.1093847e-03   1.0975789e-02   9.8691483e-01
   2.5900000e+02   6.5874430e-01   2.4105101e-01   1.0020469e-01
   5.9900000e+02   8.4619887e-02   2.1897818e-01   6.9640193e-01
   6.0500000e+02   1.3107388e-02   1.2957788e-02   9.7393482e-01
   5.7900000e+02   6.1637566e-03   9.1954608e-01   7.4290162e-02
   5.8400000e+02   1.1102230e-16   1.0000000e+00   0.0000000e+00
   5.9600000e+02   6.4887690e-01   9.3091039e-02   2.5803206e-01
   6.0600000e+02   2.4809871e-01   1.1138956e-01   6.4051172e-01
   6.3700000e+02   4.5531472e-01   3.0390462e-02   5.1429482e-01
   6.0200000e+02   9.0318933e-01   8.4993735e-02   1.1816930e-02
   2.8100000e+02   5.5616708e-02   1.8383593e-01   7.6054736e-01
   6.0300000e+02   6.3085779e-03   9.6104720e-01   3.2644220e-02
   6.1200000e+02   5.3461052e-03   9.7914080e-01   1.5513093e-02
   6.2100000e+02   4.6502741e-01   2.0777188e-01   3.2720071e-01
   6.1200000e+02   4.2941474e-02   4.6602425e-02   9.1045610e-01
   6.1400000e+02   1.7851955e-02   9.3904002e-01   4.3108029e-02
   6.2700000e+02   2.5674395e-01   6.1870005e-01   1.2455600e-01
   5.0000000e+00   8.0854484e-01   5.4174489e-04   1.9091341e-01
   7.8000000e+01   1.6075829e-02   7.4620831e-01   2.3771586e-01
   8.0000000e+00   1.6816614e-02   5.5134217e-01   4.3184122e-01
   9.0000000e+00   6.7183917e-01   1.0775852e-02   3.1738498e-01
   1.9000000e+01   4.6895965e-01   4.7611789e-01   5.4922464e-02
   1.8000000e+01   6.4276070e-01   1.5940260e-01   1.9783670e-01
   1.5000000e+01   9.5528195e-02   4.2433098e-01   4.8014083e-01
   1.1000000e+01   6.4141317e-01   4.8587888e-02   3.0999894e-01
   6.7500000e+02   4.1862942e-01   5.1220191e-01   6.9168679e-02
   2.8200000e+02   2.6911559e-01   1.6092086e-01   5.6996355e-01
   1.2000000e+01   2.4432119e-02   1.9213385e-02   9.5635450e-01
   1.8000000e+01   8.9079919e-02   1.4702387e-02   8.9621769e-01
   1.8300000e+02   7.2162972e-01   2.4822623e-01   3.0144046e-02
   2.2000000e+01   1.4831962e-01   8.2454917e-02   7.6922547e-01
   1.8900000e+02   8.9736003e-02   8.4571039e-01   6.4553607e-02
   2.3000000e+01   5.0564852e-01   2.0813807e-01   2.8621341e-01
   2.8700000e+02   9.6255741e-01   3.5612045e-02   1.8305456e-03
   2.7000000e+01   5.2046688e-03   8.2593809e-02   9.1220152e-01
   2.8000000e+01   6.6562142e-03   9.5975550e-01   3.3588286e-02
   7.5900000e+02   8.1341744e-01   6.5271531e-02   1.2131103e-01
   4.8000000e+01   5.9212820e-01   3.4518568e-01   6.2686119e-02
   1.6083000e+04   3.8720737e-02   7.0503542e-02   8.9077572e-01
   2.0900000e+02   8.3419852e-01   7.3950207e-03   1.5840646e-01
   1.6070000e+04   2.3753063e-01   4.4184454e-01   3.2062483e-01
   1.6079000e+04   2.0725415e-01   4.3925533e-02   7.4882032e-01
   3.6000000e+01   9.7314725e-01   4.4699249e-03   2.2382826e-02
   4.0000000e+01   3.8119617e-03   3.3867165e-02   9.6232087e-01
   4.2000000e+01   9.8957434e-01   1.8853197e-03   8.5403377e-03
   2.0100000e+02   3.9786022e-02   8.8201297e-01   7.8201011e-02
   3.9000000e+01   3.7770601e-01   6.2184239e-01   4.5159679e-04
   4.7000000e+01   2.9774437e-01   8.7940425e-02   6.1431521e-01
   4.7000000e+01   9.3684964e-03   9.6264041e-01   2.7991092e-02
   4.6000000e+01   1.0998851e-01   8.8855798e-01   1.4535144e-03
   1.1900000e+02   5.2457003e-02   2.4154187e-02   9.2338881e-01
   1.1800000e+02   5.2341777e-01   1.1512526e-01   3.6145698e-01
   7.7900000e+02   2.3149377e-02   9.7035845e-01   6.4921689e-03
   2.0000000e+02   6.1929991e-03   9.2337833e-01   7.0428670e-02
   3.8000000e+01   1.5100352e-01   8.4507170e-01   3.9247873e-03
   6.1000000e+01   4.4060616e-02   8.6636133e-01   8.9578057e-02
   6.1000000e+01   7.8717502e-01   1.0497578e-01   1.0784920e-01
   2.5400000e+02   2.4969982e-02   9.5572374e-01   1.9306279e-02
   1.5500000e+02   1.5968212e-01   3.5601211e-01   4.8430577e-01
   1.6700000e+02   1.2173522e-01   1.3811095e-01   7.4015383e-01
   5.7000000e+01   8.6973943e-01   4.7306016e-02   8.2954552e-02
   5.8000000e+01   1.9751613e-01   5.4413103e-01   2.5835284e-01
   1.5700000e+02   4.8694818e-01   3.8266793e-01   1.3038389e-01
   6.9000000e+01   4.4788503e-01   2.7141469e-01   2.8070028e-01
   2.0400000e+02   2.9281284e-03   2.8736058e-03   9.9419827e-01
   6.6000000e+01   7.1169296e-01   2.2956761e-01   5.8739430e-02
   2.0800000e+02   7.6339732e-01   1.9329059e-01   4.3312090e-02
   3.0600000e+02   9.7364787e-02   4.0097620e-01   5.0165902e-01
   1.3700000e+02   2.5806352e-02   9.1578318e-01   5.8410469e-02
   3.3000000e+01   4.9194463e-01   4.9116237e-01   1.6893002e-02
   1.6228000e+04   2.2496520e-02   6.2920203e-01   3.4830145e-01
   1.3100000e+02   6.0459555e-01   3.1879350e-03   3.9221652e-01
   1.3500000e+02   9.7235779e-01   1.2699904e-02   1.4942309e-02
   1.3900000e+02   8.0850058e-02   8.7971001e-01   3.9439930e-02
   8.5000000e+01   9.9080550e-01   9.1945029e-03   0.0000000e+00
   9.8000000e+01   1.0949581e-01   8.7790313e-01   1.2601058e-02
   8.3000000e+01   0.0000000e+00  -0.0000000e+00   1.0000000e+00
   1.9100000e+02   9.9288522e-01   5.3696131e-03   1.7451638e-03
   8.6000000e+01   0.0000000e+00  -0.0000000e+00   1.0000000e+00
   1.9200000e+02   9.2730496e-01   2.7165507e-02   4.5529535e-02
   8.4000000e+01   0.0000000e+00   0.0000000e+00   1.0000000e+00
   1.0700000e+02   7.6896530e-01   1.8766847e-01   4.3366224e-02
   9.9000000e+01   9.1715730e-01   6.9623674e-02   1.3219025e-02
   9.9000000e+01   6.0300996e-02   6.5017477e-01   2.8952424e-01
   9.3000000e+01   3.4327432e-02   8.5245319e-02   8.8042725e-01
   9.6000000e+01   8.0921211e-01   5.8386094e-02   1.3240180e-01
   1.0400000e+02   5.3573367e-02   5.1186875e-02   8.9523976e-01
   1.1300000e+02   6.7863265e-03   2.9569869e-02   9.6364380e-01
   1.9900000e+02   9.3539836e-01   5.6251933e-03   5.8976447e-02
   1.3500000e+02   4.6692498e-02   1.2856796e-02   9.4045071e-01
   1.3300000e+02   9.7161295e-01   1.9594971e-02   8.7920800e-03
   1.3900000e+02   9.2663825e-01   2.7684120e-02   4.5677629e-02
   1.4600000e+02   7.3016900e-01   2.1969511e-01   5.0135893e-02
   1.6200000e+02   9.7758299e-01   1.8593590e-02   3.8234226e-03
   2.3900000e+02   9.9959327e-03   2.2415797e-01   7.6584610e-01
   1.6300000e+02   1.3519771e-02   9.8429926e-01   2.1809658e-03
   1.4400000e+02   1.1016485e-02   9.7008153e-01   1.8901984e-02
   1.5000000e+02   2.1484233e-03   9.6514415e-01   3.2707424e-02
   1.4800000e+02   6.8412587e-02   2.8116292e-01   6.5042449e-01
   1.6400000e+02   9.7372027e-01   8.3455118e-03   1.7934219e-02
   1.4900000e+02   4.7572859e-01   1.4582400e-01   3.7844741e-01
   1.5400000e+02   5.6300076e-01   3.6197511e-01   7.5024129e-02
   1.0150000e+03   2.2275431e-02   8.6974696e-01   1.0797761e-01
   1.6600000e+02   6.4885405e-01   1.2430032e-01   2.2684564e-01
   1.6300000e+02   9.1020691e-01   4.8708616e-02   4.1084472e-02
   1.6000000e+02   2.7151720e-02   4.7109095e-01   5.0175733e-01
   1.7200000e+02   3.9280012e-02   6.5910116e-01   3.0161883e-01
   1.0230000e+03   7.1431919e-03   9.6932922e-01   2.3527592e-02
   7.6200000e+02   4.7132000e-01   4.2887336e-01   9.9806647e-02
   1.7300000e+02   1.3187988e-01   2.4446176e-02   8.4367395e-01
   1.7300000e+02   1.4186255e-01   6.8436621e-01   1.7377124e-01
   1.8000000e+02   8.5464106e-02   7.4833761e-02   8.3970213e-01
   1.8700000e+02   1.2777164e-02   7.0132962e-01   2.8589322e-01
   1.8600000e+02   4.8876031e-01   4.3153360e-02   4.6808633e-01
   1.8900000e+02   9.1597526e-01   6.5965568e-02   1.8059172e-02
   1.8500000e+02   2.0360421e-02   5.8756480e-01   3.9207478e-01
   1.9700000e+02   8.7847651e-01   3.1859938e-02   8.9663551e-02
   1.9800000e+02   1.0000000e+00  -0.0000000e+00  -0.0000000e+00
   2.2400000e+02   3.0497522e-01   9.6528430e-03   6.8537193e-01
   2.2000000e+02   1.1963874e-01   3.3556004e-01   5.4480123e-01
   2.1600000e+02   1.8271714e-01   1.6013281e-01   6.5715005e-01
   2.1700000e+02   5.4175377e-01   4.1212804e-02   4.1703343e-01
   2.4200000e+02   9.8814314e-01   6.3345295e-03   5.5223303e-03
   2.4400000e+02   4.9318881e-01   2.5394194e-02   4.8141699e-01
   2.3100000e+02   5.5489490e-03   4.1505813e-03   9.9030047e-01
   2.3700000e+02   6.6290111e-03   5.1041209e-03   9.8826687e-01
   2.3900000e+02   5.9077727e-02   8.9599931e-01   4.4922963e-02
   2.2900000e+02   6.1162594e-01   2.4210552e-03   3.8595301e-01
   2.3400000e+02   3.4887478e-02   7.2072291e-01   2.4438961e-01
   2.6400000e+02   2.5735789e-03   9.8492609e-01   1.2500327e-02
   2.4800000e+02   9.8222295e-01   8.9214567e-03   8.8555951e-03
   2.5300000e+02   8.9250963e-01   1.0409878e-01   3.3915862e-03
   2.4700000e+02   4.2634301e-02   5.4630040e-01   4.1106530e-01
   2.4300000e+02   5.5904262e-02   9.1847055e-04   9.4317727e-01
   2.5200000e+02   4.7702341e-01   1.2036524e-02   5.1094006e-01
   2.4800000e+02   2.5722504e-02   9.4434292e-01   2.9934574e-02
   2.5100000e+02   4.4751204e-01   5.2904807e-01   2.3439896e-02
   2.5800000e+02   1.8153889e-01   3.2890698e-03   8.1517204e-01
   2.6100000e+02   6.3633243e-01   3.5932839e-01   4.3391823e-03
   2.6000000e+02   1.5450646e-01   5.7662053e-02   7.8783149e-01
   2.6200000e+02   1.2639293e-03   9.3155779e-01   6.7178282e-02
   2.6700000e+02   1.6376594e-02   8.9721621e-01   8.6407198e-02
   2.6600000e+02   9.9723927e-01   2.6731209e-03   8.7609126e-05
   2.7200000e+02   6.8097330e-01   1.6665702e-01   1.5236968e-01
   6.0600000e+02   9.4563623e-01   2.3464176e-02   3.0899589e-02
   1.5876000e+04   2.6660426e-01   2.2734782e-02   7.1066096e-01
   6.3700000e+02   4.0636662e-02   8.5318087e-01   1.0618247e-01
   2.8500000e+02   4.9294212e-01   1.7031576e-01   3.3674213e-01
   2.9500000e+02   4.5658954e-01   1.8203306e-01   3.6137740e-01
   1.6942000e+04   2.2480864e-02   1.3063999e-02   9.6445514e-01
   3.0400000e+02   3.2808199e-01   3.1884050e-01   3.5307750e-01
   8.4900000e+02   5.6125141e-02   5.1515173e-01   4.2872313e-01
   6.7000000e+01   2.9037871e-01   6.6412313e-01   4.5498159e-02
   6.4800000e+02   3.9029244e-01   3.5373932e-01   2.5596824e-01
   6.3600000e+02   4.0398582e-02   2.3407968e-01   7.2552174e-01
   6.4700000e+02   9.3457659e-01   6.5423414e-02   0.0000000e+00
   6.4100000e+02   2.0997853e-01   4.8195236e-01   3.0806912e-01
   1.5870000e+04   1.9451690e-02   2.3420648e-01   7.4634183e-01
   1.3630000e+03   2.4087174e-02   2.4036644e-01   7.3554639e-01
   3.3100000e+02   5.1034857e-02   1.4833769e-01   8.0062745e-01
   1.7930000e+03   1.7626138e-03   9.9064552e-01   7.5918626e-03
   1.3740000e+03   2.5024439e-01   2.3269883e-01   5.1705678e-01
   3.5000000e+02   9.5702900e-01   2.6079142e-02   1.6891853e-02
   1.3830000e+03   6.9020746e-02   3.4741136e-01   5.8356789e-01
   3.5100000e+02   2.2380066e-02   9.4421354e-01   3.3406394e-02
   3.5700000e+02   3.0917765e-02   8.8596010e-03   9.6022263e-01
   1.6360000e+03   3.5439470e-02   6.7319852e-01   2.9136201e-01
   1.6230000e+03   6.2484329e-01   7.3239038e-02   3.0191767e-01
   7.5800000e+02   1.7344379e-02   2.0467686e-01   7.7797876e-01
   6.8400000e+02   9.4273694e-03   7.0163205e-01   2.8894058e-01
   6.8900000e+02   9.5460966e-02   6.9781985e-01   2.0671918e-01
   1.2020000e+03   2.0954712e-01   1.9356073e-02   7.7109680e-01
   1.2030000e+03   6.3488790e-02   8.7909647e-01   5.7414737e-02
   4.0000000e+01   2.6078254e-02   9.5703002e-01   1.6891730e-02
   7.9600000e+02   8.6903548e-01   1.0818287e-01   2.2781650e-02
   7.7300000e+02   2.8572518e-01   5.3783707e-02   6.6049112e-01
   1.0130000e+03   1.6658049e-01   6.2400502e-01   2.0941449e-01
   1.2620000e+03   2.1719046e-01   5.9407356e-01   1.8873598e-01
   1.2630000e+03   3.5918613e-04   5.6290143e-01   4.3673938e-01
   1.5600000e+03   4.2005994e-02   9.3103842e-01   2.6955590e-02
   1.2630000e+03   2.1547983e-01   3.4558495e-01   4.3893522e-01
   6.5100000e+02   2.6060338e-01   5.5989703e-02   6.8340691e-01
   1.6920000e+03   2.1997487e-01   6.6959598e-01   1.1042916e-01
   1.6990000e+03   4.7961061e-01   8.9510772e-02   4.3087861e-01
   1.2780000e+03   4.0112660e-01   1.4823892e-01   4.5063448e-01
   1.6540000e+03   7.1388248e-02   7.7085363e-02   8.5152639e-01
   1.2670000e+03   5.7705656e-01   5.4242944e-02   3.6870049e-01
   1.3550000e+03   2.7158487e-02   9.6935058e-01   3.4909282e-03
   1.3520000e+03   1.8517979e-02   9.3203563e-01   4.9446390e-02
   1.2650000e+03   7.7187333e-03   9.4150561e-01   5.0775655e-02
   1.2700000e+03   2.3267064e-02   9.3401846e-03   9.6739275e-01
   1.2680000e+03   5.6992003e-02   8.5958946e-02   8.5704905e-01
   1.2760000e+03   7.1165074e-02   8.5831503e-01   7.0519898e-02
   1.2720000e+03   8.8037167e-02   7.5348999e-01   1.5847285e-01
   1.7350000e+03   1.1895373e-02   5.9703017e-01   3.9107446e-01
   1.7370000e+03   1.6188933e-01   8.7850486e-02   7.5026018e-01
   1.2740000e+03   6.7214689e-01   5.2814973e-02   2.7503814e-01
   1.2780000e+03   4.1629759e-01   4.6415577e-01   1.1954664e-01
   1.7340000e+03   2.4883185e-01   1.7669443e-01   5.7447372e-01
   1.7350000e+03   9.4592721e-01   1.9849576e-02   3.4223214e-02
   1.2810000e+03   8.9852841e-01   3.2635745e-02   6.8835844e-02
   1.2830000e+03   1.3055784e-01   7.3325143e-01   1.3619073e-01
   1.8080000e+03   9.8143319e-01   4.0193336e-03   1.4547477e-02
   1.2860000e+03   3.1373232e-02   6.1061084e-01   3.5801593e-01
   1.2840000e+03   1.8781330e-02   8.4387733e-01   1.3734134e-01
   1.2940000e+03   6.5560273e-01   2.1664219e-01   1.2775508e-01
   1.8100000e+03   8.4567696e-01   2.4715190e-03   1.5185152e-01
   1.8100000e+03   1.8027560e-03   1.2205968e-01   8.7613757e-01
   1.3060000e+03   4.4143314e-01   2.4963801e-01   3.0892884e-01
   1.2990000e+03   2.2179803e-01   4.6935989e-04   7.7773261e-01
   1.3010000e+03   2.0161840e-01   5.9894898e-01   1.9943262e-01
   1.2980000e+03   6.9011352e-03   9.8447046e-01   8.6284031e-03
   1.2970000e+03   7.9687089e-01   1.9276806e-01   1.0361057e-02
   1.3050000e+03   9.0789060e-01   6.6984914e-02   2.5124483e-02
   1.3080000e+03   1.5015735e-03   9.8948339e-01   9.0150334e-03
   1.7740000e+03   6.7147712e-02   4.0355597e-03   9.2881673e-01
   1.8380000e+03   9.2874632e-02   7.4932271e-01   1.5780266e-01
   1.8400000e+03   8.4475429e-01   1.1592529e-01   3.9320426e-02
   1.3130000e+03   8.9474959e-03   2.0942987e-02   9.7010952e-01
   1.8510000e+03   9.9089577e-01   5.5353277e-03   3.5689005e-03
   1.6850000e+03   1.0077113e-03   9.4200142e-03   9.8957227e-01
   1.8450000e+03   3.8972546e-03   9.8922133e-01   6.8814172e-03
   1.7790000e+03   2.1217229e-02   9.7216751e-01   6.6152565e-03
   1.4310000e+03   5.4650338e-01   3.5007933e-01   1.0341728e-01
   1.6570000e+03   3.6900454e-01   2.8844412e-01   3.4255133e-01
   1.5890000e+03   1.0190616e-01   1.0959403e-01   7.8849981e-01
   1.3180000e+03   9.7952289e-01   1.3484006e-02   6.9930994e-03
   1.6240000e+03   2.2647029e-02   4.7630477e-01   5.0104820e-01
   1.3170000e+03   7.6771365e-01   1.2785239e-01   1.0443396e-01
   1.5990000e+03   2.1455228e-01   2.7871403e-01   5.0673369e-01
   1.6060000e+03   7.2067701e-01   1.7770834e-01   1.0161466e-01
   1.5320000e+03   3.7671207e-01   4.9431644e-01   1.2897150e-01
   1.3200000e+03   6.4673848e-01   2.3828721e-01   1.1497431e-01
   1.3320000e+03   5.2290709e-02   4.3406067e-02   9.0430322e-01
   1.6320000e+03   2.8717066e-01   4.9064817e-01   2.2218117e-01
   1.0060000e+03   7.6337215e-01   5.8640113e-02   1.7798774e-01
   1.3230000e+03   2.2125475e-01   2.9186890e-02   7.4955836e-01
   1.6330000e+03   1.0142695e-02   9.7121420e-01   1.8643102e-02
   1.3290000e+03   7.5436200e-01   2.0371700e-01   4.1920999e-02
   7.2000000e+02   2.5153490e-17   9.9482101e-01   5.1789894e-03
   1.0250000e+03   3.4159446e-01   1.5619378e-01   5.0221176e-01
   1.3310000e+03   2.3975941e-01   3.8345923e-01   3.7678135e-01
   1.3300000e+03   1.6698448e-02   2.9355554e-02   9.5394600e-01
   1.3270000e+03   9.1798544e-02   8.9862699e-01   9.5744611e-03
   1.3350000e+03   3.9415636e-02   9.1995256e-01   4.0631806e-02
   1.6560000e+03   1.0091836e-02   2.4404249e-02   9.6550391e-01
   1.8560000e+03   3.3584405e-01   1.1826328e-02   6.5232963e-01
   1.3390000e+03   1.2636162e-01   2.9134183e-01   5.8229655e-01
   1.4050000e+03   3.7458677e-02   5.4664387e-01   4.1589746e-01
   1.3440000e+03   9.5327466e-01   2.8865020e-02   1.7860321e-02
   1.6890000e+03   1.5414678e-01   6.5526339e-01   1.9058982e-01
   1.4480000e+03   9.7321730e-02   7.9545608e-01   1.0722219e-01
   1.3420000e+03   1.6098392e-01   2.8221150e-01   5.5680458e-01
   1.3730000e+03   8.7036088e-01   1.1104696e-01   1.8592153e-02
   1.3470000e+03   5.8405988e-02   7.1788502e-02   8.6980551e-01
   1.3500000e+03   7.1673605e-01   2.7219638e-01   1.1067572e-02
   1.3570000e+03   7.6005712e-01   6.4004548e-02   1.7593833e-01
   1.3680000e+03   1.9932542e-01   2.0617565e-01   5.9449893e-01
   1.4580000e+03   8.8463719e-01   8.0158952e-02   3.5203853e-02
   1.4600000e+03   8.7748562e-02   5.1873232e-02   8.6037821e-01
   1.3750000e+03   2.1865289e-01   4.2040359e-01   3.6094352e-01
   1.3780000e+03   5.5338423e-02   2.8622935e-01   6.5843223e-01
   1.4180000e+03   8.5973221e-02   9.1313559e-01   8.9119222e-04
   1.3870000e+03   6.3369540e-02   3.7802240e-01   5.5860806e-01
   1.3860000e+03   0.0000000e+00   1.0000000e+00  -0.0000000e+00
   1.3950000e+03   2.0292896e-01   4.9696839e-01   3.0010265e-01
   1.3920000e+03   1.0739177e-01   2.6132661e-01   6.3128163e-01
   1.3890000e+03   1.0000000e+00  -0.0000000e+00  -0.0000000e+00
   1.3930000e+03   5.7693481e-02   7.9351310e-01   1.4879342e-01
   1.4000000e+03   5.0165338e-02   1.1728878e-01   8.3254588e-01
   1.5270000e+03   5.4701240e-01   4.5284705e-01   1.4054679e-04
   1.4010000e+03   2.2544299e-01   1.3531336e-01   6.3924366e-01
   1.4530000e+03   9.3389059e-02   8.9103398e-01   1.5576964e-02
   1.4030000e+03   2.1794431e-02   2.4839638e-01   7.2980919e-01
   1.4610000e+03   1.5690134e-01   7.6585009e-01   7.7248575e-02
   1.4020000e+03   2.2912459e-01   6.3867032e-01   1.3220510e-01
   1.4400000e+03   4.6349593e-02   1.0916930e-01   8.4448111e-01
   1.4130000e+03   1.3965825e-01   7.4164066e-01   1.1870109e-01
   1.4150000e+03   8.5796220e-01   7.2619779e-02   6.9418018e-02
   1.4190000e+03   4.1568030e-02   2.3105832e-01   7.2737365e-01
   1.4250000e+03   8.0527226e-01   6.4300172e-02   1.3042757e-01
   1.4360000e+03   2.6148936e-01   6.4294904e-01   9.5561595e-02
   1.4670000e+03   1.9295270e-01   3.6002910e-01   4.4701820e-01
   1.4290000e+03   1.4770331e-03   9.7940969e-02   9.0058200e-01
   1.4660000e+03   8.6179101e-01   1.3344463e-01   4.7643591e-03
   1.4350000e+03   1.4019466e-01   1.4824931e-01   7.1155603e-01
   1.8570000e+03   7.4184319e-01   1.2646398e-01   1.3169284e-01
   1.4380000e+03   7.8621918e-01   2.8766340e-03   2.1090418e-01
   1.4390000e+03   4.2727996e-01   4.7050900e-01   1.0221104e-01
   1.4470000e+03   1.1398982e-01   1.4426997e-01   7.4174020e-01
   1.6950000e+03   5.8431827e-01   7.0540051e-02   3.4514168e-01
   1.4620000e+03   2.6741973e-01   8.5530885e-02   6.4704939e-01
   1.4850000e+03   5.0117405e-02   9.3666345e-01   1.3219143e-02
   1.5100000e+03   8.6543940e-01   2.8454327e-02   1.0610628e-01
   1.4710000e+03   5.2710507e-01   3.7460016e-01   9.8294771e-02
   1.5000000e+03   9.6554136e-01   3.1138549e-02   3.3200920e-03
   1.6650000e+03   6.4383479e-03   9.1704933e-02   9.0185672e-01
   1.6410000e+03   5.9130934e-01   2.5064609e-01   1.5804457e-01
   1.4750000e+03   7.5191930e-01   5.5943748e-02   1.9213695e-01
   1.4940000e+03   1.7378710e-01   7.7914030e-01   4.7072600e-02
   1.4780000e+03   5.6716327e-02   1.5852642e-01   7.8475725e-01
   3.0020000e+03   4.1908335e-02   8.1489796e-01   1.4319371e-01
   1.4830000e+03   6.4913925e-02   2.5818237e-01   6.7690371e-01
   1.4810000e+03   9.9013777e-01   8.4794640e-03   1.3827641e-03
   1.5150000e+03   1.6071495e-01   8.3860111e-01   6.8393476e-04
   1.5580000e+03   6.4378498e-01   3.2214948e-01   3.4065535e-02
   1.5470000e+03   2.9285435e-01   2.6584238e-01   4.4130327e-01
   1.4870000e+03   1.9725111e-02   6.8046468e-01   2.9981020e-01
   1.4700000e+03   1.7350549e-01   1.8218086e-02   8.0827642e-01
   2.9980000e+03   1.3093570e-01   3.6519709e-01   5.0386721e-01
   1.4900000e+03   2.3407305e-01   3.6860329e-02   7.2906662e-01
   1.4930000e+03   9.5111050e-01   2.0288836e-02   2.8600660e-02
   1.4910000e+03   3.7292582e-01   8.3799762e-02   5.4327442e-01
   1.4970000e+03   6.1466247e-01   3.2430077e-01   6.1036756e-02
   1.6040000e+03   1.2410029e-01   5.0195386e-01   3.7394585e-01
   1.5170000e+03   8.5520712e-01   2.6367017e-02   1.1842587e-01
   1.5020000e+03   1.5727178e-02   8.6836133e-01   1.1591149e-01
   1.5040000e+03   2.1187870e-03   9.0632029e-01   9.1560927e-02
   1.5300000e+03   2.0144119e-03   2.5208978e-01   7.4589581e-01
   1.5040000e+03   9.6631900e-01   2.3205926e-02   1.0475078e-02
   1.4990000e+03   7.4456655e-02   8.2746220e-01   9.8081141e-02
   1.5140000e+03   3.2204528e-01   5.3939375e-01   1.3856097e-01
   1.5250000e+03   4.1794541e-01   5.3077221e-01   5.1282382e-02
   1.5210000e+03   4.8067395e-01   2.7016802e-01   2.4915803e-01
   1.5220000e+03   4.1167421e-02   6.3906141e-01   3.1977117e-01
   1.5350000e+03   9.5127163e-01   3.6528894e-02   1.2199478e-02
   1.4260000e+03   8.1648180e-02   8.9992606e-01   1.8425760e-02
   1.5410000e+03   7.5669465e-02   9.0190018e-01   2.2430356e-02
   1.5370000e+03   3.4625614e-02   9.6226956e-01   3.1048286e-03
   1.6620000e+03   2.2075529e-01   1.1866097e-01   6.6058374e-01
   1.5430000e+03   8.5903757e-04   9.6638840e-01   3.2752566e-02
   1.5510000e+03   5.0390456e-01   9.3736568e-02   4.0235887e-01
   1.5540000e+03   1.2933916e-01   3.4750134e-01   5.2315950e-01
   1.5590000e+03   4.5330074e-01   5.0535556e-01   4.1343704e-02
   1.8730000e+03   8.4908465e-01   1.4763256e-01   3.2827889e-03
   1.5450000e+03   4.5056977e-01   1.3011914e-01   4.1931109e-01
   3.0140000e+03   3.4246685e-01   1.3558698e-01   5.2194617e-01
   1.5490000e+03   2.0893410e-01   4.1326301e-02   7.4973960e-01
   1.2620000e+03   2.7369213e-02   2.1992151e-01   7.5270928e-01
   3.0100000e+03   5.3403782e-01   6.6299087e-02   3.9966309e-01
   1.5590000e+03   2.7449861e-01   2.2611156e-01   4.9938982e-01
   1.5640000e+03   5.7342740e-02   5.1064853e-01   4.3200873e-01
   1.5610000e+03   1.0602984e-02   5.9097175e-01   3.9842527e-01
   1.5660000e+03   4.2144094e-02   7.9948488e-02   8.7790742e-01
   9.4900000e+02   9.2474908e-01   7.9511834e-03   6.7299735e-02
   1.3160000e+03   7.0733103e-01   1.7566672e-01   1.1700225e-01
   9.4900000e+02   1.1956042e-01   1.1576893e-01   7.6467065e-01
   1.5640000e+03   5.9083167e-01   9.5023670e-02   3.1414466e-01
   1.8610000e+03   1.3247150e-01   5.1332986e-01   3.5419864e-01
   1.5650000e+03   4.7184805e-01   4.7031054e-01   5.7841409e-02
   1.8620000e+03   8.7596181e-02   9.0914627e-01   3.2575476e-03
   1.8630000e+03   4.3188620e-03   9.8530592e-01   1.0375213e-02
   1.5760000e+03   7.0751862e-01   2.7897167e-01   1.3509710e-02
   1.6020000e+03   3.8436035e-02   1.0591622e-01   8.5564774e-01
   1.5750000e+03   2.4647724e-02   6.0605921e-01   3.6929306e-01
   1.5790000e+03   3.1711101e-01   5.0727643e-01   1.7561256e-01
   1.5680000e+03   3.2984328e-01   1.2306895e-02   6.5784982e-01
   9.7700000e+02   4.9004489e-01   8.3356061e-02   4.2659904e-01
   1.5900000e+03   5.3833616e-02   7.0469990e-03   9.3911938e-01
   1.5860000e+03   8.5449404e-01   8.3572204e-02   6.1933752e-02
   1.5810000e+03   9.2844599e-01   6.3419300e-02   8.1347108e-03
   1.5900000e+03   2.9055227e-01   6.4840748e-01   6.1040252e-02
   1.5900000e+03   7.0998466e-01   2.4497033e-01   4.5045009e-02
   1.6090000e+03   1.5515391e-02   8.0480065e-01   1.7968395e-01
   1.5820000e+03   6.7293349e-02   4.8088893e-01   4.5181772e-01
   1.5970000e+03   8.4233068e-01   3.9671600e-02   1.1799772e-01
   1.6120000e+03   1.7378239e-02   8.1893687e-01   1.6368489e-01
   1.6250000e+03   6.9944494e-01   1.2648783e-02   2.8790628e-01
   1.6290000e+03   1.6981329e-02   4.9520973e-01   4.8780894e-01
   1.6380000e+03   3.7482489e-02   6.7896877e-01   2.8354874e-01
   1.6420000e+03   3.8279820e-02   6.3462141e-02   8.9825804e-01
   1.6640000e+03   8.2629040e-01   1.3816916e-01   3.5540441e-02
   1.6450000e+03   9.1286533e-01   5.5931159e-02   3.1203514e-02
   1.6550000e+03   2.4483528e-01   7.3418826e-01   2.0976460e-02
   1.6450000e+03   3.0798646e-02   1.7447382e-02   9.5175397e-01
   1.6590000e+03   8.5379824e-03   2.0073356e-01   7.9072846e-01
   1.6580000e+03   1.0860214e-01   8.4521075e-01   4.6187112e-02
   1.6700000e+03   6.6326678e-02   5.0624967e-02   8.8304835e-01
   1.8470000e+03   9.8955097e-01   5.4822996e-03   4.9667283e-03
   1.2480000e+03   3.1743364e-02   9.4850494e-01   1.9751699e-02
   1.6680000e+03   1.3845172e-01   7.6547880e-02   7.8500040e-01
   1.6710000e+03   6.2590610e-01   3.9443157e-02   3.3465074e-01
   1.6840000e+03   3.2170862e-01   5.1384188e-01   1.6444950e-01
   1.6830000e+03   6.3141183e-02   8.5637567e-01   8.0483149e-02
   1.6750000e+03   7.3311344e-02   4.2623107e-02   8.8406555e-01
   1.6800000e+03   3.3778063e-01   3.6266810e-01   2.9955126e-01
   1.0800000e+03   7.0939283e-01   3.1006170e-02   2.5960100e-01
   1.7690000e+03   1.8361530e-01   6.3226046e-01   1.8412425e-01
   1.6760000e+03   1.1309794e-01   8.6706360e-01   1.9838461e-02
   1.6910000e+03   3.9023627e-01   4.8558045e-01   1.2418328e-01
   1.6980000e+03   3.7641236e-01   1.3733953e-01   4.8624811e-01
   1.6960000e+03   3.5931715e-02   2.9500535e-01   6.6906293e-01
   1.6950000e+03   8.1001348e-02   6.1316526e-01   3.0583340e-01
   1.7000000e+03   2.2662331e-01   5.3406203e-01   2.3931466e-01
   1.7010000e+03   1.1616481e-01   8.1625351e-01   6.7581685e-02
   1.7050000e+03   5.0749687e-02   9.2555649e-01   2.3693825e-02
   1.7090000e+03   1.2447502e-01   7.9083838e-01   8.4686604e-02
   1.7190000e+03   6.7569526e-01   3.0886691e-01   1.5437829e-02
   1.7210000e+03   8.7215735e-01   6.4692945e-02   6.3149700e-02
   1.7260000e+03   6.1645250e-03   9.4368812e-01   5.0147354e-02
   1.7170000e+03   5.5566849e-02   9.3178869e-01   1.2644459e-02
   1.7160000e+03   1.6435528e-01   8.2432395e-01   1.1320769e-02
   1.7220000e+03   1.7314305e-01   4.0272897e-02   7.8658405e-01
   1.7210000e+03   7.8760183e-03   9.4937543e-03   9.8263023e-01
   1.7300000e+03   9.5625179e-01   2.8832149e-02   1.4916063e-02
   1.7250000e+03   1.1536031e-01   2.8275000e-02   8.5636469e-01
   1.7250000e+03   9.5332660e-01   1.2917340e-02   3.3756061e-02
   1.7310000e+03   8.1981466e-02   8.6397418e-01   5.4044350e-02
   1.7330000e+03   9.0019724e-01   8.8781727e-03   9.0924587e-02
   1.7640000e+03   1.1776288e-01   5.1890585e-01   3.6333127e-01
   1.7440000e+03   8.9702765e-02   7.0839687e-01   2.0190036e-01
   1.7460000e+03   9.1957843e-01   5.2528348e-02   2.7893225e-02
   1.7510000e+03   3.4640634e-02   8.8496477e-01   8.0394597e-02
   1.7590000e+03   7.4383451e-03   9.5815697e-01   3.4404687e-02
   1.7520000e+03   9.2876404e-01   6.1616775e-02   9.6191885e-03
   1.7780000e+03   9.3291346e-01   1.3758707e-04   6.6948950e-02
   1.7540000e+03   7.6311147e-01   8.6855147e-02   1.5003339e-01
   1.7730000e+03   5.3005274e-01   1.7405020e-01   2.9589706e-01
   1.7650000e+03   6.0651276e-02   9.1979003e-01   1.9558698e-02
   1.7750000e+03   6.3241900e-03   9.5186303e-01   4.1812781e-02
   1.7630000e+03   7.5692039e-02   4.6359112e-01   4.6071684e-01
   1.7790000e+03   5.7544634e-03   1.4750588e-02   9.7949495e-01
   1.7880000e+03   2.5797735e-01   5.9635986e-01   1.4566279e-01
   1.7850000e+03   7.4301359e-02   2.8714049e-01   6.3855815e-01
   1.7870000e+03   5.3679723e-01   4.4883080e-01   1.4371966e-02
   1.8250000e+03   8.4369313e-02   5.6510080e-01   3.5052988e-01
   1.8240000e+03   6.9268506e-01   2.9685391e-01   1.0461029e-02
   1.7910000e+03   7.9378558e-01   1.6419898e-01   4.2015443e-02
   1.7910000e+03   2.4589202e-01   6.0315568e-02   6.9379241e-01
   1.7890000e+03   3.4437559e-01   4.8744265e-02   6.0688015e-01
   1.7960000e+03   8.7432327e-01   5.4124268e-02   7.1552457e-02
   1.7930000e+03   1.6566349e-01   1.4186118e-01   6.9247534e-01
   1.7980000e+03   2.7452455e-02   7.3632128e-01   2.3622626e-01
   1.8110000e+03   4.8837710e-01   4.6160749e-01   5.0015413e-02
   1.8220000e+03   5.2347147e-01   1.2529430e-01   3.5123423e-01
   1.8050000e+03   4.9197537e-02   7.9101290e-01   1.5978956e-01
   1.8010000e+03   4.2141547e-01   2.7749613e-01   3.0108840e-01
   1.8090000e+03   7.1992799e-01   2.7191438e-01   8.1576220e-03
   1.8210000e+03   2.5241779e-02   1.2652714e-01   8.4823108e-01
   1.8350000e+03   3.3455742e-03   9.1225404e-03   9.8753189e-01
   1.8270000e+03   1.4462282e-02   9.6926872e-01   1.6268996e-02
   1.8170000e+03   9.8686198e-01   7.5538857e-03   5.5841377e-03
   1.8340000e+03   5.4933290e-02   7.6135607e-01   1.8371064e-01
   1.2310000e+03   5.0983051e-02   9.4697215e-01   2.0447954e-03
   1.8340000e+03   1.9065333e-02   1.6642827e-03   9.7927038e-01
   1.8320000e+03   8.2239215e-01   7.0876844e-02   1.0673101e-01
   1.2320000e+03   2.6382410e-01   7.1939803e-01   1.6777875e-02
   1.8290000e+03   7.4646477e-01   1.6798823e-01   8.5547001e-02
   1.8440000e+03   9.1180383e-01   5.8848235e-02   2.9347936e-02
   1.8420000e+03   8.4642410e-02   1.2739315e-01   7.8796444e-01
   1.8410000e+03   8.5441547e-02   4.1608434e-01   4.9847411e-01
   1.8480000e+03   4.7852009e-01   3.6887550e-02   4.8459237e-01
   1.8510000e+03   1.0705390e-02   9.7108174e-01   1.8212869e-02
   1.2480000e+03   7.2046222e-01   2.6676865e-01   1.2769134e-02
   1.8520000e+03   1.5981114e-02   1.6367193e-02   9.6765169e-01
   9.4500000e+02   7.3699059e-01   4.3572869e-02   2.1943654e-01
   6.5100000e+02   7.1761184e-02   7.4702380e-01   1.8121502e-01
   9.4600000e+02   4.3363373e-01   2.4885985e-01   3.1750642e-01
   6.5100000e+02   2.1471816e-01   3.8067547e-01   4.0460637e-01
   7.2200000e+02   2.0572913e-01   3.7888968e-02   7.5638190e-01
   6.6600000e+02   1.7602300e-01   1.9057234e-01   6.3340466e-01
   1.0530000e+03   8.8352987e-02   3.8155464e-01   5.3009237e-01
   6.5400000e+02   5.6894619e-01   3.2275388e-01   1.0829993e-01
   6.7900000e+02   9.6734458e-03   9.3680403e-01   5.3522526e-02
   6.6200000e+02   2.7355916e-01   2.6967518e-01   4.5676566e-01
   6.5600000e+02   1.3910729e-02   2.2598798e-01   7.6010129e-01
   6.5900000e+02   6.0648687e-01   1.5387168e-01   2.3964145e-01
   6.9100000e+02   2.0961263e-01   6.1128878e-01   1.7909859e-01
   7.3700000e+02   4.8649884e-02   4.5481546e-01   4.9653466e-01
