   2.2100000e+02   2.2937204e-01   6.3643490e-01   1.3419306e-01
   2.5300000e+02   3.8823933e-01   5.7988751e-01   3.1873156e-02
   2.4700000e+02   1.6686733e-02   4.7713548e-01   5.0617778e-01
   7.8000000e+01   4.5723874e-03   8.1672099e-01   1.7870663e-01
   4.8000000e+01   6.7689388e-01   2.8590411e-01   3.7202006e-02
   3.9000000e+01   3.5918641e-01   5.9748392e-01   4.3329663e-02
   4.2000000e+01   9.9337190e-01   2.2627616e-03   4.3653373e-03
   8.4700000e+02   1.3800529e-02   2.8311034e-01   7.0308913e-01
   8.4900000e+02   9.2181091e-01   3.0775118e-02   4.7413974e-02
   3.0000000e+02   2.1495842e-01   3.1253631e-01   4.7250527e-01
   3.0600000e+02   9.1259219e-01   3.9678089e-02   4.7729721e-02
   2.0200000e+02   6.2479054e-01   5.6824077e-02   3.1838538e-01
   2.0400000e+02   9.6885910e-01   2.7684793e-02   3.4561026e-03
   5.9000000e+01   5.8221340e-01   3.2351900e-01   9.4267607e-02
   2.2300000e+02   1.6151505e-01   3.1995060e-01   5.1853434e-01
   6.1000000e+01   4.4249555e-02   5.9016258e-01   3.6558787e-01
   5.8000000e+01   4.6377011e-01   4.9221732e-01   4.4012571e-02
   5.3000000e+01   2.9288258e-02   6.8510856e-01   2.8560319e-01
   2.5200000e+02   3.2656338e-01   8.5890618e-02   5.8754600e-01
   2.1500000e+02   9.3902594e-01   5.6511625e-02   4.4624344e-03
   5.5000000e+01   1.0869202e-01   2.9940601e-01   5.9190197e-01
   5.5000000e+01   1.1636194e-02   9.1160651e-01   7.6757300e-02
   6.0000000e+01   2.0268085e-01   1.7685510e-03   7.9555060e-01
   7.1000000e+01   9.7796335e-02   2.7356039e-01   6.2864327e-01
   6.4000000e+01   1.6045694e-01   5.2107893e-01   3.1846413e-01
   3.0600000e+02   5.9197727e-02   4.0147176e-01   5.3933051e-01
   3.0400000e+02   4.0863987e-01   5.0524365e-01   8.6116477e-02
   2.0400000e+02   1.8087244e-02   1.8522892e-02   9.6338986e-01
   2.0800000e+02   7.4727578e-01   2.1092580e-01   4.1798423e-02
   3.0200000e+02   2.9605256e-02   5.8145205e-01   3.8894270e-01
   6.8000000e+01   5.3103696e-01   2.2058866e-01   2.4837438e-01
   1.6070000e+04   1.3554968e-01   2.9399329e-01   5.7045703e-01
   1.7200000e+02   1.2094221e-02   2.5871521e-02   9.6203426e-01
   4.7900000e+02   3.8135013e-02   7.8343364e-01   1.7843134e-01
   4.6800000e+02   9.6821596e-02   1.0050432e-01   8.0267408e-01
   4.6100000e+02   3.5773121e-01   6.1815575e-01   2.4113038e-02
   1.6200000e+02   6.3867306e-01   3.1051020e-01   5.0816739e-02
   1.5000000e+02   2.2846274e-02   5.4088298e-01   4.3627075e-01
   1.4400000e+02   1.2521883e-02   9.6642369e-01   2.1054432e-02
   1.4900000e+02   1.5613083e-01   2.8179739e-01   5.6207178e-01
   1.5500000e+02   4.2822269e-01   4.8306969e-01   8.8707618e-02
   1.0150000e+03   5.1784389e-03   8.0241148e-01   1.9241008e-01
   1.6300000e+02   8.3460821e-01   5.4913606e-02   1.1047818e-01
   4.6200000e+02   2.0335480e-01   4.0623191e-01   3.9041328e-01
   1.6000000e+02   4.5863718e-03   4.0645957e-01   5.8895406e-01
   1.6400000e+02   4.6603897e-01   2.8267264e-01   2.5128839e-01
   2.2000000e+02   5.1807886e-01   9.9214136e-02   3.8270700e-01
   2.1200000e+02   2.8483898e-01   4.7028628e-01   2.4487473e-01
   1.5816000e+04   3.6131332e-01   1.1074337e-01   5.2794331e-01
   2.1300000e+02   1.2764733e-01   6.8543163e-01   1.8692104e-01
   2.1700000e+02   9.0128271e-02   2.7208880e-01   6.3778293e-01
   2.4100000e+02   3.2057671e-01   1.4442200e-01   5.3500129e-01
   2.4400000e+02   3.2907197e-01   5.0004120e-02   6.2092391e-01
   2.2700000e+02   7.8163819e-01   2.1789220e-01   4.6960068e-04
   2.2500000e+02   4.1574365e-01   5.3543565e-01   4.8820706e-02
   2.4300000e+02   9.2100292e-01   4.7124299e-02   3.1872785e-02
   2.2900000e+02   6.4560112e-01   2.6245845e-03   3.5177430e-01
   2.2800000e+02   6.1379803e-02   2.0893680e-01   7.2968340e-01
   5.4800000e+02   8.8552019e-01   2.3097220e-03   1.1217009e-01
   5.4300000e+02   4.3296123e-03   5.3056450e-02   9.4261394e-01
   2.5500000e+02   8.3629337e-02   9.1157673e-01   4.7939361e-03
   5.7700000e+02   2.4594907e-03   5.1943111e-02   9.4559740e-01
   2.3400000e+02   1.0094893e-02   8.1448322e-01   1.7542189e-01
   2.3500000e+02   8.4176641e-03   9.2982589e-01   6.1756445e-02
   2.3700000e+02   1.0000000e+00   0.0000000e+00  -0.0000000e+00
   2.5300000e+02   8.6332500e-01   1.1462770e-01   2.2047301e-02
   2.5400000e+02   1.8505804e-02   8.3811130e-02   8.9768307e-01
   5.4000000e+01   1.2166981e-01   3.6260353e-01   5.1572666e-01
   2.4600000e+02   1.1941923e-02   4.5448984e-01   5.3356823e-01
   2.5100000e+02   6.0675692e-01   5.8793392e-03   3.8736374e-01
   2.5400000e+02   3.7424327e-02   5.6796521e-01   3.9461046e-01
   2.5800000e+02   1.6842661e-01   2.7708626e-03   8.2880253e-01
   2.5600000e+02   8.7295058e-03   9.7569282e-01   1.5577673e-02
   2.6100000e+02   6.6602217e-01   3.2418830e-01   9.7895273e-03
   2.5900000e+02   6.0841241e-01   2.6997849e-01   1.2160910e-01
   2.6000000e+02   9.2200452e-01   7.4030305e-03   7.0592446e-02
   2.6000000e+02   1.3274782e-01   4.8803300e-02   8.1844888e-01
   6.0500000e+02   5.2007040e-03   9.7510687e-01   1.9692425e-02
   2.6700000e+02   1.6356058e-02   8.9738344e-01   8.6260507e-02
   2.6800000e+02   2.5361401e-04   8.7992757e-03   9.9094711e-01
   2.6800000e+02   1.0000000e+00   0.0000000e+00  -0.0000000e+00
   2.7200000e+02   7.4755662e-01   4.1074331e-02   2.1136904e-01
   2.7700000e+02   6.6532833e-01   5.4258085e-02   2.8041359e-01
   2.7900000e+02   9.7998436e-01   1.1246594e-02   8.7690417e-03
   2.8100000e+02   2.1947754e-02   1.3439250e-02   9.6461300e-01
   7.6300000e+02   3.0042696e-01   4.4423407e-01   2.5533898e-01
   5.5000000e+01   5.4755655e-01   2.8922587e-01   1.6321759e-01
   3.1000000e+02   5.0350762e-02   5.1199729e-01   4.3765195e-01
   3.8600000e+02   1.6143951e-01   8.3231116e-01   6.2493273e-03
   3.1100000e+02   3.8872432e-01   5.6268309e-01   4.8592592e-02
   3.1300000e+02   6.6625230e-01   4.4916013e-02   2.8883168e-01
   4.8600000e+02   5.1968954e-02   9.3848936e-01   9.5416866e-03
   1.3000000e+03   3.8387640e-02   6.5858895e-01   3.0302341e-01
   3.2100000e+02   1.3575955e-01   6.3700456e-01   2.2723589e-01
   3.1500000e+02   1.7579479e-01   4.0245282e-01   4.2175239e-01
   6.0700000e+02   7.6101762e-01   2.2928742e-01   9.6949562e-03
   3.2200000e+02   5.4542604e-02   3.2111126e-02   9.1334627e-01
   3.1900000e+02   8.1424514e-01   1.5521974e-01   3.0535125e-02
   3.2400000e+02   6.8722127e-02   2.0602461e-01   7.2525327e-01
   5.0200000e+02   3.0567438e-02   9.1963658e-01   4.9795979e-02
   3.3900000e+02   3.4512496e-01   3.3141912e-01   3.2345592e-01
   3.9800000e+02   4.8677852e-02   1.2229187e-01   8.2903027e-01
   3.7800000e+02   9.3894777e-01   4.2496504e-02   1.8555731e-02
   3.4000000e+02   1.9099771e-01   2.0256000e-01   6.0644230e-01
   5.3100000e+02   1.0968359e-01   7.1678315e-01   1.7353327e-01
   3.4600000e+02   5.2007873e-02   9.3375527e-01   1.4236858e-02
   3.4700000e+02   8.5451105e-03   1.8836468e-03   9.8957124e-01
   3.4900000e+02   8.9575803e-02   6.0635813e-01   3.0406607e-01
   3.5200000e+02   1.1657367e-01   2.9253997e-01   5.9088636e-01
   3.5100000e+02   1.0389481e-01   1.5293866e-01   7.4316653e-01
   4.3200000e+02   4.6593333e-02   6.5750040e-02   8.8765663e-01
   1.4620000e+03   2.8249724e-02   2.5436626e-01   7.1738402e-01
   4.0300000e+02   1.8554807e-01   4.0072371e-02   7.7437956e-01
   4.2700000e+02   2.7641828e-02   9.1306493e-01   5.9293247e-02
   3.5900000e+02   4.5062814e-03   9.4882870e-03   9.8600543e-01
   1.4640000e+03   1.6679696e-02   9.4090667e-01   4.2413632e-02
   5.1200000e+02   7.2100397e-02   6.5971978e-01   2.6817982e-01
   4.3100000e+02   4.9990178e-01   3.6551290e-01   1.3458532e-01
   6.3200000e+02   6.3355740e-02   9.0532789e-01   3.1316373e-02
   5.1100000e+02   9.6910622e-01   1.5232235e-02   1.5661550e-02
   6.2600000e+02   2.1829442e-01   1.6618400e-01   6.1552157e-01
   3.6700000e+02   8.0143210e-02   3.7223564e-01   5.4762115e-01
   3.6900000e+02   6.0040782e-01   3.9016487e-02   3.6057570e-01
   5.3500000e+02   5.1283907e-01   3.1819944e-01   1.6896150e-01
   3.6600000e+02   4.8826527e-02   4.9521400e-01   4.5595947e-01
   3.6100000e+02   7.0134329e-01   1.5434836e-02   2.8322187e-01
   5.6800000e+02   8.6081477e-02   3.2674789e-01   5.8717063e-01
   5.2700000e+02   6.1596721e-02   9.3188656e-01   6.5167233e-03
   3.6400000e+02   2.5999018e-01   1.4799145e-01   5.9201837e-01
   3.6300000e+02   7.4469201e-02   8.5526669e-01   7.0264111e-02
   3.6800000e+02   1.2282834e-02   2.0113629e-01   7.8658088e-01
   3.7600000e+02   6.2867594e-01   2.7051360e-01   1.0081046e-01
   3.7200000e+02   3.2634067e-01   4.9612555e-01   1.7753379e-01
   6.3200000e+02   4.3605119e-01   1.6800410e-02   5.4714840e-01
   5.1700000e+02   9.4980511e-01   1.0076139e-02   4.0118751e-02
   6.3000000e+02   4.6838827e-01   4.2352998e-01   1.0808175e-01
   5.2000000e+02   4.3997847e-02   1.7929344e-01   7.7670871e-01
   6.3000000e+02   1.6410833e-03   5.6995602e-01   4.2840290e-01
   5.3100000e+02   5.5843360e-01   3.6830053e-02   4.0473635e-01
   3.8100000e+02   9.0557305e-02   7.3642896e-01   1.7301373e-01
   4.3600000e+02   1.3538159e-02   8.3776969e-01   1.4869215e-01
   4.3300000e+02   6.5941093e-02   6.6098668e-01   2.7307222e-01
   4.4000000e+02   2.0283611e-01   1.5185796e-02   7.8197809e-01
   3.9000000e+02   9.7822943e-01   2.0676733e-02   1.0938319e-03
   4.0600000e+02   2.9230868e-02   8.8276959e-01   8.7999543e-02
   3.9100000e+02   0.0000000e+00   0.0000000e+00   1.0000000e+00
   5.0200000e+02   9.9455794e-01   3.6670360e-03   1.7750274e-03
   3.9200000e+02   8.9302460e-04   0.0000000e+00   9.9910698e-01
   4.0800000e+02   2.9946617e-01   6.8636185e-01   1.4171983e-02
   3.9400000e+02   0.0000000e+00   0.0000000e+00   1.0000000e+00
   3.9400000e+02   2.8205230e-01   5.8495402e-01   1.3299369e-01
   4.0400000e+02   4.7617284e-02   6.5138748e-03   9.4586884e-01
   4.0500000e+02   2.4601776e-01   6.5104748e-01   1.0293476e-01
   4.0200000e+02   9.7765339e-01   2.0039179e-02   2.3074309e-03
   4.1700000e+02   3.4950596e-02   9.3465461e-01   3.0394791e-02
   4.1500000e+02   9.9282683e-02   7.5198390e-01   1.4873342e-01
   4.1000000e+02   4.6394795e-02   3.2543331e-01   6.2817189e-01
   5.0400000e+02   5.6852210e-02   4.8984473e-01   4.5330306e-01
   4.1000000e+02   1.1102230e-16   1.0000000e+00  -0.0000000e+00
   4.2000000e+02   7.7540092e-01   1.0606670e-01   1.1853238e-01
   4.2100000e+02   5.0410611e-01   5.6459626e-02   4.3943427e-01
   4.3400000e+02   9.7410935e-01   1.1660087e-02   1.4230559e-02
   4.2900000e+02   2.2489667e-02   1.0583030e-03   9.7645203e-01
   4.2900000e+02   3.7995091e-01   2.7422346e-01   3.4582563e-01
   4.3300000e+02   7.8136009e-01   1.4835381e-01   7.0286103e-02
   4.3700000e+02   1.7524312e-02   9.6694259e-01   1.5533094e-02
   4.4100000e+02   9.0465644e-01   9.2049460e-02   3.2941037e-03
   4.4000000e+02   7.0497519e-01   7.5832608e-02   2.1919220e-01
   1.1955000e+04   8.9366708e-01   6.8830668e-02   3.7502257e-02
   4.5100000e+02   6.3948614e-02   9.2109053e-01   1.4960859e-02
   4.7200000e+02   4.8540547e-02   1.7951477e-01   7.7194468e-01
   5.5300000e+02   8.8340074e-01   7.1004501e-02   4.5594758e-02
   4.6000000e+02   3.4805866e-01   6.3150495e-01   2.0436389e-02
   4.5400000e+02   9.6230659e-01   1.2922106e-02   2.4771304e-02
   4.5600000e+02   2.3025263e-01   1.9340356e-01   5.7634381e-01
   4.5700000e+02   3.1009631e-01   3.3101993e-01   3.5888376e-01
   4.6400000e+02   8.0332791e-02   4.8601576e-01   4.3365144e-01
   1.6160000e+03   8.3351826e-01   3.1340452e-03   1.6334769e-01
   4.7600000e+02   6.6955971e-02   9.7001185e-02   8.3604284e-01
   4.7100000e+02   3.7219213e-01   5.0146101e-03   6.2279326e-01
   4.7600000e+02   9.5261631e-01   3.9592720e-02   7.7909742e-03
   1.3780000e+03   2.8697210e-01   1.7562077e-01   5.3740713e-01
   6.1900000e+02   1.9027810e-02   1.4108069e-01   8.3989150e-01
   4.9100000e+02   3.6060379e-04   5.2304515e-01   4.7659425e-01
   4.9600000e+02   7.6108896e-03   1.5429995e-01   8.3808916e-01
   4.8900000e+02   3.6872349e-02   4.8246678e-01   4.8066087e-01
   4.9800000e+02   5.2118047e-02   6.6127895e-01   2.8660301e-01
   5.0200000e+02   1.8381184e-03   7.6928300e-02   9.2123358e-01
   4.9700000e+02   2.6821159e-01   7.2130439e-01   1.0484020e-02
   4.9800000e+02   1.1957987e-02   1.1090485e-01   8.7713716e-01
   4.9700000e+02   6.9607470e-01   2.9497201e-01   8.9532885e-03
   5.0100000e+02   7.7639462e-03   2.5071385e-01   7.4152220e-01
   5.0900000e+02   1.2138704e-02   8.0833223e-01   1.7952907e-01
   1.2337000e+04   9.8321149e-03   8.3318399e-01   1.5698390e-01
   5.2400000e+02   3.7345259e-01   3.1169355e-01   3.1485386e-01
   5.3500000e+02   1.6215974e-01   1.2508974e-01   7.1275052e-01
   1.1703000e+04   3.6483436e-01   1.1088986e-02   6.2407666e-01
   5.2500000e+02   6.7915238e-01   1.2304227e-01   1.9780535e-01
   5.3000000e+02   6.3096242e-01   2.6681532e-01   1.0222226e-01
   5.6300000e+02   3.8913516e-01   6.0730104e-01   3.5638006e-03
   5.5900000e+02   5.4852697e-01   1.6772731e-01   2.8374572e-01
   5.6000000e+02   8.5741371e-02   3.4511274e-01   5.6914589e-01
   5.4000000e+02   1.8692506e-01   7.8087511e-01   3.2199827e-02
   5.5800000e+02   9.4855004e-01   3.6491122e-02   1.4958838e-02
   5.5000000e+02   4.9437356e-02   1.4431031e-01   8.0625234e-01
   5.5200000e+02   5.6104629e-02   7.2277794e-01   2.2111743e-01
   5.4900000e+02   0.0000000e+00  -0.0000000e+00   1.0000000e+00
   5.6300000e+02   8.6997681e-01   1.2768643e-01   2.3367658e-03
   5.6500000e+02   5.0891418e-01   4.8061788e-01   1.0467935e-02
   5.7000000e+02   6.7724625e-02   1.8360048e-02   9.1391533e-01
   3.6200000e+02   5.1572700e-01   3.6260307e-01   1.2166993e-01
   5.6200000e+02   4.5448360e-01   1.1942782e-02   5.3357362e-01
   5.6800000e+02   6.0823932e-01   2.2034734e-03   3.8955721e-01
   5.7000000e+02   5.6796859e-01   3.7422299e-02   3.9460911e-01
   5.7200000e+02   4.1533995e-01   0.0000000e+00   5.8466005e-01
   5.7300000e+02   9.8144175e-01   1.3471059e-02   5.0871910e-03
   5.7500000e+02   6.4205838e-02   6.2527789e-01   3.1051627e-01
   5.9900000e+02   6.8976775e-02   1.7902901e-01   7.5199422e-01
   5.9200000e+02   9.9735079e-01   2.6076644e-03   4.1549060e-05
   6.0300000e+02   9.4374839e-01   3.4803375e-02   2.1448240e-02
   5.8400000e+02   8.9742515e-01   1.6352214e-02   8.6222636e-02
   5.9200000e+02   3.7299371e-03   2.5334102e-04   9.9601672e-01
   5.9600000e+02   9.9281116e-01   4.7856629e-04   6.7102786e-03
   6.0600000e+02   2.6610993e-01   7.5539855e-02   6.5835021e-01
   5.9600000e+02   3.7622185e-01   3.3742648e-01   2.8635167e-01
   6.3800000e+02   3.5696076e-01   1.7632722e-01   4.6671202e-01
   3.6400000e+02   8.8597714e-01   6.1351483e-02   5.2671376e-02
   7.4900000e+02   7.7537746e-01   8.8098317e-03   2.1581271e-01
   3.9000000e+01   2.0373332e-02   3.8081682e-03   9.7581850e-01
   4.9000000e+01   9.4792851e-03   9.4401972e-01   4.6500996e-02
   7.7300000e+02   2.9112328e-01   5.3072840e-02   6.5580388e-01
   1.0130000e+03   8.2379973e-02   8.5885509e-01   5.8764934e-02
   1.3630000e+03   1.2021750e-02   7.7274950e-01   2.1522875e-01
   1.3010000e+03   6.9748205e-01   7.9917414e-02   2.2260053e-01
   1.2890000e+03   3.5853805e-01   6.3581761e-01   5.6443369e-03
   3.3100000e+02   4.4151069e-02   1.5679808e-01   7.9905085e-01
   6.0900000e+02   3.8970065e-02   6.9670707e-02   8.9135923e-01
   1.3840000e+03   5.4471454e-03   1.0698047e-02   9.8385481e-01
   3.5700000e+02   1.0292419e-02   9.3535420e-01   5.4353378e-02
   1.4610000e+03   7.7578626e-02   7.7321730e-01   1.4920407e-01
   1.3860000e+03   1.8819497e-01   7.1201179e-01   9.9793248e-02
   6.0900000e+02   8.1447964e-02   7.3176759e-01   1.8678445e-01
   6.5100000e+02   2.0721706e-02   9.3494901e-01   4.4329285e-02
   6.5100000e+02   3.8767831e-01   1.6360061e-01   4.4872107e-01
   1.2630000e+03   1.6389516e-01   4.0729359e-01   4.2881125e-01
   6.5100000e+02   2.3822153e-01   6.5276386e-02   6.9650208e-01
   9.4700000e+02   1.0168129e-01   5.7908887e-01   3.1922984e-01
   7.2100000e+02   8.6640507e-01   2.4879359e-02   1.0871558e-01
   2.8770000e+03   8.3842625e-02   6.7784696e-01   2.3831042e-01
   6.6600000e+02   5.2520946e-01   1.0792490e-01   3.6686564e-01
   6.5200000e+02   8.7770278e-02   6.0971473e-03   9.0613258e-01
   6.5500000e+02   3.2158226e-01   1.4705443e-01   5.3136331e-01
   6.5700000e+02   1.7930077e-01   1.7911299e-02   8.0278793e-01
   6.5600000e+02   8.4484834e-01   9.6093538e-02   5.9058122e-02
   6.6300000e+02   9.1338834e-01   5.1624764e-03   8.1449188e-02
   6.6000000e+02   1.9885169e-01   7.5632569e-01   4.4822612e-02
   6.6200000e+02   1.1371403e-01   9.7123406e-02   7.8916257e-01
   1.1390000e+03   4.3621251e-02   3.1173659e-01   6.4464216e-01
   1.1380000e+03   5.0106684e-02   5.4378882e-01   4.0610449e-01
   6.6100000e+02   8.1621391e-01   1.0007487e-01   8.3711227e-02
   6.6700000e+02   0.0000000e+00   1.0000000e+00  -0.0000000e+00
   6.6700000e+02   7.4267262e-01   7.3659309e-02   1.8366808e-01
   6.7000000e+02   1.2040383e-02   6.6776470e-03   9.8128197e-01
   1.2110000e+03   8.9048911e-01   1.7782634e-02   9.1728258e-02
   6.7100000e+02   8.3018272e-01   8.9159088e-02   8.0658189e-02
   6.7900000e+02   6.1745089e-02   2.0472786e-01   7.3352705e-01
   6.7800000e+02   2.0409146e-02   1.0607442e-01   8.7351643e-01
   6.7800000e+02   3.1369538e-01   6.6623734e-01   2.0067277e-02
   1.2140000e+03   3.1590756e-01   6.6398893e-01   2.0103514e-02
   6.9400000e+02   1.1356854e-01   5.5463286e-01   3.3179860e-01
   7.3900000e+02   3.0625426e-03   5.0034383e-02   9.4690307e-01
   7.3500000e+02   1.1690897e-02   2.3725302e-01   7.5105608e-01
   6.9400000e+02   3.7891653e-01   4.8270742e-02   5.7281273e-01
   1.1650000e+03   2.3515366e-02   9.6535380e-01   1.1130832e-02
   1.1660000e+03   2.5794762e-03   9.1480248e-01   8.2618042e-02
   1.2410000e+03   7.6400770e-01   9.3532297e-02   1.4246001e-01
   6.9700000e+02   4.2759393e-01   5.6636370e-01   6.0423629e-03
   6.9800000e+02   6.0003984e-02   1.1496992e-01   8.2502610e-01
   6.9800000e+02   2.1229549e-03   9.9405814e-01   3.8189002e-03
   6.9900000e+02   0.0000000e+00   3.4299175e-17   1.0000000e+00
   1.0670000e+03   6.7361066e-01   2.3804550e-01   8.8343844e-02
   8.1600000e+02   6.8559473e-01   1.2944607e-01   1.8495921e-01
   9.8800000e+02   1.8192619e-02   8.5114640e-02   8.9669274e-01
   9.8100000e+02   2.4980123e-02   8.0853968e-01   1.6648020e-01
   9.6400000e+02   3.1957485e-02   3.0812606e-01   6.5991646e-01
   7.0500000e+02   9.7143514e-01   1.2335605e-02   1.6229256e-02
   1.0050000e+03   3.1107148e-01   3.7265789e-01   3.1627063e-01
   7.1000000e+02   1.1210040e-01   5.3470134e-03   8.8255259e-01
   7.0900000e+02   8.4383779e-03   8.4348418e-01   1.4807744e-01
   7.1100000e+02   8.4617547e-01   3.0711302e-02   1.2311323e-01
   7.1300000e+02   1.7399251e-01   5.4598917e-01   2.8001831e-01
   1.3310000e+03   1.4343812e-01   2.4960520e-01   6.0695668e-01
   7.0700000e+02   3.0104536e-01   2.2833581e-01   4.7061884e-01
   1.3270000e+03   5.9019959e-01   4.0491225e-01   4.8881604e-03
   1.0320000e+03   2.4209019e-02   4.0391306e-01   5.7187792e-01
   7.1800000e+02   9.1559394e-01   1.9943903e-02   6.4462155e-02
   7.0200000e+02   5.6343457e-02   2.2377461e-01   7.1988194e-01
   7.0300000e+02   5.7337479e-01   4.0742910e-01   1.9196110e-02
   1.0550000e+03   2.3220459e-01   2.0051163e-01   5.6728377e-01
   7.2600000e+02   8.3576646e-01   3.7643480e-02   1.2659006e-01
   7.5400000e+02   3.0758473e-01   5.9292182e-01   9.9493449e-02
   7.8800000e+02   3.1551666e-01   3.6438059e-01   3.2010274e-01
   7.5500000e+02   8.2095305e-01   3.3849842e-02   1.4519711e-01
   8.3200000e+02   8.0313620e-01   3.9736185e-02   1.5712761e-01
   7.2900000e+02   6.8201186e-01   1.7484677e-02   3.0050347e-01
   7.5800000e+02   1.7983155e-02   1.6138322e-01   8.2063363e-01
   3.1000000e+01   3.8984770e-01   5.8679738e-01   2.3354916e-02
   7.3400000e+02   2.1303727e-02   2.8740597e-02   9.4995568e-01
   7.4900000e+02   3.3175431e-01   1.1697362e-02   6.5654833e-01
   7.4200000e+02   7.3397463e-02   7.2429839e-01   2.0230415e-01
   7.5600000e+02   9.5214660e-01   3.7634802e-02   1.0218596e-02
   8.4400000e+02   3.0818112e-01   1.7192511e-01   5.1989376e-01
   1.1000000e+03   6.9408066e-01   4.3539588e-02   2.6237975e-01
   1.0980000e+03   4.9346486e-01   3.5531552e-01   1.5121962e-01
   7.5300000e+02   8.4934667e-01   7.7244300e-02   7.3409030e-02
   9.1900000e+02   4.3196237e-02   4.6287589e-01   4.9392787e-01
   8.1000000e+02   5.5781690e-01   4.2290880e-01   1.9274299e-02
   7.6600000e+02   0.0000000e+00  -0.0000000e+00   1.0000000e+00
   7.7100000e+02   3.9130428e-01   5.4478462e-01   6.3911107e-02
   7.7500000e+02   7.9895114e-01   7.6692784e-03   1.9337958e-01
   7.7900000e+02   3.4823079e-02   2.0090889e-01   7.6426803e-01
   7.7400000e+02   0.0000000e+00  -0.0000000e+00   1.0000000e+00
   7.7600000e+02   3.5584101e-02   1.9784256e-01   7.6657334e-01
   7.8200000e+02   3.7741583e-01   1.9115890e-02   6.0346828e-01
   9.1400000e+02   2.1774118e-02   7.2393748e-03   9.7098651e-01
   8.1100000e+02   6.1099281e-02   7.6811724e-02   8.6208900e-01
   9.1200000e+02   8.1466110e-01   9.3629235e-02   9.1709664e-02
   7.8700000e+02   9.9167502e-03   4.5718624e-01   5.3289701e-01
   8.2600000e+02   2.3156913e-01   4.3346551e-01   3.3496536e-01
   7.9200000e+02   5.4430950e-01   3.0818924e-01   1.4750126e-01
   7.9000000e+02   2.4839218e-01   2.2639692e-02   7.2896813e-01
   8.0300000e+02   9.1312901e-01   8.4984377e-02   1.8866166e-03
   8.0000000e+02   9.4755776e-02   5.0232427e-02   8.5501180e-01
   8.0800000e+02   1.2367003e-01   5.5130029e-02   8.2119994e-01
   8.1300000e+02   9.6917175e-01   1.7118075e-02   1.3710171e-02
   8.0500000e+02   1.6081868e-01   7.6323513e-02   7.6285781e-01
   8.2100000e+02   1.0647801e-01   1.4610461e-01   7.4741738e-01
   8.2900000e+02   8.8437262e-03   8.8854527e-01   1.0261101e-01
   8.1400000e+02   2.0994640e-02   9.5269880e-01   2.6306556e-02
   9.2300000e+02   8.8327004e-01   7.3815820e-02   4.2914145e-02
   1.2600000e+03   9.6076364e-03   2.1530687e-05   9.9037083e-01
   8.4300000e+02   8.2385137e-01   1.8430017e-02   1.5771861e-01
   8.2300000e+02   8.4264619e-02   3.0479642e-01   6.1093896e-01
   8.1700000e+02   2.4231728e-01   5.5903256e-01   1.9865017e-01
   8.2200000e+02   1.4980996e-01   1.5316488e-01   6.9702516e-01
   8.3300000e+02   1.4076959e-01   2.0402138e-01   6.5520903e-01
   1.0980000e+03   2.5146183e-01   6.1956878e-01   1.2896939e-01
   8.5500000e+02   9.8095001e-03   8.0430071e-02   9.0976043e-01
   9.0000000e+02   1.3538058e-01   8.4673873e-01   1.7880688e-02
   8.7300000e+02   6.0341791e-01   3.4621837e-01   5.0363713e-02
   8.5400000e+02   9.7117730e-01   5.0627757e-03   2.3759923e-02
   8.5700000e+02   9.6718326e-01   2.1179226e-02   1.1637511e-02
   1.0620000e+03   6.0862177e-01   3.4680916e-01   4.4569072e-02
   8.9200000e+02   9.3962633e-01   4.8103510e-02   1.2270161e-02
   8.9000000e+02   6.8565303e-03   5.5439511e-01   4.3874836e-01
   1.0430000e+03   5.5085277e-02   9.2405165e-01   2.0863078e-02
   8.6300000e+02   5.0206099e-02   7.8752500e-03   9.4191865e-01
   8.6000000e+02   1.6265168e-02   9.1819084e-01   6.5543990e-02
   8.7900000e+02   4.3940114e-02   8.1574418e-01   1.4031571e-01
   1.0410000e+03   2.8570255e-02   9.6854530e-01   2.8844420e-03
   8.6900000e+02   4.2213202e-01   4.0720668e-01   1.7066130e-01
   8.8400000e+02   1.6666624e-01   9.2544895e-02   7.4078886e-01
   1.0510000e+03   1.9593782e-01   6.0101281e-01   2.0304937e-01
   2.0450000e+03   8.5922570e-02   8.6532115e-01   4.8756278e-02
   8.7500000e+02   1.6750310e-01   3.9116695e-01   4.4132995e-01
   8.8100000e+02   7.0837223e-01   1.7494768e-01   1.1668009e-01
   1.0040000e+03   8.1019893e-03   4.0607055e-01   5.8582746e-01
   9.1600000e+02   2.8980014e-01   5.4456600e-03   7.0475420e-01
   8.9600000e+02   7.8944001e-01   1.7196331e-01   3.8596680e-02
   9.2000000e+02   6.2912605e-02   9.2575637e-01   1.1331021e-02
   8.9700000e+02   4.3814515e-01   1.7539481e-01   3.8646004e-01
   9.1800000e+02   6.3811616e-02   4.5980497e-01   4.7638341e-01
   9.0600000e+02   4.6026009e-02   4.1223637e-01   5.4173762e-01
   9.0400000e+02   5.9438732e-01   2.7598074e-01   1.2963194e-01
   9.1000000e+02   3.4617204e-01   3.1961041e-01   3.3421755e-01
   9.0700000e+02   2.3382607e-01   2.3316167e-02   7.4285777e-01
   9.1300000e+02   4.4014667e-01   2.5655793e-01   3.0329540e-01
   9.2100000e+02   1.0605794e-01   7.2630928e-03   8.8667897e-01
   9.2800000e+02   1.6111963e-03   5.0387089e-01   4.9451792e-01
   9.2300000e+02   2.9476914e-01   9.2039488e-02   6.1319137e-01
   9.2600000e+02   1.0590905e-01   8.0707749e-01   8.7013459e-02
   9.2500000e+02   6.8740465e-01   1.1996375e-01   1.9263160e-01
   9.2500000e+02   1.1126076e-02   9.8314727e-01   5.7266559e-03
   1.2610000e+03   2.1711159e-01   5.9017129e-01   1.9271712e-01
   1.2590000e+03   2.3097377e-01   7.2265157e-01   4.6374653e-02
   9.3900000e+02   2.3573611e-01   4.0577190e-02   7.2368670e-01
   9.3300000e+02   3.1533063e-01   4.7843836e-01   2.0623101e-01
   2.0600000e+03   2.5698293e-01   7.3804664e-01   4.9704359e-03
   9.3600000e+02   3.3044777e-01   2.7462570e-01   3.9492653e-01
   9.4000000e+02   2.7905743e-01   2.4166070e-01   4.7928187e-01
   9.4000000e+02   2.1310292e-02   9.8736187e-02   8.7995352e-01
   9.3900000e+02   9.6264260e-01   9.7750383e-03   2.7582361e-02
   9.4600000e+02   2.9533430e-01   2.1186694e-02   6.8347900e-01
   1.5610000e+03   1.1583580e-01   3.5223690e-01   5.3192730e-01
   1.3160000e+03   1.2380167e-01   8.5337806e-01   2.2820273e-02
   9.5900000e+02   5.3326828e-01   1.4928423e-01   3.1744749e-01
   1.5620000e+03   6.1648090e-02   5.8096421e-01   3.5738770e-01
   9.5700000e+02   3.5512211e-02   4.3711704e-01   5.2737074e-01
   9.5300000e+02   1.5424595e-01   6.7312080e-01   1.7263325e-01
   9.5200000e+02   2.1890383e-01   5.8707443e-01   1.9402173e-01
   9.6700000e+02   3.3138678e-01   2.1938451e-01   4.4922871e-01
   9.7200000e+02   5.7206240e-01   1.0642991e-01   3.2150769e-01
   1.0020000e+03   2.1410129e-01   7.5642541e-01   2.9473301e-02
   9.7500000e+02   3.0821399e-01   1.3369587e-01   5.5809014e-01
   9.7700000e+02   4.0487402e-01   2.3356922e-01   3.6155676e-01
   1.5780000e+03   1.1886303e-01   7.5508957e-01   1.2604740e-01
   9.9000000e+02   7.0217954e-01   1.3652789e-01   1.6129257e-01
   9.9200000e+02   3.9075893e-01   4.3904380e-01   1.7019727e-01
   7.1900000e+02   2.1364877e-01   7.0719186e-01   7.9159375e-02
   1.0000000e+03   3.8798985e-01   5.6129818e-01   5.0711977e-02
   1.3210000e+03   1.2059748e-01   1.8136930e-02   8.6126559e-01
   9.8200000e+02   6.6398270e-02   4.9167918e-01   4.4192255e-01
   7.1900000e+02   4.7020037e-02   1.7074779e-02   9.3590518e-01
   9.9100000e+02   1.6392294e-01   8.4824206e-03   8.2759464e-01
   9.8900000e+02   1.2492519e-01   1.7035580e-01   7.0471901e-01
   9.9500000e+02   2.6310946e-01   4.9401416e-01   2.4287638e-01
   9.9800000e+02   8.0429211e-01   1.9220078e-01   3.5071108e-03
   1.0110000e+03   2.9656810e-01   5.8629597e-01   1.1713593e-01
   1.0210000e+03   1.6125457e-01   9.5902098e-02   7.4284334e-01
   1.0230000e+03   5.7755479e-01   9.0032766e-02   3.3241244e-01
   1.0280000e+03   8.9663309e-02   4.6071501e-01   4.4962168e-01
   1.0340000e+03   3.4968870e-03   9.8589818e-01   1.0604931e-02
   1.0520000e+03   1.0659800e-02   7.9079655e-02   9.1026054e-01
   1.0480000e+03   1.0238313e-01   8.9467949e-01   2.9373844e-03
   1.0470000e+03   4.1498564e-01   4.4710588e-01   1.3790848e-01
   1.0570000e+03   2.6129023e-01   9.3189044e-02   6.4552073e-01
   1.0550000e+03   6.0285704e-01   1.5097469e-01   2.4616826e-01
   1.0590000e+03   3.3684968e-01   4.0142223e-01   2.6172809e-01
   1.0450000e+03   7.9242525e-01   1.8789148e-01   1.9683267e-02
   1.2580000e+03   4.7976857e-01   2.6141919e-01   2.5881224e-01
   1.0610000e+03   1.7616149e-01   4.9717496e-02   7.7412101e-01
   1.0760000e+03   1.6183230e-02   7.2336097e-03   9.7658316e-01
   1.2490000e+03   3.3062648e-03   9.1771964e-01   7.8974095e-02
   1.8470000e+03   9.3577345e-03   7.7826794e-01   2.1237433e-01
   1.0890000e+03   1.4033625e-02   4.4585090e-01   5.4011547e-01
   1.0710000e+03   3.5632894e-01   7.3576346e-02   5.7009471e-01
   1.0860000e+03   6.8370429e-01   2.2662925e-01   8.9666455e-02
   1.0700000e+03   5.3013141e-02   1.6014225e-01   7.8684461e-01
   1.0850000e+03   2.4367904e-01   4.5553609e-01   3.0078487e-01
   1.0760000e+03   7.8279371e-01   1.4203080e-01   7.5175493e-02
   1.0820000e+03   5.4533381e-01   2.0711324e-01   2.4755295e-01
   1.0780000e+03   1.7772030e-02   7.6012877e-01   2.2209920e-01
   1.0770000e+03   1.7122604e-01   7.0004708e-01   1.2872688e-01
   1.1200000e+03   1.3316087e-01   4.3813697e-01   4.2870216e-01
   1.0920000e+03   4.8854632e-01   3.1345536e-01   1.9799832e-01
   1.0920000e+03   1.2568280e-02   7.2874973e-01   2.5868199e-01
   1.1000000e+03   1.4355680e-01   1.6226342e-01   6.9417979e-01
   1.0960000e+03   2.2539417e-01   2.3570687e-01   5.3889897e-01
   1.1090000e+03   8.0456861e-01   1.2586800e-02   1.8284459e-01
   1.0980000e+03   8.5319618e-01   8.9680555e-02   5.7123262e-02
   2.8810000e+03   2.6163062e-01   1.4413623e-01   5.9423315e-01
   1.1050000e+03   5.5448797e-01   2.5709388e-01   1.8841815e-01
   1.1150000e+03   2.2321112e-01   7.2497489e-01   5.1813992e-02
   1.1150000e+03   9.6564470e-01   2.8548224e-02   5.8070748e-03
   1.1090000e+03   8.2979309e-02   9.1681774e-01   2.0295250e-04
   1.1110000e+03   5.7098891e-02   4.3803892e-01   5.0486219e-01
   1.1340000e+03   4.8713466e-02   9.3572728e-01   1.5559255e-02
   1.1160000e+03   9.1664580e-01   5.7132286e-02   2.6221916e-02
   1.1450000e+03   4.7432601e-03   6.2882319e-02   9.3237442e-01
   1.1230000e+03   9.5014756e-02   2.2335153e-02   8.8265009e-01
   1.1220000e+03   9.6217784e-01   1.1845341e-02   2.5976821e-02
   1.1350000e+03   3.1303544e-03   1.2040858e-02   9.8482879e-01
   1.1250000e+03   2.7742809e-01   6.9605168e-01   2.6520229e-02
   1.1290000e+03   9.2301079e-02   9.2632834e-02   8.1506609e-01
   1.1320000e+03   1.7248604e-01   2.1371675e-01   6.1379720e-01
   1.1290000e+03   1.1768409e-02   9.4832540e-01   3.9906189e-02
   1.1310000e+03   1.9098978e-01   6.6983747e-01   1.3917275e-01
   1.1300000e+03   1.3870347e-02   8.6862051e-02   8.9926760e-01
   1.1370000e+03   6.9416125e-03   9.2409081e-01   6.8967583e-02
   1.1460000e+03   8.2263165e-01   8.4225369e-02   9.3142981e-02
   1.1490000e+03   5.6611773e-01   4.7738022e-02   3.8614424e-01
   1.1530000e+03   6.0471900e-01   2.3942025e-02   3.7133898e-01
   1.1470000e+03   9.7350357e-01   1.9806494e-02   6.6899368e-03
   1.1540000e+03   3.2207211e-02   1.8004568e-01   7.8774711e-01
   1.1630000e+03   9.2917953e-01   2.6167482e-02   4.4652986e-02
   1.1810000e+03   6.0720676e-02   6.8413539e-01   2.5514394e-01
   1.1550000e+03   5.0708478e-01   5.8623246e-02   4.3429197e-01
   1.1820000e+03   8.5597422e-01   1.8028879e-02   1.2599690e-01
   1.1570000e+03   9.2571447e-03   1.6233112e-01   8.2841174e-01
   1.1750000e+03   2.4258232e-01   2.8396825e-01   4.7344943e-01
   2.8930000e+03   1.2854577e-02   6.4652365e-01   3.4062177e-01
   1.1690000e+03   9.1649718e-01   6.6202985e-02   1.7299833e-02
   1.1810000e+03   7.7092135e-02   2.3646761e-01   6.8644025e-01
   1.1780000e+03   3.2734452e-03   9.6460568e-01   3.2120876e-02
   1.1740000e+03   8.2977585e-01   1.6192202e-01   8.3021293e-03
   1.1770000e+03   8.1476750e-01   1.1732742e-01   6.7905083e-02
   1.1900000e+03   7.6242916e-01   1.4203385e-01   9.5536997e-02
   1.1910000e+03   8.0971060e-01   1.3806077e-01   5.2228627e-02
   1.7870000e+03   3.8918620e-01   6.1081380e-01   0.0000000e+00
   1.2280000e+03   8.2277473e-01   1.3114838e-02   1.6411044e-01
   1.8240000e+03   2.5718330e-01   7.4281670e-01   0.0000000e+00
   1.2200000e+03   2.2695551e-03   6.4436726e-01   3.5336319e-01
   1.1920000e+03   2.6866802e-01   4.1522685e-01   3.1610514e-01
   1.1910000e+03   4.5849301e-02   3.5147814e-01   6.0267256e-01
   1.7910000e+03   7.2921971e-01   2.3960688e-01   3.1173404e-02
   1.1960000e+03   1.6933195e-03   1.7936805e-01   8.1893863e-01
   1.2190000e+03   1.0203665e-01   7.6407230e-01   1.3389106e-01
   1.1980000e+03   5.7050282e-01   4.1712417e-01   1.2373006e-02
   1.2150000e+03   2.5844619e-02   6.4338047e-01   3.3077491e-01
   1.1990000e+03   8.8275033e-03   7.9880598e-01   1.9236652e-01
   1.2060000e+03   3.1175182e-02   9.6882482e-01   0.0000000e+00
   1.2050000e+03   6.5596906e-01   7.0817912e-02   2.7321303e-01
   1.2080000e+03   3.0559863e-01   4.6913623e-02   6.4748775e-01
   1.2140000e+03   5.1377213e-01   1.5169871e-02   4.7105799e-01
   1.2150000e+03   8.7888973e-02   9.5741732e-03   9.0253685e-01
   1.2170000e+03   1.2765206e-01   0.0000000e+00   8.7234794e-01
   1.2220000e+03   9.1547763e-01   0.0000000e+00   8.4522373e-02
   1.2280000e+03   3.5661024e-01   2.2495753e-02   6.2089401e-01
   1.8240000e+03   7.6332008e-01   2.3667992e-01   0.0000000e+00
   1.2310000e+03   7.6185166e-01   3.1467850e-02   2.0668049e-01
   1.8330000e+03   3.4259154e-01   6.5740846e-01   0.0000000e+00
   1.2330000e+03   9.9909876e-01   7.8040609e-04   1.2083560e-04
   1.2330000e+03   5.2136054e-02   8.2421100e-01   1.2365295e-01
   1.2480000e+03   7.5368149e-01   2.0715598e-01   3.9162530e-02
   1.2340000e+03   6.8122899e-02   1.8140375e-01   7.5047335e-01
   1.2530000e+03   9.4987642e-01   8.7156835e-03   4.1407898e-02
   1.2390000e+03   9.9484660e-05   1.9637089e-03   9.9793681e-01
   1.2440000e+03   7.1966979e-01   2.1889546e-01   6.1434754e-02
   1.2510000e+03   7.8249705e-01   2.1002826e-01   7.4746905e-03
   1.2420000e+03   4.4428666e-01   5.0533369e-02   5.0517997e-01
   1.2550000e+03   9.5368592e-01   3.4629074e-02   1.1685004e-02
   1.2500000e+03   9.4494864e-03   6.6217545e-03   9.8392876e-01
   1.2670000e+03   1.1213075e-01   2.6031292e-01   6.2755633e-01
   1.2680000e+03   7.2485286e-01   2.7094060e-01   4.2065449e-03
   1.2660000e+03   5.4650273e-01   3.7058008e-01   8.2917182e-02
   1.2700000e+03   2.8389527e-01   2.8450673e-01   4.3159800e-01
   1.2830000e+03   1.4434584e-01   1.9313913e-03   8.5372277e-01
   1.2870000e+03   3.8539011e-01   3.5077084e-01   2.6383905e-01
   1.3540000e+03   6.8767948e-01   9.9605463e-02   2.1271505e-01
   1.2720000e+03   2.8355538e-02   8.3707093e-01   1.3457353e-01
   1.3060000e+03   5.6792529e-03   7.5151626e-01   2.4280449e-01
   1.3070000e+03   4.8054847e-01   1.5177467e-01   3.6767686e-01
   1.2830000e+03   4.3206436e-02   8.5004822e-01   1.0674534e-01
   1.2890000e+03   6.7457431e-01   1.4693045e-01   1.7849525e-01
   1.2870000e+03   8.5298504e-01   1.3221766e-01   1.4797302e-02
   1.2910000e+03   2.6744943e-02   1.1347534e-01   8.5977972e-01
   1.2900000e+03   2.4426076e-02   6.5398052e-01   3.2159341e-01
   1.8370000e+03   2.3342662e-02   5.5982476e-01   4.1683258e-01
   1.2990000e+03   2.1964452e-01   5.4703330e-03   7.7488515e-01
   1.2970000e+03   8.9133746e-01   9.9315897e-02   9.3466470e-03
   1.3530000e+03   3.4036881e-01   7.0833560e-03   6.5254783e-01
   1.3000000e+03   4.6597908e-05   1.8841858e-01   8.1153482e-01
   1.3010000e+03   2.6366569e-01   2.1507006e-02   7.1482730e-01
   1.7670000e+03   8.4413722e-02   9.1302739e-01   2.5588902e-03
   1.8380000e+03   9.3333384e-02   7.6276326e-01   1.4390336e-01
   1.8530000e+03   1.4942013e-01   2.4666059e-02   8.2591381e-01
   1.8500000e+03   9.9678609e-01   1.3002494e-03   1.9136607e-03
   1.5890000e+03   8.4774046e-02   1.8241298e-02   8.9698466e-01
   1.5960000e+03   3.3952324e-01   6.1653357e-01   4.3943191e-02
   1.5730000e+03   2.1605154e-01   6.8202454e-01   1.0192392e-01
   1.5680000e+03   1.4368625e-03   8.2107035e-02   9.1645610e-01
   1.6180000e+03   8.8287387e-01   1.0494095e-01   1.2185179e-02
   1.5840000e+03   8.3224982e-01   1.1064074e-01   5.7109435e-02
   1.5320000e+03   2.0696687e-01   2.3091069e-02   7.6994206e-01
   1.3200000e+03   6.8850893e-01   2.7735693e-01   3.4134133e-02
   1.3220000e+03   6.0949621e-03   9.4113902e-02   8.9979114e-01
   1.3230000e+03   8.4217883e-01   1.0383206e-02   1.4743796e-01
   1.3340000e+03   8.9599817e-02   6.6404993e-01   2.4635025e-01
   1.6310000e+03   2.2648758e-01   5.6344958e-01   2.1006285e-01
   1.3310000e+03   8.5623736e-02   6.7635284e-01   2.3802342e-01
   1.3350000e+03   7.4541343e-02   8.7332328e-01   5.2135382e-02
   1.4500000e+03   1.8747687e-01   6.3641182e-01   1.7611131e-01
   1.3710000e+03   5.2783162e-02   7.4748154e-01   1.9973530e-01
   1.3440000e+03   2.8887371e-01   1.3231992e-01   5.7880637e-01
   1.3640000e+03   1.1919418e-01   2.1860779e-02   8.5894504e-01
   1.4620000e+03   6.5802081e-01   7.8115673e-04   3.4119803e-01
   1.3590000e+03   4.8868983e-02   3.1541941e-01   6.3571161e-01
   1.3500000e+03   7.2614052e-01   2.6269585e-01   1.1163634e-02
   1.3630000e+03   1.2404312e-02   3.3155826e-01   6.5603743e-01
   1.3760000e+03   3.7442454e-01   3.7498477e-01   2.5059069e-01
   1.4110000e+03   4.4678152e-02   3.2818773e-01   6.2713412e-01
   1.4190000e+03   4.1782597e-02   2.3177902e-01   7.2643838e-01
   1.3870000e+03   1.3312480e-01   4.9551777e-01   3.7135743e-01
   1.3830000e+03   9.7845077e-01   3.1538468e-04   2.1233843e-02
   1.3950000e+03   7.5390107e-01   1.7855853e-01   6.7540399e-02
   1.3990000e+03   2.6572232e-02   8.9731464e-01   7.6113124e-02
   1.4160000e+03   1.9513168e-02   2.1184175e-03   9.7836841e-01
   1.4260000e+03   8.6331804e-01   7.8442783e-02   5.8239174e-02
   1.3960000e+03   1.6171087e-01   5.9942490e-01   2.3886423e-01
   1.5290000e+03   6.3165053e-02   8.4396324e-01   9.2871708e-02
   1.3980000e+03   7.4641714e-02   8.2577944e-01   9.9578842e-02
   1.4100000e+03   2.2075077e-01   7.7080720e-01   8.4420304e-03
   1.4510000e+03   9.2048788e-03   6.6443179e-01   3.2636333e-01
   1.4040000e+03   2.3061541e-01   9.1983331e-02   6.7740126e-01
   1.4060000e+03   3.3816487e-02   9.2611582e-01   4.0067696e-02
   1.4180000e+03   8.4996605e-02   9.1312729e-01   1.8760996e-03
   1.4140000e+03   9.7336616e-01   2.3887963e-02   2.7458726e-03
   1.4150000e+03   8.5482152e-01   5.0344658e-02   9.4833823e-02
   1.4210000e+03   8.3337784e-01   1.3158601e-01   3.5036148e-02
   1.4410000e+03   1.3027347e-01   6.3898665e-01   2.3073988e-01
   1.4680000e+03   1.8835001e-01   5.3751602e-02   7.5789838e-01
   1.4360000e+03   3.4410853e-02   8.4402799e-01   1.2156116e-01
   1.4020000e+03   1.9292197e-02   1.3372223e-01   8.4698557e-01
   1.4290000e+03   4.2415264e-02   1.2053410e-01   8.3705063e-01
   1.4270000e+03   0.0000000e+00   0.0000000e+00   1.0000000e+00
   1.8590000e+03   9.6615089e-01   2.6399852e-03   3.1209121e-02
   1.4320000e+03   3.6861462e-02   2.3821273e-01   7.2492581e-01
   1.8570000e+03   1.4263276e-01   7.7667663e-01   8.0690608e-02
   1.4380000e+03   2.7460319e-01   1.5140733e-01   5.7398949e-01
   1.4450000e+03   1.4448370e-01   4.5627559e-01   3.9924071e-01
   1.4460000e+03   2.5228317e-01   3.9861651e-02   7.0785518e-01
   1.5160000e+03   1.8407241e-02   8.8434589e-01   9.7246868e-02
   1.4890000e+03   1.2149215e-02   4.3845140e-01   5.4939938e-01
   1.5070000e+03   2.6104928e-01   3.4888397e-02   7.0406232e-01
   1.4710000e+03   2.1833621e-01   2.1478035e-01   5.6688344e-01
   1.5040000e+03   7.4281672e-02   4.3456978e-01   4.9114855e-01
   1.6510000e+03   3.9683580e-01   5.9195330e-01   1.1210901e-02
   1.5090000e+03   2.2662447e-01   1.2997623e-01   6.4339931e-01
   1.4770000e+03   3.3380119e-01   7.1678283e-02   5.9452053e-01
   1.4940000e+03   7.4853075e-01   2.0535118e-01   4.6118071e-02
   1.4790000e+03   9.1944715e-01   5.2847396e-02   2.7705451e-02
   1.4810000e+03   1.3330342e-01   1.9941845e-01   6.6727813e-01
   1.4690000e+03   3.6926897e-03   1.4129783e-01   8.5500948e-01
   1.6530000e+03   1.8448603e-01   6.9339242e-01   1.2212155e-01
   1.4910000e+03   1.9847329e-02   9.6042843e-01   1.9724244e-02
