   3.1300000e+02   4.1199683e-17   9.9942415e-01   5.7584972e-04
   3.2100000e+02   1.1054872e-03   9.9888668e-01   7.8368247e-06
   3.2000000e+02   2.2293728e-01   2.0187214e-01   5.7519058e-01
   3.1400000e+02   9.9946583e-01   5.1286909e-05   4.8288426e-04
   3.1900000e+02   6.4204220e-06   9.9723092e-01   2.7626623e-03
   3.1800000e+02   3.8120042e-04   2.5534801e-03   9.9706532e-01
   1.9200000e+02   9.9708389e-01   2.8901873e-03   2.5917681e-05
   1.9100000e+02   9.6184189e-01   5.8410285e-03   3.2317085e-02
   9.8000000e+01   3.1161470e-02   3.0615522e-01   6.6268331e-01
   1.2600000e+02   9.0420089e-02   4.6184718e-02   8.6339519e-01
   1.2800000e+02   1.0712486e-03   1.7193982e-03   9.9720935e-01
   1.9900000e+02   9.9937618e-01   6.2207605e-04   1.7472183e-06
   9.2000000e+01   5.1906001e-04   1.1979672e-03   9.9828297e-01
   2.9100000e+02   1.5740134e-03   9.9792507e-01   5.0091769e-04
   1.3000000e+02   3.3655942e-04   1.8050877e-03   9.9785835e-01
   2.0100000e+02   9.9872226e-01   3.5515213e-04   9.2259084e-04
   2.0000000e+02  -1.1492543e-17   9.9865255e-01   1.3474506e-03
   2.8100000e+02   1.8031875e-03   9.9794710e-01   2.4971746e-04
   2.6800000e+02   1.5823385e-03   9.9841766e-01   1.5356894e-15
   1.3100000e+02   1.7782420e-04   1.4702919e-03   9.9835188e-01
   2.0300000e+02   9.9886389e-01   1.0824378e-15   1.1361082e-03
   1.3400000e+02   3.4853107e-01   1.9549680e-02   6.3191925e-01
   2.7900000e+02   6.7731788e-06   9.9971475e-01   2.7848075e-04
   8.8000000e+01   6.1121795e-05   1.9875245e-04   9.9974013e-01
   1.0500000e+02   2.0865980e-04   5.2469845e-04   9.9926664e-01
   3.9900000e+02   3.5238550e-04   4.0100353e-04   9.9924661e-01
   1.3700000e+02   4.9881019e-02   1.0718359e-01   8.4293539e-01
   1.3700000e+02   1.0725058e-03   9.9880811e-01   1.1938525e-04
   2.1000000e+02   3.1648662e-01   5.8189769e-03   6.7769440e-01
   1.0000000e+02   3.0438749e-02   7.0938074e-01   2.6018051e-01
   2.1100000e+02   7.1376108e-04   4.7633283e-05   9.9923861e-01
   3.7900000e+02   2.8611010e-04   9.8054669e-01   1.9167202e-02
   9.4000000e+01   6.6624436e-04   1.7787658e-04   9.9915588e-01
   2.9500000e+02   9.1686855e-04   9.9830753e-01   7.7560139e-04
   3.3700000e+02   2.9569227e-04   9.9943443e-01   2.6988088e-04
   4.3000000e+01   9.9940483e-01   2.5862335e-04   3.3655081e-04
   1.3900000e+02   6.6693440e-04   1.8491758e-04   9.9914815e-01
   3.1000000e+02   1.9168370e-05   9.9936852e-01   6.1231344e-04
   8.0000000e+01   4.4327110e-04   5.3056956e-04   9.9902616e-01
   2.2100000e+02   5.1806058e-04   7.0374798e-04   9.9877819e-01
   2.8800000e+02   9.9951173e-01   3.4303541e-04   1.4523370e-04
   2.8600000e+02   0.0000000e+00   8.9939333e-04   9.9910061e-01
   1.4100000e+02   9.9928972e-01   3.1482189e-04   3.9546176e-04
   2.3200000e+02   4.1357413e-04   7.0518894e-05   9.9951591e-01
   7.5000000e+01   9.9946802e-01   1.0645307e-04   4.2553032e-04
   2.2600000e+02   3.4716083e-04   9.9924083e-01   4.1200843e-04
   1.4300000e+02   9.9961225e-01   3.6454313e-04   2.3202229e-05
   4.0700000e+02   5.6017476e-04   2.1418057e-05   9.9941841e-01
   2.2200000e+02   9.9932594e-01   1.5947420e-04   5.1458860e-04
   2.2400000e+02   5.3831788e-04   9.9888675e-01   5.7493295e-04
   1.4500000e+02   9.9941710e-01   4.0618499e-04   1.7671066e-04
   4.0600000e+02   7.2896750e-04   9.9907127e-01   1.9976365e-04
   1.1300000e+02   7.0544483e-04   9.9837469e-01   9.1986812e-04
   4.1300000e+02   3.7329397e-04   4.0243582e-04   9.9922427e-01
   4.1600000e+02   6.9519174e-04   9.9904718e-01   2.5762769e-04
   1.4700000e+02   8.7345710e-05   1.1160930e-15   9.9991265e-01
   8.7000000e+01   0.0000000e+00   1.0000000e+00  -0.0000000e+00
   1.4900000e+02   4.3362867e-04   7.7945232e-16   9.9956637e-01
   6.1000000e+01   0.0000000e+00  -0.0000000e+00   1.0000000e+00
   2.4300000e+02   2.7981463e-05   7.3015980e-04   9.9924186e-01
   9.0000000e+00   0.0000000e+00   1.8026602e-17   1.0000000e+00
   3.9700000e+02   9.9882381e-05   5.7650057e-04   9.9932362e-01
   1.0300000e+02   3.8901950e-05   5.1260340e-04   9.9944849e-01
   2.3600000e+02   6.8561921e-04   9.9914594e-01   1.6844115e-04
   1.0700000e+02   3.1706981e-04   4.6370161e-04   9.9921923e-01
   2.3500000e+02   2.8118293e-04   5.2803457e-04   9.9919078e-01
   6.7000000e+01   1.8963755e-04   3.7247279e-04   9.9943789e-01
   2.3100000e+02   2.9350158e-04   3.8761146e-04   9.9931889e-01
   6.9000000e+01   3.4336376e-04   1.2982373e-04   9.9952681e-01
   2.4800000e+02   2.9446525e-05   3.9549238e-17   9.9997055e-01
   2.4900000e+02   8.3781860e-05   4.7245281e-16   9.9991622e-01
   2.5100000e+02   1.7957641e-15   9.9994739e-01   5.2607855e-05
   1.6300000e+02   9.9952248e-01   1.3657553e-04   3.4094488e-04
   6.4000000e+01  -1.6479873e-17   9.9922487e-01   7.7512647e-04
   4.0100000e+02   5.0071500e-04   3.5511159e-04   9.9914417e-01
   1.0900000e+02   7.1047297e-04   3.5021159e-04   9.9893932e-01
   2.4000000e+02   9.9925913e-01   4.9649107e-04   2.4437956e-04
   3.0000000e+02   2.7518312e-04   5.7159710e-04   9.9915322e-01
   1.6400000e+02   2.2563694e-04   3.1498376e-04   9.9945938e-01
   4.8800000e+02   9.9944374e-01   4.0537746e-04   1.5088468e-04
   4.8700000e+02  -5.6378513e-17   9.9942341e-01   5.7659014e-04
   3.0900000e+02   6.0432749e-04   9.9925144e-01   1.4422969e-04
   1.6600000e+02   6.7410362e-05   5.0173886e-04   9.9943085e-01
   2.9700000e+02   4.1544402e-05   4.8344664e-04   9.9947501e-01
   2.9800000e+02   4.9970948e-04   1.4682437e-04   9.9935347e-01
   1.2000000e+01   3.8857806e-15   1.0969350e-03   9.9890306e-01
   3.1100000e+02   7.7715612e-16   6.3817007e-04   9.9936183e-01
   9.3000000e+01   4.0841136e-04   2.2474374e-04   9.9936684e-01
   3.8000000e+01   5.0981852e-04   1.9291850e-06   9.9948825e-01
   9.5000000e+01   3.6147765e-05   4.6437594e-04   9.9949948e-01
   1.9500000e+02   7.8248404e-05   9.8184940e-04   9.9893990e-01
   8.0000000e+00   8.9743915e-05   9.9743714e-01   2.4731180e-03
   3.0500000e+02   9.9924949e-01   6.8577527e-04   6.4734808e-05
   1.7100000e+02   5.1860436e-04   2.2665956e-03   9.9721480e-01
   4.8000000e+01   2.3921831e-04   9.9797880e-01   1.7819823e-03
   2.1900000e+02   8.2284161e-03   9.2076589e-01   7.1005693e-02
   5.2000000e+01   1.2226766e-03   8.2277789e-05   9.9869505e-01
   9.7000000e+01   3.2242271e-04   1.2074298e-03   9.9847015e-01
   1.9100000e+02   5.8092131e-04   1.9239804e-03   9.9749510e-01
   1.7400000e+02   9.9848847e-01   2.8195210e-04   1.2295791e-03
   4.9200000e+02   5.2690042e-04   2.7287791e-05   9.9944581e-01
   4.5800000e+02   1.5635223e-04   5.5724213e-04   9.9928641e-01
   4.3400000e+02   9.9943451e-01   3.4742238e-04   2.1807007e-04
   4.8900000e+02   5.5258569e-04   9.9933762e-01   1.0979875e-04
   4.3100000e+02   6.2976612e-04   9.9904655e-01   3.2368170e-04
   2.0900000e+02   5.9117341e-04   9.9871110e-01   6.9772505e-04
   1.8000000e+02   5.4984806e-04   9.9936993e-01   8.0219898e-05
   8.5000000e+01   6.4318346e-04   3.9151083e-04   9.9896531e-01
   3.3000000e+02   4.2905094e-04   9.9897877e-01   5.9217938e-04
   1.8100000e+02   9.9945620e-01   1.1275504e-04   4.3104646e-04
   3.3900000e+02   5.3784895e-04   3.8420078e-04   9.9907795e-01
   1.8300000e+02   9.9952614e-01   1.0185132e-04   3.7201151e-04
   4.7200000e+02   9.9921242e-01   3.1470369e-04   4.7287853e-04
   4.8000000e+02   9.9935631e-01   2.1627330e-04   4.2741940e-04
   2.1300000e+02   1.3035730e-02   1.1862777e-01   8.6833650e-01
   2.8000000e+01   8.8480007e-01   1.1292482e-01   2.2751123e-03
   8.7000000e+01   1.0000000e+00  -0.0000000e+00   0.0000000e+00
   2.8900000e+02   3.0650239e-04   1.3553756e-03   9.9833812e-01
   5.7000000e+01   2.2326848e-04   1.3374979e-03   9.9843923e-01
   2.9300000e+02   6.7096549e-04   1.0986012e-03   9.9823043e-01
   5.5000000e+01   1.1981679e-03   9.9834136e-01   4.6047309e-04
   4.2000000e+01   2.6911451e-04   9.9948120e-01   2.4968657e-04
   3.3400000e+02   9.9956635e-01   1.9644127e-04   2.3720563e-04
   3.3300000e+02   4.1209674e-04   9.9934729e-01   2.4061419e-04
   8.4000000e+01   5.3942712e-04   9.9932058e-01   1.3998802e-04
   2.7400000e+02   4.5677886e-04   9.9851975e-01   1.0234734e-03
   6.0000000e+01   2.0155318e-15   9.9846689e-01   1.5331131e-03
   5.9000000e+01   2.6626732e-03   9.9482669e-01   2.5106361e-03
   7.8000000e+01   1.1126315e-03   9.9870998e-01   1.7738947e-04
   3.4800000e+02   1.0995290e-02   9.2087293e-01   6.8131781e-02
   7.3000000e+01   9.9968141e-01   7.4498178e-05   2.4409420e-04
   2.8300000e+02   2.5350743e-04   1.2027225e-03   9.9854377e-01
   2.8400000e+02   1.8636399e-03   1.9867017e-15   9.9813636e-01
   2.7100000e+02   1.0224283e-03   1.2457786e-03   9.9773179e-01
   7.1000000e+01   2.2557523e-04   3.5105468e-05   9.9973932e-01
   3.9200000e+02   1.7008060e-05   2.4175052e-03   9.9756549e-01
   4.0100000e+02   9.8767082e-01   5.8689869e-03   6.4601933e-03
   6.0000000e+00   9.9890316e-01   1.0968442e-03   0.0000000e+00
   3.8200000e+02   6.4200284e-04   9.9901049e-01   3.4751116e-04
   1.0200000e+02   0.0000000e+00   4.3825319e-04   9.9956175e-01
   4.4100000e+02   7.9552637e-04   6.6169045e-15   9.9920447e-01
   4.7400000e+02   4.5823870e-04   8.8645543e-04   9.9865531e-01
   4.3800000e+02   9.9911741e-01   4.5115885e-04   4.3143000e-04
   4.3900000e+02   4.0526664e-04   4.9887292e-04   9.9909586e-01
   4.4400000e+02   8.2955571e-04   9.9885629e-01   3.1415158e-04
   4.8100000e+02   7.5269394e-04   9.9914222e-01   1.0508718e-04
   4.4500000e+02   1.4033360e-04   5.9734897e-04   9.9926232e-01
   4.2800000e+02   3.4517034e-04   5.8375632e-04   9.9907107e-01
   4.4700000e+02   5.1234581e-04   4.9126798e-05   9.9943853e-01
   4.5000000e+02   7.3417473e-04   9.9896393e-01   3.0189468e-04
   4.7500000e+02   2.4046334e-04   3.3247636e-04   9.9942706e-01
   4.5100000e+02   9.9857122e-01   8.6940231e-04   5.5938185e-04
   4.0400000e+02   7.2815932e-04   9.9791023e-01   1.3616088e-03
   4.0000000e+02   9.7970110e-01   5.9015815e-03   1.4397318e-02
   2.4100000e+02   5.1193172e-03   4.3149543e-03   9.9056573e-01
   1.0400000e+02   7.1189878e-04   2.6233079e-04   9.9902577e-01
   1.1500000e+02   2.8504734e-02   7.7950685e-02   8.9354458e-01
   4.1000000e+02   7.8521298e-04   9.9840470e-01   8.1009153e-04
   2.3900000e+02   1.8926120e-03   7.4166340e-04   9.9736572e-01
   2.3800000e+02   1.1053679e-02   4.2243877e-01   5.6650755e-01
   1.1100000e+02   7.7456947e-04   1.3449064e-03   9.9788052e-01
   1.1000000e+02   4.9314380e-01   5.0535404e-01   1.5021566e-03
   4.5400000e+02   9.9929305e-01   3.3746364e-04   3.6949039e-04
   4.8500000e+02   1.4635286e-04   7.2138389e-04   9.9913226e-01
   4.1200000e+02   7.8323082e-04   1.7677058e-04   9.9904000e-01
   1.1700000e+02   7.5446854e-04   2.5507084e-04   9.9899046e-01
   3.4700000e+02   9.7537138e-01   1.1365294e-02   1.3263326e-02
   5.3900000e+02   1.3286782e-03   9.9745721e-01   1.2141076e-03
   3.6000000e+02   9.9917425e-01   2.6275005e-04   5.6299947e-04
   8.4400000e+02   1.6269040e-04   9.9938400e-01   4.5331393e-04
   8.4900000e+02   9.4704749e-03   4.5315993e-01   5.3736959e-01
   3.5500000e+02   1.9308654e-04   1.9281018e-03   9.9787881e-01
   3.7100000e+02   8.3225661e-03   2.7620382e-02   9.6405705e-01
   2.7700000e+02   1.8526960e-04   9.9956017e-01   2.5456380e-04
   3.7500000e+02   3.2847131e-04   1.1572036e-03   9.9851433e-01
   3.5600000e+02   9.6141539e-01   3.7155330e-02   1.4292797e-03
   8.5600000e+02   2.3030195e-04   9.9882912e-01   9.4057605e-04
   8.5600000e+02   9.8561916e-03   9.8540631e-03   9.8028975e-01
   5.5700000e+02   1.4918190e-03   9.9762455e-01   8.8363008e-04
   8.3900000e+02   1.8441456e-04   9.9915204e-01   6.6354190e-04
   3.6200000e+02   9.9939398e-01   2.6561730e-04   3.4040419e-04
   3.7200000e+02   9.9963427e-01   3.4243656e-04   2.3291833e-05
   5.3000000e+02   4.4224128e-04   9.1472415e-04   9.9864303e-01
   8.0000000e+02   7.8538587e-04   2.1783495e-05   9.9919283e-01
   6.0400000e+02   7.3629727e-04   1.7265389e-04   9.9909105e-01
   7.9300000e+02   3.9717078e-04   8.3285696e-04   9.9876997e-01
   6.7300000e+02   1.7084513e-02   2.3594478e-02   9.5932101e-01
   5.2800000e+02   8.4962030e-04   9.9816024e-01   9.9013903e-04
   7.9600000e+02   9.9815520e-01   4.5876304e-04   1.3860360e-03
   6.9600000e+02   1.3401296e-03   1.3468345e-03   9.9731304e-01
   6.9500000e+02   2.2920834e-02   3.2612575e-01   6.5095341e-01
   1.9000000e+01   7.8829806e-01   4.7652860e-03   2.0693666e-01
   6.5200000e+02   9.5823571e-01   1.7799246e-02   2.3965043e-02
   6.0800000e+02   9.9930008e-01   5.4957278e-05   6.4495886e-04
   6.0700000e+02   8.9874485e-04   9.9861821e-01   4.8304968e-04
   7.7100000e+02   5.2213898e-04   1.7004728e-04   9.9930781e-01
   7.7000000e+02   4.2276555e-04   6.2755709e-05   9.9951448e-01
   6.0900000e+02   9.9899239e-01   6.6405182e-04   3.4355985e-04
   6.8100000e+02   0.0000000e+00   3.8943636e-04   9.9961056e-01
   5.7000000e+02   9.9960423e-01   3.9576739e-04   7.3907791e-16
   7.6100000e+02   2.9877633e-04   9.9892374e-01   7.7748447e-04
   7.4800000e+02   6.8591851e-04   9.9924458e-01   6.9503680e-05
   6.1100000e+02   5.7599512e-04   9.9872923e-01   6.9477877e-04
   6.8300000e+02   4.9743987e-04   4.6773990e-04   9.9903482e-01
   8.5400000e+02   3.2801708e-04   9.9963069e-01   4.1288760e-05
   8.5100000e+02   6.4936855e-05   9.9974038e-01   1.9467839e-04
   7.3200000e+02   3.7042036e-05   2.8318390e-04   9.9967977e-01
   5.8600000e+02   6.7841935e-04   9.9864314e-01   6.7844146e-04
   8.7700000e+02   6.1309712e-04   9.9866200e-01   7.2490113e-04
   6.7000000e+02   8.2536617e-01   3.6230064e-02   1.3840377e-01
   6.8800000e+02   8.6217696e-04   9.9862378e-01   5.1404749e-04
   6.1700000e+02   2.0227874e-02   7.1288967e-02   9.0848316e-01
   7.7500000e+02   2.3233905e-04   2.2064431e-03   9.9756122e-01
   3.7800000e+02   5.1728148e-04   1.7044211e-04   9.9931228e-01
   8.4100000e+02   9.9943226e-01   3.7011268e-04   1.9762476e-04
   6.7900000e+02   9.9911083e-01   6.1236088e-04   2.7681152e-04
   6.1800000e+02   1.1975995e-03   9.9820608e-01   5.9632055e-04
   6.9900000e+02   6.9888239e-04   9.9873077e-01   5.7034884e-04
   5.7100000e+02   3.4688642e-04   9.9913319e-01   5.1992554e-04
   6.2000000e+02   9.9953582e-01   4.6418069e-04   6.3379444e-16
   7.6500000e+02   9.9963342e-01   5.7085045e-06   3.6086774e-04
   6.2100000e+02   0.0000000e+00   4.4574369e-04   9.9955426e-01
   7.1100000e+02   2.8787030e-04   9.9958499e-01   1.2714289e-04
   5.5600000e+02   1.1206365e-04   3.3171078e-04   9.9955623e-01
   5.5300000e+02   9.9972254e-01   2.4136218e-04   3.6102036e-05
   7.0800000e+02   2.4296547e-05   9.9976599e-01   2.0971573e-04
   8.8600000e+02   3.4973633e-04   9.9928373e-01   3.6653103e-04
   7.0200000e+02   3.0668177e-04   3.8791218e-04   9.9930541e-01
   7.0300000e+02   2.3041594e-04   1.9514270e-04   9.9957444e-01
   6.2500000e+02   2.5342915e-04   3.2824568e-04   9.9941833e-01
   8.8400000e+02   4.4357417e-04   9.9905981e-01   4.9662046e-04
   5.9500000e+02   1.8914343e-03   9.9742398e-01   6.8458763e-04
   8.9100000e+02   7.8554141e-04   9.9853016e-01   6.8430251e-04
   7.1800000e+02   1.8261277e-02   4.4258516e-03   9.7731287e-01
   7.2100000e+02   9.9923782e-01   6.0875606e-04   1.5342579e-04
   5.4400000e+02   8.0236436e-05   9.9884874e-01   1.0710243e-03
   8.7500000e+02   5.1879725e-04   9.9882154e-01   6.5966080e-04
   5.8400000e+02   2.6696811e-04   9.9918542e-01   5.4760807e-04
   7.1600000e+02   3.1650273e-04   9.9941499e-01   2.6850231e-04
   5.8800000e+02   4.0701262e-04   9.9882653e-01   7.6645358e-04
   7.1300000e+02   9.9966437e-01   4.6745266e-05   2.8888075e-04
   5.4700000e+02   2.5005308e-04   9.9934241e-01   4.0754000e-04
   7.1000000e+02   9.9977048e-01   3.4453359e-05   1.9507029e-04
   5.4900000e+02   3.0141109e-04   9.9950285e-01   1.9573448e-04
   6.4000000e+02   5.3958089e-05   9.9954419e-01   4.0185266e-04
   5.6700000e+02   4.7979296e-04   9.9951423e-01   5.9784493e-06
   7.2900000e+02   1.1752646e-04   9.9937920e-01   5.0327259e-04
   6.4300000e+02   6.2733036e-04   1.7603079e-04   9.9919664e-01
   7.2300000e+02   4.8849549e-04   9.9951150e-01   0.0000000e+00
   8.7900000e+02   1.0650920e-03   9.9819160e-01   7.4330469e-04
   5.9100000e+02   9.9947530e-01   9.6649679e-05   4.2805034e-04
   8.8900000e+02   2.0792098e-04   9.9924361e-01   5.4847295e-04
   7.7900000e+02   9.9910815e-01   4.7850807e-04   4.1333839e-04
   6.4400000e+02   7.4187945e-04   9.9876118e-01   4.9693715e-04
   9.6500000e+02   5.3597165e-04   9.5142151e-04   9.9851261e-01
   5.3300000e+02   5.1196250e-04   3.9711135e-04   9.9909093e-01
   7.8800000e+02   5.6312251e-04   5.0392096e-04   9.9893296e-01
   6.4600000e+02   9.4843836e-04   9.9856920e-01   4.8236546e-04
   7.7600000e+02   9.1086446e-04   9.9858374e-01   5.0539076e-04
   5.5900000e+02   8.5065424e-04   9.9862222e-01   5.2712874e-04
   6.4800000e+02   9.9905318e-01   7.4280307e-04   2.0401438e-04
   7.9000000e+02   1.2687506e-03   9.9823230e-01   4.9894638e-04
   5.7300000e+02   1.8979216e-03   9.9759693e-01   5.0515327e-04
   7.8600000e+02   5.3347855e-04   9.9901253e-01   4.5398861e-04
   5.7500000e+02   8.0037410e-04   9.9880993e-01   3.8969896e-04
   6.7500000e+02   9.9913395e-01   7.2160855e-04   1.4444433e-04
   6.7300000e+02   9.9759909e-01   1.6307249e-03   7.7018534e-04
   8.7300000e+02   9.9937621e-01   1.1940742e-04   5.0438064e-04
   6.5000000e+02   9.9853521e-01   3.0425829e-05   1.4343631e-03
   7.9400000e+02   8.0576087e-04   9.9769005e-01   1.5041896e-03
   6.9700000e+02   1.9582106e-02   9.6614902e-01   1.4268875e-02
   7.8200000e+02   3.3562540e-04   9.9877720e-01   8.8717558e-04
   5.7700000e+02   9.4946688e-04   9.9794040e-01   1.1101377e-03
   6.7100000e+02   9.9854710e-01   2.8766057e-04   1.1652376e-03
   6.5500000e+02   8.5786507e-04   6.0044129e-04   9.9854169e-01
   6.5600000e+02   9.9933838e-01   3.0782642e-04   3.5379344e-04
   9.6800000e+02   3.6300559e-04   9.9916673e-01   4.7026733e-04
   5.1700000e+02   3.8453666e-04   9.9912613e-01   4.8932988e-04
   7.8400000e+02   9.9939140e-01   3.4829596e-04   2.6030061e-04
   9.3400000e+02   9.9948179e-01   1.7095340e-04   3.4725479e-04
   9.1100000e+02   5.4274909e-04   6.3659247e-04   9.9882066e-01
   9.6700000e+02   5.0009305e-04   9.9948443e-01   1.5478498e-05
   9.7300000e+02   3.7794096e-04   9.9947316e-01   1.4890336e-04
   9.0900000e+02   4.1220438e-04   9.9942663e-01   1.6116184e-04
   9.0300000e+02   3.1241730e-04   9.9955228e-01   1.3530130e-04
   9.7000000e+02   9.9938045e-01   2.9706298e-04   3.2248289e-04
   7.8000000e+02   9.9925518e-01   3.6548658e-04   3.7933511e-04
   6.5800000e+02   3.3532932e-04   9.9940327e-01   2.6140413e-04
   3.2000000e+01   9.9930930e-01   9.9221579e-05   5.9147808e-04
   5.3100000e+02   3.6063257e-05   9.9921440e-01   7.4954126e-04
   6.9000000e+02   9.0118850e-05   4.2251261e-04   9.9948737e-01
   8.1200000e+02   1.0732569e-05   9.9937375e-01   6.1551540e-04
   8.0700000e+02   6.0979232e-04   9.9924152e-01   1.4868686e-04
   5.6500000e+02   6.6884086e-04   9.9902329e-01   3.0786678e-04
   8.2100000e+02   4.6592247e-04   9.9943641e-01   9.7670786e-05
   5.2600000e+02   7.0129961e-05   5.2551331e-04   9.9940436e-01
   5.2300000e+02   9.9945469e-01   5.1139004e-04   3.3921671e-05
   8.1600000e+02   5.3008390e-05   9.9951022e-01   4.3677381e-04
   8.2000000e+02   1.0364590e-04   3.5635258e-04   9.9954000e-01
   5.1900000e+02   4.0475091e-04   9.9944541e-01   1.4983766e-04
   5.2200000e+02   2.7125891e-05   9.9959269e-01   3.8018390e-04
   8.1300000e+02   9.9966369e-01   2.7911470e-04   5.7199369e-05
   8.0500000e+02   1.1418415e-04   3.6442187e-04   9.9952139e-01
   6.6700000e+02   1.7851317e-04   4.2270152e-04   9.9939879e-01
   8.2400000e+02   9.9965173e-01   2.6112851e-04   8.7137818e-05
   6.6900000e+02   2.5572402e-04   3.8290723e-04   9.9936137e-01
   2.8000000e+01   4.0888143e-04   9.9958285e-01   8.2642666e-06
   7.6800000e+02   3.3181060e-04   9.9930529e-01   3.6289595e-04
   5.3700000e+02   2.3425723e-04   9.9892011e-01   8.4563494e-04
   5.3500000e+02   2.6818550e-04   2.2243873e-04   9.9950938e-01
   8.4200000e+02   1.6482431e-04   9.9946569e-01   3.6948282e-04
   8.4000000e+02   9.9925226e-01   5.0805853e-04   2.3968556e-04
   7.5300000e+02   2.7575199e-04   9.9947962e-01   2.4463045e-04
   5.4000000e+02   1.8290429e-04   9.9937178e-01   4.4531764e-04
   3.4800000e+02   9.9395929e-01   3.7766851e-03   2.2640284e-03
   8.3200000e+02   1.6386878e-04   9.9953312e-01   3.0300720e-04
   7.6200000e+02   4.4827498e-04   9.9896578e-01   5.8594506e-04
   7.4900000e+02   2.9047945e-15   9.9884936e-01   1.1506420e-03
   5.5800000e+02   8.5955548e-16   9.9926100e-01   7.3900458e-04
   3.5300000e+02   4.9960036e-15   3.7376062e-04   9.9962624e-01
   3.8400000e+02   2.6820503e-04   1.6967927e-03   9.9803500e-01
   8.5400000e+02   9.0786556e-01   8.0950086e-02   1.1184356e-02
   3.5100000e+02   9.9927113e-01   5.4235240e-04   1.8651846e-04
   8.6900000e+02   9.9725544e-01   2.6000501e-03   1.4451140e-04
   8.6700000e+02   9.9767007e-01   1.7840668e-03   5.4586068e-04
   6.0200000e+02   9.9884855e-01   7.3898699e-04   4.1246098e-04
   8.6000000e+02   2.3339142e-04   9.9920575e-01   5.6085597e-04
   5.8200000e+02   9.9935963e-01   5.2884347e-04   1.1152424e-04
   9.1900000e+02   7.2590508e-03   9.6694252e-01   2.5798431e-02
   7.0100000e+02   9.8143289e-01   1.5136967e-02   3.4301387e-03
   9.8300000e+02   2.5659719e-04   2.2464842e-04   9.9951875e-01
   9.5200000e+02   3.8708795e-04   9.9904481e-01   5.6810312e-04
   9.2900000e+02   5.7138929e-04   2.1333129e-03   9.9729530e-01
   8.8300000e+02   1.8498040e-03   9.9749508e-01   6.5511854e-04
   5.9400000e+02   9.9533671e-01   3.1985961e-03   1.4646924e-03
   5.9400000e+02   2.3214644e-03   9.5896519e-01   3.8713349e-02
   5.8500000e+02   9.9947468e-01   3.1417306e-05   4.9390319e-04
   5.9700000e+02   1.9316782e-03   9.9746557e-01   6.0274687e-04
   7.1800000e+02   9.9867809e-01   6.3386887e-04   6.8804120e-04
   5.9300000e+02   9.9949558e-01   1.0745225e-04   3.9696417e-04
   3.1000000e+01   5.3551105e-05   9.9940081e-01   5.4564049e-04
   6.0100000e+02   2.9082719e-03   9.9651440e-01   5.7732539e-04
   9.6200000e+02   4.4054175e-04   9.9898189e-01   5.7757274e-04
   9.3300000e+02   5.4308097e-04   1.4926256e-04   9.9930766e-01
   6.0000000e+02   9.9946607e-01   2.0703867e-04   3.2689596e-04
   1.0120000e+03   9.9943899e-01   3.0221137e-04   2.5879723e-04
   1.0170000e+03   9.9908228e-01   0.0000000e+00   9.1771598e-04
   1.0160000e+03   7.0208822e-04   9.9825628e-01   1.0416269e-03
   1.0130000e+03  -1.1102230e-16   5.4523611e-04   9.9945476e-01
   1.0310000e+03   0.0000000e+00   1.0234755e-03   9.9897652e-01
   1.0080000e+03   9.9938312e-01   6.1688115e-04   3.4042120e-15
   1.0430000e+03   1.5945514e-02   2.7128065e-01   7.1277383e-01
   1.0410000e+03   1.0019621e-02   6.3485451e-01   3.5512587e-01
   1.0110000e+03   8.0609138e-05   7.9820388e-04   9.9912119e-01
   1.0350000e+03   9.9920072e-16   7.9995304e-04   9.9920005e-01
   1.0190000e+03   6.9557492e-04   9.9875521e-01   5.4921861e-04
   1.0200000e+03   2.3188916e-15   9.9905349e-01   9.4651025e-04
   1.0090000e+03   4.9390319e-05   7.3904376e-04   9.9921157e-01
   1.0380000e+03   6.3505979e-05   9.9970529e-01   2.3120349e-04
   7.5500000e+02   9.9976848e-01   7.1225774e-16   2.3152358e-04
   2.1000000e+01  -1.1102230e-16   3.6631516e-04   9.9963368e-01
   1.0070000e+03   3.9443687e-04   3.8199985e-04   9.9922356e-01
   7.5600000e+02   9.9982842e-01   7.1781283e-05   9.9798188e-05
   7.6400000e+02   1.9531696e-04   9.9945415e-01   3.5053263e-04
   1.1390000e+03   2.8356619e-04   3.8474161e-04   9.9933169e-01
   1.0910000e+03   7.2641376e-04   9.9891204e-01   3.6154610e-04
   1.1300000e+03   2.4186422e-04   8.9208401e-04   9.9886605e-01
   1.0700000e+03   9.9943783e-01   1.7813995e-04   3.8403003e-04
   1.0290000e+03   9.5812351e-04   9.9904188e-01   3.2004134e-15
   1.0150000e+03   9.9974909e-01   2.5091060e-04   7.0532666e-16
   1.0390000e+03  -1.2387010e-17   9.9985856e-01   1.4144166e-04
   1.0370000e+03   3.4127914e-04   9.9955993e-01   9.8790323e-05
   1.0150000e+03   0.0000000e+00   3.3244267e-04   9.9966756e-01
   1.0280000e+03   9.9958495e-01   0.0000000e+00   4.1505156e-04
   1.0010000e+03   1.0215885e-04   6.1840030e-04   9.9927944e-01
   1.1150000e+03   7.0722485e-05   4.4299803e-04   9.9948628e-01
   1.1200000e+03   5.9434344e-04   3.1802069e-05   9.9937385e-01
   1.0470000e+03   9.9968356e-01   3.7843226e-15   3.1643841e-04
   1.1610000e+03   2.7311034e-04   9.9972689e-01   0.0000000e+00
   1.0810000e+03   9.9976109e-01   0.0000000e+00   2.3891132e-04
   1.1340000e+03   9.9732432e-05   9.9955749e-01   3.4277495e-04
   1.0300000e+03   1.6053132e-04   9.9908729e-01   7.5217817e-04
   1.1620000e+03   1.0603497e-16   9.9947552e-01   5.2447786e-04
   1.0990000e+03   5.4775992e-04   9.9915635e-01   2.9588980e-04
   1.1310000e+03   5.9126597e-04   9.9923579e-01   1.7294134e-04
   1.0810000e+03   4.7276636e-16   9.9965329e-01   3.4670925e-04
   1.0240000e+03   9.9934721e-01   4.4930647e-04   2.0348464e-04
   1.1640000e+03   3.9512114e-04   5.4818470e-04   9.9905669e-01
   1.0030000e+03   2.9852747e-04   3.7143505e-04   9.9933004e-01
   7.6600000e+02   9.9954134e-01   4.5866298e-04   0.0000000e+00
   1.0650000e+03   3.7998028e-04   3.2455583e-04   9.9929546e-01
   1.1650000e+03   4.5960216e-04   3.6110819e-04   9.9917929e-01
   1.1010000e+03   4.9281131e-04   4.1420579e-04   9.9909298e-01
   1.1430000e+03   8.3259751e-04   9.9873738e-01   4.3002384e-04
   1.1410000e+03   4.1756805e-04   7.0659641e-04   9.9887584e-01
   1.0640000e+03   4.7014686e-04   1.2454288e-03   9.9828442e-01
   1.1450000e+03   5.1571852e-04   4.0474627e-04   9.9907954e-01
   1.1540000e+03   3.8901753e-04   9.9937889e-01   2.3208874e-04
   1.1090000e+03   3.9420725e-04   9.9899768e-01   6.0811763e-04
   1.1490000e+03   9.9945921e-01   4.8274521e-05   4.9251286e-04
   1.1550000e+03   3.8903111e-04   9.9904305e-01   5.6792018e-04
   1.0610000e+03   5.0986105e-04   4.3626652e-05   9.9944651e-01
   1.1160000e+03   5.5961860e-04   2.5596404e-04   9.9918442e-01
   1.0520000e+03   9.9946446e-01   1.7763192e-04   3.5790920e-04
   1.0250000e+03   2.1493475e-04   3.4787289e-04   9.9943719e-01
   1.0940000e+03   4.7840797e-04   9.2349868e-04   9.9859809e-01
   1.1360000e+03   1.9530505e-04   9.9941253e-01   3.9216429e-04
   1.1470000e+03   5.1716795e-04   9.9897330e-01   5.0953539e-04
   1.0870000e+03   5.1472937e-04   1.9230616e-03   9.9756221e-01
   1.0880000e+03   5.5738070e-04   2.1408904e-03   9.9730173e-01
   1.1040000e+03   9.9922922e-01   5.3796614e-04   2.3281760e-04
   1.1050000e+03   9.9948035e-01   6.3943669e-05   4.5570135e-04
   1.0900000e+03   5.4859867e-04   1.7800021e-03   9.9767140e-01
   1.0500000e+03   9.9931063e-01   4.6755024e-04   2.2181917e-04
   1.0540000e+03   1.3070091e-03   1.9889833e-03   9.9670401e-01
   1.0560000e+03   5.5393055e-04   1.6163851e-03   9.9782968e-01
   1.0580000e+03   5.3036234e-04   1.3934741e-03   9.9807616e-01
   8.5900000e+02   7.6409602e-04   9.9923590e-01   6.4915642e-16
   1.4500000e+03   7.4852302e-01   1.2615713e-01   1.2531985e-01
   1.2810000e+03   2.4733619e-03   2.8151864e-16   9.9752664e-01
   1.2970000e+03   4.5541339e-01   8.6862049e-02   4.5772457e-01
   1.5910000e+03   8.4731856e-04   3.4608571e-04   9.9880660e-01
   1.5880000e+03   7.7341355e-02   9.1641981e-01   6.2388385e-03
   1.2990000e+03   9.5274396e-04   2.4556901e-04   9.9880169e-01
   1.2300000e+03   3.2096477e-02   7.7167976e-03   9.6018672e-01
   1.3000000e+03   9.9807830e-01   1.4407306e-03   4.8096489e-04
   1.3010000e+03   9.9840429e-01   0.0000000e+00   1.5957141e-03
   1.5520000e+03   1.1102230e-16   2.2624991e-03   9.9773750e-01
   1.2150000e+03   4.9474278e-01   3.6502858e-01   1.4022865e-01
   1.5870000e+03   2.8210301e-01   2.2156888e-01   4.9632810e-01
   1.5830000e+03   9.9852342e-01   7.3725756e-04   7.3932494e-04
   1.3020000e+03   9.9830609e-01   2.0511313e-04   1.4887952e-03
   1.3030000e+03   4.3188834e-04   9.9793622e-01   1.6318878e-03
   1.5570000e+03   3.6332222e-01   6.0053839e-01   3.6139398e-02
   1.5770000e+03   9.9867464e-01   2.3866574e-04   1.0866906e-03
   1.3040000e+03   9.9827260e-01   2.7325884e-04   1.4541450e-03
   1.5590000e+03   2.5848323e-04   1.8104159e-03   9.9793110e-01
   1.2260000e+03   9.9843849e-01   4.4060238e-04   1.1209119e-03
   1.5710000e+03   9.9896229e-01   1.3871814e-04   8.9899401e-04
   1.3060000e+03   9.9862006e-01   1.9479677e-04   1.1851453e-03
   1.5630000e+03   3.1742519e-04   1.3423822e-03   9.9834019e-01
   1.2230000e+03   9.9857891e-01   2.1802147e-04   1.2030680e-03
   1.4890000e+03   4.5472456e-04   9.9910992e-01   4.3535506e-04
   1.3080000e+03   9.9887475e-01   1.7659176e-04   9.4865807e-04
   1.5660000e+03   9.9835084e-01   4.6081329e-04   1.1883512e-03
   1.2670000e+03   7.2105418e-04   1.1145757e-03   9.9816437e-01
   1.2380000e+03   1.5954743e-03   9.9840453e-01   2.4539381e-15
   1.5650000e+03   9.9862740e-01   1.4786891e-04   1.2247324e-03
   1.3110000e+03   7.1054274e-15   1.4464103e-03   9.9855359e-01
   1.5380000e+03   9.9833000e-01   1.1142304e-04   1.5585763e-03
   1.4910000e+03   5.5247968e-04   9.9881805e-01   6.2946701e-04
   1.3120000e+03   9.9830575e-01   3.5601875e-04   1.3382289e-03
   1.5340000e+03   9.9830318e-01   1.2659015e-04   1.5702284e-03
   1.2650000e+03   6.1403436e-04   1.4930798e-03   9.9789289e-01
   1.5610000e+03   4.0349804e-01   4.3682633e-02   5.5281933e-01
   1.5420000e+03   5.9082265e-01   2.8885717e-01   1.2032018e-01
   1.5400000e+03   1.6263303e-02   3.2643702e-01   6.5729967e-01
   1.5440000e+03   6.0886886e-01   2.6625637e-01   1.2487477e-01
   1.1680000e+03   4.2328282e-01   2.9882360e-01   2.7789358e-01
   1.5530000e+03   2.6240502e-01   5.5099757e-01   1.8659740e-01
   1.5450000e+03   1.5596403e-03   1.0744833e-04   9.9833291e-01
   1.5460000e+03   1.9394791e-01   5.0593620e-01   3.0011589e-01
   1.2450000e+03   1.8759613e-04   2.3847815e-03   9.9742762e-01
   1.5480000e+03   9.9805873e-01   1.1630179e-04   1.8249699e-03
   1.3190000e+03   9.9809536e-01   7.7587531e-05   1.8270560e-03
   1.2630000e+03   2.0560451e-04   9.9781691e-01   1.9774825e-03
   1.5410000e+03   7.4288114e-02   1.6700114e-01   7.5871074e-01
   1.1740000e+03   8.1148124e-01   1.8507201e-01   3.4467567e-03
   1.5270000e+03   6.1577887e-04   3.3710513e-03   9.9601317e-01
   1.2430000e+03   9.9634891e-01   6.0776922e-04   3.0433257e-03
   1.5370000e+03   9.9809283e-01   3.3199849e-04   1.5751714e-03
   1.3210000e+03   9.9756971e-01   4.5073592e-04   1.9795566e-03
   1.5290000e+03   2.1781302e-04   2.5324883e-03   9.9724970e-01
   1.2420000e+03   9.9769805e-01   9.4766334e-05   2.2071849e-03
   1.3300000e+03   9.9502835e-01   4.4178768e-03   5.5377408e-04
   1.5360000e+03   9.9806975e-01   1.9302483e-03   4.6921266e-15
   1.5310000e+03   2.3370374e-04   2.4591786e-03   9.9730712e-01
   1.3300000e+03   9.9513523e-01   4.8647695e-03   0.0000000e+00
   1.4920000e+03   3.1900302e-03   9.8192175e-01   1.4888215e-02
   1.3300000e+03   9.9034603e-01   3.0904385e-03   6.5635269e-03
   1.5330000e+03   3.8247316e-03   9.9162244e-01   4.5528306e-03
   1.3300000e+03   9.8353245e-01   6.5125165e-03   9.9550321e-03
   1.6830000e+03   2.7889522e-03   8.1507050e-04   9.9639598e-01
   1.3280000e+03   2.8177007e-03   2.9105883e-04   9.9689124e-01
   1.6900000e+03   2.5063429e-03   2.8074979e-04   9.9721291e-01
   1.3320000e+03   2.7464210e-03   5.0222995e-04   9.9675135e-01
   1.3330000e+03   1.8861606e-03   5.6132767e-04   9.9755251e-01
   1.5240000e+03   9.6415529e-01   2.6317457e-02   9.5272534e-03
   1.3360000e+03   3.8545709e-05   2.7519585e-03   9.9720950e-01
   1.5000000e+03   3.0419618e-01   4.4650559e-01   2.4929823e-01
   1.2600000e+03   5.6772267e-01   5.8261198e-02   3.7401613e-01
   1.4970000e+03   4.9647158e-03   5.2433020e-02   9.4260226e-01
   1.4980000e+03   1.2214300e-01   2.7283158e-01   6.0502542e-01
   1.6860000e+03   1.3725748e-02   2.3161153e-01   7.5466272e-01
   1.6840000e+03   1.4100002e-02   6.2626587e-01   3.5963413e-01
   1.3300000e+03   2.8054098e-03   4.6812150e-01   5.2907309e-01
   1.3390000e+03   6.6289771e-01   3.1910373e-01   1.7998561e-02
   1.5070000e+03   9.9784242e-01   2.4797047e-04   1.9096144e-03
   1.5070000e+03   3.8021118e-02   1.6396023e-02   9.4558286e-01
   1.5040000e+03   1.5374809e-03   0.0000000e+00   9.9846252e-01
   1.3430000e+03   9.9875691e-01   1.2430942e-03   0.0000000e+00
   1.3430000e+03   9.9847732e-01   2.2801202e-04   1.2946696e-03
   1.2640000e+03   3.5760750e-03   1.4362174e-01   8.5280219e-01
   1.5090000e+03   6.1549468e-04   9.9893936e-01   4.4514589e-04
   1.3440000e+03   9.9899400e-01   8.6213539e-04   1.4386008e-04
   1.3450000e+03   9.9912572e-01   3.0948157e-04   5.6479492e-04
   1.2670000e+03   1.0781672e-03   9.9892183e-01   6.2672672e-16
   1.3470000e+03   1.4388940e-01   3.1775080e-02   8.2433552e-01
   1.5180000e+03   9.1895263e-03   8.9456247e-01   9.6248005e-02
   1.2590000e+03   9.9621876e-01   2.3780574e-03   1.4031816e-03
   1.5990000e+03   3.6625946e-02   2.9207802e-02   9.3416625e-01
   1.6860000e+03   2.1166236e-03   9.9748173e-01   4.0164677e-04
   1.3500000e+03   2.0820461e-03   9.9761786e-01   3.0008959e-04
   1.6920000e+03   2.0027313e-03   9.9764698e-01   3.5028691e-04
   1.3530000e+03   9.9744499e-01   5.4107109e-04   2.0139371e-03
   1.6750000e+03   2.0054420e-01   1.4777419e-02   7.8467838e-01
   1.6730000e+03   8.0416169e-01   1.5832240e-01   3.7515910e-02
   1.6760000e+03   1.8993034e-03   9.9733161e-01   7.6908172e-04
   1.3560000e+03   5.3897248e-02   4.1652979e-01   5.2957296e-01
   1.2060000e+03   9.6611918e-05   3.0939891e-03   9.9680940e-01
   1.3570000e+03   9.9772217e-01   2.0925577e-03   1.8527226e-04
   1.5060000e+03   9.9784230e-01   2.1576978e-03   6.5916867e-15
   1.6080000e+03   3.5048286e-04   3.2130160e-03   9.9643650e-01
   1.6060000e+03   2.0592811e-04   9.9737807e-01   2.4159989e-03
   1.3590000e+03   9.9784834e-01   2.0312099e-03   1.2045436e-04
   1.6110000e+03   9.9778906e-01   2.0293782e-03   1.8155939e-04
   1.2050000e+03   2.5794203e-03   3.0331145e-04   9.9711727e-01
   1.6040000e+03   8.6384286e-05   9.9731008e-01   2.6035339e-03
   1.6200000e+03   9.9797965e-01   0.0000000e+00   2.0203475e-03
   1.6150000e+03   9.9800565e-01   1.9943548e-03   0.0000000e+00
   1.6030000e+03   9.9742094e-01   4.0863521e-05   2.5382010e-03
   1.6020000e+03   4.7795726e-04   9.9721288e-01   2.3091614e-03
   1.7000000e+03   1.0310653e-03   9.9793270e-01   1.0362371e-03
   1.6190000e+03   9.9759820e-01   2.0637262e-03   3.3807547e-04
   1.2090000e+03   2.4889576e-03   3.7142483e-04   9.9713962e-01
   1.5030000e+03   1.5132096e-03   9.9820715e-01   2.7964440e-04
   1.3630000e+03   9.9796390e-01   8.2683598e-05   1.9534183e-03
   1.2120000e+03   2.2553100e-05   9.9765773e-01   2.3197199e-03
   1.2560000e+03   1.7694139e-03   2.3646790e-03   9.9586591e-01
   1.3650000e+03   1.5039683e-03   9.9806852e-01   4.2751242e-04
   1.6270000e+03   9.9805035e-01   2.5657339e-04   1.6930807e-03
   1.2580000e+03   3.4821074e-04   1.7169078e-03   9.9793488e-01
   1.3660000e+03   8.9173946e-01   2.7421795e-02   8.0838741e-02
   1.6240000e+03   3.8255114e-01   9.2154228e-02   5.2529464e-01
   1.6370000e+03   9.9838450e-01   1.6154977e-03   1.4087737e-15
   1.2000000e+03   1.4190960e-03   2.1860471e-04   9.9836230e-01
   1.6240000e+03   4.1663264e-01   4.1707441e-02   5.4165992e-01
   1.6410000e+03   9.9821647e-01   1.5309575e-03   2.5257261e-04
   1.2020000e+03   1.4745430e-03   4.3018376e-16   9.9852546e-01
   1.6170000e+03   1.4846896e-03   0.0000000e+00   9.9851531e-01
   1.3710000e+03   1.5492115e-03   1.6316956e-04   9.9828762e-01
   1.3730000e+03   5.5350682e-04   9.9875885e-01   6.8763910e-04
   1.3730000e+03   9.9875788e-01   1.2421199e-03   0.0000000e+00
   1.5060000e+03   0.0000000e+00   1.4910336e-03   9.9850897e-01
   1.2030000e+03   1.4643799e-03   9.9853562e-01   0.0000000e+00
   1.3750000e+03   4.3684500e-04   9.9862647e-01   9.3668176e-04
   1.6430000e+03   9.9830307e-01   1.3008721e-03   3.9606014e-04
   1.6140000e+03  -1.1102230e-16   1.5201828e-03   9.9847982e-01
   1.6130000e+03   4.0852738e-15   9.9845651e-01   1.5434898e-03
   1.6470000e+03   5.7684251e-04   5.3114190e-04   9.9889202e-01
   1.3760000e+03   9.9839191e-01   9.5204237e-04   6.5605138e-04
   1.5160000e+03   9.9849258e-01   8.5257661e-04   6.5484188e-04
   1.6480000e+03   0.0000000e+00   1.0843939e-03   9.9891561e-01
   1.6460000e+03   5.5024580e-04   9.9874414e-01   7.0561803e-04
   1.3780000e+03   9.9864825e-01   1.1299189e-03   2.2183491e-04
   1.6530000e+03   9.9873954e-01   1.0212904e-03   2.3916898e-04
   1.1870000e+03   6.7518380e-04   4.7787567e-04   9.9884694e-01
   1.6400000e+03   1.3646143e-04   9.9827617e-01   1.5873690e-03
   1.1890000e+03   9.9810340e-01   1.5139288e-03   3.8266960e-04
   1.3460000e+03   6.5414624e-03   7.7768390e-02   9.1569015e-01
   1.4580000e+03   9.2992684e-01   3.7453332e-02   3.2619825e-02
   1.4590000e+03   9.5512081e-01   4.2646296e-02   2.2328940e-03
   1.3900000e+03   4.6178049e-04   9.9886017e-01   6.7804817e-04
   1.5200000e+03   9.9811466e-01   8.0433901e-04   1.0809991e-03
   1.2700000e+03   9.9827481e-01   6.5068998e-04   1.0744972e-03
   1.4850000e+03   6.2079770e-04   9.9885839e-01   5.2080811e-04
   1.2890000e+03   4.1199683e-17   9.9752884e-01   2.4711557e-03
   1.3930000e+03   9.9850799e-01   1.4920142e-03   0.0000000e+00
   1.2920000e+03   7.3541433e-16   9.9928945e-01   7.1054804e-04
   1.2890000e+03   1.9763969e-05   6.4737529e-04   9.9933286e-01
   1.4440000e+03   6.7940384e-04   8.2872126e-04   9.9849187e-01
   1.3940000e+03   9.9927343e-01   6.4748774e-04   7.9085531e-05
   1.3950000e+03   9.9924218e-01   1.2607485e-04   6.3174204e-04
   1.4530000e+03   9.7352462e-01   9.5855748e-03   1.6889808e-02
   1.2680000e+03   7.5365557e-04   0.0000000e+00   9.9924634e-01
   1.2490000e+03   9.9925146e-01   7.4853607e-04   3.7918735e-14
   1.3960000e+03   1.1325576e-15   9.9919277e-01   8.0723102e-04
   1.3970000e+03   4.5940414e-01   3.8714095e-02   5.0188176e-01
   1.4530000e+03   9.7350662e-01   1.0296351e-02   1.6197034e-02
   1.3980000e+03   9.9944855e-01   3.1791650e-05   5.1965858e-04
   1.4450000e+03   9.9910591e-01   3.8763750e-16   8.9408555e-04
   1.4530000e+03   9.7435936e-01   7.3161025e-03   1.8324542e-02
   1.5950000e+03   1.6391180e-04   1.0391188e-03   9.9879697e-01
   1.2130000e+03   9.9894638e-01   6.9809468e-15   1.0536185e-03
   1.4000000e+03   9.1983712e-16   9.9896988e-01   1.0301248e-03
   1.4010000e+03   6.0278286e-05   1.0940843e-03   9.9884564e-01
   1.5720000e+03   9.9883842e-01   3.2546062e-04   8.3611499e-04
   1.2690000e+03   3.6164507e-04   7.5351614e-04   9.9888484e-01
   1.4870000e+03   7.6326661e-04   9.9914279e-01   9.3941173e-05
   1.4030000e+03   4.9090713e-05   8.5988438e-04   9.9909102e-01
   1.5780000e+03   9.9874030e-01   2.0358408e-04   1.0561129e-03
   1.2210000e+03   9.9885126e-01   1.9593464e-04   9.5280666e-04
   1.5680000e+03   7.8320923e-04   9.9915165e-01   6.5144065e-05
   1.4480000e+03   1.4777676e-15   9.9914132e-01   8.5867544e-04
   1.5840000e+03   9.9866489e-01   1.7668416e-04   1.1584242e-03
   1.2190000e+03   9.9866765e-01   1.9000309e-04   1.1423429e-03
   1.4060000e+03   1.8862949e-15   9.9900789e-01   9.9210766e-04
   1.4070000e+03   2.1094237e-15   8.8235247e-04   9.9911765e-01
   1.2140000e+03   2.9147792e-04   9.9921646e-01   4.9206375e-04
   1.5960000e+03   2.4691267e-02   6.2252144e-01   3.5278730e-01
   1.4080000e+03   4.6512273e-17   9.9913001e-01   8.6998569e-04
   1.4410000e+03   1.7626959e-15   9.9914876e-01   8.5124276e-04
   1.4410000e+03   3.4890277e-04   9.9956603e-01   8.5068034e-05
   1.2970000e+03   4.6185526e-01   1.1694802e-02   5.2644994e-01
   1.7010000e+03   1.7899417e-03   9.9821006e-01   1.5711254e-15
