   5.4000000e+01   3.6096217e-01   4.1423885e-01   2.2479897e-01
   1.1670000e+03   4.4297670e-03   3.4649147e-01   6.4907876e-01
   1.1740000e+03   4.0007816e-02   3.6473581e-01   5.9525637e-01
   1.6220000e+03   1.1721817e-02   1.6162792e-01   8.2665026e-01
   1.3630000e+03   2.1992447e-01   6.7381310e-01   1.0626243e-01
   1.6090000e+03   4.1029018e-01   7.6734037e-02   5.1297578e-01
   9.4000000e+01   8.0995303e-01   9.3125429e-02   9.6921545e-02
   2.1670000e+03   2.1414421e-02   1.4599668e-01   8.3258890e-01
   2.0020000e+03   4.6793870e-01   2.6558047e-01   2.6648083e-01
   1.1780000e+03   1.0619526e-02   3.0382910e-01   6.8555138e-01
   2.1580000e+03   6.2754020e-01   3.5902563e-01   1.3434172e-02
   1.6210000e+03   1.4770592e-01   6.6407783e-01   1.8821625e-01
   1.2000000e+03   2.7881750e-02   2.7818936e-01   6.9392889e-01
   1.1800000e+03   1.9343912e-02   2.6493122e-01   7.1572487e-01
   1.2000000e+03   1.9128551e-02   6.9069860e-01   2.9017285e-01
   1.1800000e+03   1.6147698e-02   7.1383784e-01   2.7001446e-01
   2.0840000e+03   1.0862222e-02   7.7265385e-01   2.1648393e-01
   2.0850000e+03   7.2950494e-01   1.0713262e-02   2.5978180e-01
   1.3250000e+03   1.1079731e-03   9.9439443e-01   4.4975991e-03
   1.1890000e+03   1.7109033e-03   9.8669493e-01   1.1594163e-02
   1.6000000e+02   6.8949257e-02   8.0528913e-01   1.2576161e-01
   1.1910000e+03   1.1383470e-06   1.7998066e-08   9.9999884e-01
   1.1880000e+03   2.1439674e-02   9.6581147e-01   1.2748859e-02
   1.1940000e+03   6.2773915e-02   6.6176928e-01   2.7545681e-01
   9.1000000e+01   1.1449175e-16   9.7938393e-01   2.0616074e-02
   1.1900000e+03   0.0000000e+00   1.0000000e+00  -0.0000000e+00
   1.1960000e+03   3.6244062e-02   6.2145923e-01   3.4229671e-01
   2.0720000e+03   3.4781631e-03   9.6208021e-01   3.4441631e-02
   1.2780000e+03   4.1572916e-01   9.0739418e-16   5.8427084e-01
   1.2320000e+03   3.9563003e-01   1.9364011e-01   4.1072986e-01
   1.2070000e+03   0.0000000e+00   1.0000000e+00   0.0000000e+00
   1.2120000e+03   5.8907182e-02   3.7975500e-01   5.6133782e-01
   2.0200000e+03   3.2025204e-01   4.3012138e-01   2.4962658e-01
   1.4150000e+03   1.6653345e-16   6.8709177e-01   3.1290823e-01
   1.4210000e+03   2.2857549e-06   7.0181480e-01   2.9818291e-01
   2.0300000e+03   1.0206407e-01   1.6746613e-01   7.3046980e-01
   2.0900000e+03   1.9626531e-02   4.4400084e-01   5.3637263e-01
   1.3300000e+03   9.1062792e-03   1.6697794e-02   9.7419593e-01
   1.2470000e+03   4.1808267e-01   4.9288429e-02   5.3262890e-01
   1.2850000e+03   1.2751822e-01   2.5078663e-01   6.2169515e-01
   1.3320000e+03   2.0243412e-01   7.8521235e-01   1.2353537e-02
   1.2330000e+03   3.4821372e-03   1.4232645e-02   9.8228522e-01
   1.2350000e+03   0.0000000e+00   1.0000000e+00   0.0000000e+00
   1.9520000e+03   2.6627152e-03   1.3907973e-02   9.8342931e-01
   1.8850000e+03   1.7793729e-03   1.2834545e-02   9.8538608e-01
   1.8890000e+03   6.5225421e-05   1.7875676e-02   9.8205910e-01
   1.2740000e+03   3.9744750e-01   5.6079115e-01   4.1761353e-02
   1.2960000e+03   4.2284445e-01   5.7715555e-01   0.0000000e+00
   1.2430000e+03   2.5407832e-01   5.9746207e-01   1.4845961e-01
   8.6000000e+01   1.1102230e-16   0.0000000e+00   1.0000000e+00
   8.5000000e+01   0.0000000e+00   1.0000000e+00  -0.0000000e+00
   1.2500000e+03   8.2429452e-01   1.0329004e-01   7.2415436e-02
   1.2470000e+03   0.0000000e+00   1.0000000e+00  -0.0000000e+00
   1.2510000e+03   0.0000000e+00   1.0000000e+00  -0.0000000e+00
   2.0740000e+03   5.5511151e-17   6.9771209e-01   3.0228791e-01
   9.2000000e+01   2.2204460e-16  -0.0000000e+00   1.0000000e+00
   1.2570000e+03   2.1817635e-02   3.0304932e-01   6.7513304e-01
   2.0210000e+03   3.6961519e-01   5.4450220e-01   8.5882611e-02
   1.2640000e+03   9.3364065e-02   7.4726850e-01   1.5936744e-01
   1.3100000e+03   8.5275900e-01   1.0475082e-01   4.2490183e-02
   1.2730000e+03   4.2451535e-01   4.8247529e-01   9.3009361e-02
   2.0870000e+03   2.5457051e-01   5.6717877e-01   1.7825073e-01
   1.2900000e+03   1.0000000e+00  -0.0000000e+00  -0.0000000e+00
   1.2940000e+03   3.9610394e-01   5.0671612e-01   9.7179938e-02
   1.4870000e+03   2.1832916e-02   1.5206257e-01   8.2610452e-01
   1.3060000e+03   8.5996856e-02   6.6586973e-01   2.4813342e-01
   1.3010000e+03   2.3084999e-01   9.3618263e-02   6.7553175e-01
   1.3040000e+03   7.5526765e-01   1.3825882e-01   1.0647354e-01
   1.3140000e+03   8.3292810e-01   1.3902121e-01   2.8050687e-02
   1.3170000e+03   4.6862797e-01   1.3963375e-01   3.9173829e-01
   9.0800000e+02   9.2034624e-01   3.2378907e-09   7.9653755e-02
   2.8500000e+02   4.5208738e-01   1.9551448e-07   5.4791243e-01
   1.9470000e+03   6.0361045e-02   9.3839207e-01   1.2468816e-03
   1.3240000e+03   5.4376212e-01   4.0819967e-01   4.8038215e-02
   9.2000000e+01   5.1799080e-01   3.2787356e-02   4.4922184e-01
   1.3280000e+03   6.2741022e-02   5.3631167e-04   9.3672267e-01
   1.9440000e+03   9.9311472e-01   4.6401548e-03   2.2451235e-03
   9.1700000e+02   0.0000000e+00   1.5565696e-01   8.4434304e-01
   1.9530000e+03   7.8866979e-03   3.4292502e-01   6.4918828e-01
   1.8400000e+03   7.8056618e-01   4.5236923e-02   1.7419690e-01
   1.3600000e+03   4.7787470e-01   1.6383004e-01   3.5829525e-01
   1.6070000e+03   7.3323412e-01   1.5276339e-01   1.1400249e-01
   1.4130000e+03   2.8981943e-02   6.6668216e-03   9.6435124e-01
   1.4150000e+03   9.9999360e-01   1.1514271e-06   5.2523921e-06
   1.8420000e+03   5.1148743e-01   6.2061372e-02   4.2645120e-01
   1.8360000e+03   1.0839075e-01   1.1544373e-01   7.7616551e-01
   1.8330000e+03   1.9519796e-01   9.8590290e-02   7.0621175e-01
   1.8560000e+03   6.0888265e-02   6.8788936e-01   2.5122237e-01
   1.8390000e+03   0.0000000e+00   1.0000000e+00   0.0000000e+00
   1.8880000e+03   1.0834510e-02   5.5041397e-04   9.8861508e-01
   1.8870000e+03   1.4143825e-03   1.0400050e-02   9.8818557e-01
   1.8960000e+03   1.2599415e-02   1.5989859e-04   9.8724069e-01
   1.9000000e+03   1.4822030e-02   1.8073831e-03   9.8337059e-01
   9.0600000e+02   9.8444876e-01   0.0000000e+00   1.5551235e-02
   1.9430000e+03   1.1655982e-02   9.8486937e-01   3.4746499e-03
   1.9690000e+03   2.4614600e-02   3.6948656e-01   6.0589884e-01
   2.0540000e+03   5.2221276e-01   4.6557679e-02   4.3122956e-01
   2.0040000e+03   4.0618104e-03   9.7957476e-01   1.6363428e-02
   1.9890000e+03   1.8556637e-02   3.1983334e-01   6.6161002e-01
   2.0030000e+03   4.1377003e-02   6.5525849e-01   3.0336451e-01
   9.5000000e+01   3.5933832e-03   2.8759229e-01   7.0881433e-01
   2.1680000e+03   6.8864709e-01   6.6552806e-04   3.1068738e-01
   1.9980000e+03   1.9227068e-02   6.3737594e-03   9.7439917e-01
   1.9950000e+03   7.5851489e-04   2.0777472e-02   9.7846401e-01
   2.0010000e+03   1.7860550e-02   9.7113228e-01   1.1007173e-02
   2.0070000e+03   2.5438122e-01   2.2115495e-02   7.2350329e-01
   2.0010000e+03   3.3794426e-01   2.6354936e-02   6.3570081e-01
   2.0010000e+03   8.3610233e-01   9.0068981e-02   7.3828688e-02
   2.0000000e+03   4.6203914e-02   6.0296173e-01   3.5083436e-01
   9.4000000e+01   1.0445743e-01   7.5385690e-02   8.2015688e-01
   2.0050000e+03   2.2389313e-01   1.3883764e-01   6.3726923e-01
   2.0090000e+03   1.1406012e-01   6.8559679e-01   2.0034309e-01
   2.0050000e+03   0.0000000e+00   1.0000000e+00   0.0000000e+00
   2.0080000e+03   2.5795858e-01   7.3868398e-01   3.3574387e-03
   2.0130000e+03   2.5379114e-02   3.3634954e-01   6.3827135e-01
   2.0150000e+03   4.6174305e-02   3.2114315e-01   6.3268255e-01
   2.1590000e+03   2.2764866e-01   2.3727446e-01   5.3507687e-01
   2.0170000e+03   5.6145029e-01   1.2119260e-01   3.1735711e-01
   2.0240000e+03   2.7837714e-01   0.0000000e+00   7.2162286e-01
   2.0260000e+03   2.6141689e-01   0.0000000e+00   7.3858311e-01
   2.0330000e+03   4.7881281e-02   2.3940717e-02   9.2817800e-01
   2.0360000e+03   8.4675926e-02   3.5794245e-02   8.7952983e-01
   2.0380000e+03   3.5676111e-02   9.2322910e-01   4.1094792e-02
   8.3000000e+01   0.0000000e+00   1.0000000e+00  -0.0000000e+00
   8.3000000e+01   1.0000000e+00   0.0000000e+00  -0.0000000e+00
   8.4000000e+01   1.0000000e+00  -0.0000000e+00  -0.0000000e+00
   8.5000000e+01   0.0000000e+00   0.0000000e+00   1.0000000e+00
   2.0400000e+03   3.8355392e-02   9.2899905e-01   3.2645553e-02
   2.0940000e+03   6.3694917e-02   3.7444143e-02   8.9886094e-01
   8.8000000e+01   3.2530656e-01   7.8059070e-03   6.6688753e-01
   2.0770000e+03   1.3073901e-01   1.8871779e-01   6.8054320e-01
   8.9000000e+01   2.1360866e-01   1.7229135e-01   6.1409999e-01
   2.0470000e+03   7.5528847e-01   1.9865197e-01   4.6059565e-02
   2.0640000e+03   5.6751361e-02   3.1140522e-02   9.1210812e-01
   2.0580000e+03   1.5722413e-01   5.3939870e-01   3.0337718e-01
   2.0690000e+03   1.1228635e-01   3.1774410e-02   8.5593924e-01
   2.0590000e+03   0.0000000e+00   1.0000000e+00  -0.0000000e+00
   2.0850000e+03   1.1879967e-03   9.5067239e-01   4.8139613e-02
   2.0850000e+03   7.9379989e-03   1.5940622e-02   9.7612138e-01
   2.0980000e+03   7.1914210e-02   2.8036017e-02   9.0004977e-01
   2.1760000e+03   3.8606463e-01   5.0718518e-02   5.6321685e-01
   3.2400000e+02   9.7269098e-01   1.5280732e-02   1.2028284e-02
   9.8000000e+02   1.3692498e-02   1.9110490e-01   7.9520260e-01
   2.6600000e+02   1.1402670e-01   3.8720329e-01   4.9877001e-01
   1.6300000e+02   7.8174290e-01   2.0105314e-01   1.7203961e-02
   2.8400000e+02   1.1075615e-02   9.8398024e-01   4.9441444e-03
   2.8700000e+02   1.5759087e-02   1.2113416e-01   8.6310676e-01
   1.5200000e+02   1.0122132e-02   9.8316779e-01   6.7100730e-03
   1.5600000e+02   1.9649778e-02   9.7221640e-01   8.1338175e-03
   1.5800000e+02   1.5735282e-02   9.7793178e-01   6.3329415e-03
   1.6100000e+02   7.5244947e-01   1.9182026e-01   5.5730266e-02
   1.0340000e+03   4.5277433e-01   2.0401732e-01   3.4320835e-01
   1.8300000e+02   9.7402243e-01   2.3150735e-02   2.8268345e-03
   1.8700000e+02   9.7761843e-01   2.0099655e-02   2.2819117e-03
   3.8200000e+02   9.8164436e-01   1.7533474e-02   8.2216476e-04
   1.6500000e+02   9.7386330e-01   2.3768805e-02   2.3678958e-03
   1.6900000e+02   9.7693172e-01   2.0905704e-02   2.1625808e-03
   8.8400000e+02   9.8061242e-01   1.8438711e-02   9.4887282e-04
   1.9000000e+02   3.0974052e-02   3.8703587e-01   5.8199008e-01
   1.7100000e+02   9.7620975e-01   2.1413014e-02   2.3772322e-03
   8.8600000e+02   9.7966436e-01   1.9322027e-02   1.0136121e-03
   2.2600000e+02   9.7288461e-01   2.4186844e-02   2.9285494e-03
   1.7400000e+02   2.9349468e-03   9.7368728e-01   2.3377770e-02
   9.8200000e+02   1.4328204e-02   9.6145103e-01   2.4220768e-02
   1.7600000e+02   3.7149323e-02   3.9489114e-01   5.6795954e-01
   9.8800000e+02   1.3338391e-02   9.5666607e-01   2.9995537e-02
   9.8600000e+02   2.4572918e-02   8.9297715e-01   8.2449934e-02
   2.3400000e+02   9.7658273e-01   1.9919988e-02   3.4972787e-03
   2.3800000e+02   9.7980188e-01   1.8023218e-02   2.1748985e-03
   3.7400000e+02   9.8355679e-01   1.6089088e-02   3.5411866e-04
   1.8100000e+02   9.7483494e-01   2.1583038e-02   3.5820217e-03
   1.8500000e+02   9.7852293e-01   1.8913391e-02   2.5636808e-03
   3.8000000e+02   9.8260779e-01   1.6619807e-02   7.7240780e-04
   9.9200000e+02   5.8618777e-03   8.9676565e-01   9.7372474e-02
   2.4400000e+02   7.8571922e-02   1.5374095e-01   7.6768713e-01
   9.0900000e+02   3.1378233e-03   7.4264285e-02   9.2259789e-01
   2.9300000e+02   7.8447481e-01   2.0262756e-01   1.2897629e-02
   9.1400000e+02   1.3885863e-02   3.5160875e-03   9.8259805e-01
   2.0900000e+02   5.4099247e-01   4.0490463e-02   4.1851707e-01
   1.9700000e+02   9.8517992e-01   1.0866399e-02   3.9536778e-03
   8.4800000e+02   9.8540358e-01   1.2017275e-02   2.5791449e-03
   1.9500000e+02   9.8539301e-01   1.0286116e-02   4.3208770e-03
   2.4600000e+02   1.5967209e-01   2.1745202e-02   8.1858271e-01
   8.5000000e+02   9.8494787e-01   1.4203185e-02   8.4894276e-04
   2.4900000e+02   7.9039478e-01   4.9570613e-02   1.6003460e-01
   2.0200000e+02   4.2159197e-03   9.8214640e-01   1.3637677e-02
   2.0600000e+02   7.2182283e-03   9.8340255e-01   9.3792199e-03
   2.0400000e+02   4.9923669e-03   9.8323860e-01   1.1769033e-02
   2.0800000e+02   6.9624115e-03   9.8259898e-01   1.0438605e-02
   2.1000000e+02   3.3427808e-03   9.8716681e-01   9.4904139e-03
   2.1400000e+02   1.4562536e-01   5.5348115e-01   3.0089349e-01
   2.1500000e+02   9.8216692e-01   1.5609747e-02   2.2233351e-03
   9.1100000e+02   7.2958862e-03   9.8278763e-01   9.9164799e-03
   2.7100000e+02   9.4338711e-01   2.5888111e-02   3.0724779e-02
   2.2100000e+02   7.2259626e-03   9.8276837e-01   1.0005668e-02
   2.1900000e+02   5.9252047e-02   2.5813890e-01   6.8260905e-01
   9.8400000e+02   2.8205034e-02   9.2051195e-01   5.1283020e-02
   2.2800000e+02   9.7551520e-01   2.2290243e-02   2.1945550e-03
   8.6400000e+02   9.7910224e-01   2.0342808e-02   5.5495719e-04
   2.3000000e+02   9.7506630e-01   2.3187592e-02   1.7461122e-03
   8.4500000e+02   1.1473401e-04   2.1016561e-02   9.7886871e-01
   2.5200000e+02   9.8284455e-01   1.6316183e-02   8.3926328e-04
   3.7300000e+02   0.0000000e+00   1.5315332e-02   9.8468467e-01
   2.3200000e+02   9.7950766e-01   1.7671185e-02   2.8211577e-03
   2.3600000e+02   9.8129245e-01   1.7306663e-02   1.4008825e-03
   3.7200000e+02   9.8422096e-01   1.5779029e-02   1.1167118e-08
   2.4000000e+02   2.2645238e-01   7.1006628e-01   6.3481346e-02
   1.0480000e+03   4.8858516e-01   4.8868642e-01   2.2728421e-02
   2.5500000e+02   4.3187663e-03   9.7667844e-01   1.9002792e-02
   2.5900000e+02   3.0376469e-03   9.7624374e-01   2.0718613e-02
   8.5600000e+02   9.8569423e-01   1.4305771e-02   3.8794599e-16
   2.5700000e+02   4.0586182e-03   9.7944032e-01   1.6501066e-02
   2.6100000e+02   3.6563191e-03   9.7888224e-01   1.7461443e-02
   2.7500000e+02   9.4888179e-01   2.4006613e-02   2.7111598e-02
   8.4400000e+02   9.8195067e-01   1.2165829e-02   5.8835040e-03
   2.6200000e+02   9.3707794e-01   3.5811542e-02   2.7110517e-02
   3.1800000e+02   2.1600676e-02   6.3947730e-01   3.3892202e-01
   3.2200000e+02   9.7312403e-01   7.1042982e-03   1.9771674e-02
   5.8300000e+02   2.3370744e-01   7.6469468e-01   1.5978806e-03
   2.7900000e+02   5.3975394e-02   1.5418919e-02   9.3060569e-01
   2.6700000e+02   2.1187679e-02   9.7255622e-01   6.2561046e-03
   2.7300000e+02   9.7567122e-01   1.8663222e-02   5.6655578e-03
   9.7800000e+02   4.6345752e-03   9.9069409e-01   4.6713386e-03
   9.0700000e+02   2.7770119e-03   9.3690980e-01   6.0313191e-02
   2.8400000e+02   4.6168561e-02   4.1340319e-01   5.4042825e-01
   9.0600000e+02   4.3934428e-03   9.9206342e-01   3.5431339e-03
   9.1600000e+02   3.4378830e-01   8.6172983e-03   6.4759440e-01
   3.1700000e+02   6.0672319e-02   7.7934062e-01   1.5998706e-01
   8.0200000e+02   9.8398463e-01   1.2868772e-02   3.1465940e-03
   5.7300000e+02   3.2643306e-03   2.5686337e-02   9.7104933e-01
   3.7700000e+02   1.9771704e-03   1.4850128e-02   9.8317270e-01
   3.7600000e+02   9.8450112e-01   1.5497812e-02   1.0650671e-06
   3.8500000e+02   2.2204460e-15   1.5841888e-02   9.8415811e-01
   3.8700000e+02   1.1852423e-05   1.6173938e-02   9.8381421e-01
   8.8900000e+02   3.8183084e-04   1.6525883e-02   9.8309229e-01
   8.4600000e+02   9.8130799e-01   1.6147050e-02   2.5449627e-03
   4.5100000e+02   1.5874514e-01   7.6515655e-02   7.6473921e-01
   8.0600000e+02   4.7324651e-02   1.9717739e-01   7.5549796e-01
   7.9700000e+02   3.9285551e-03   1.6748353e-02   9.7932309e-01
   7.9900000e+02   2.0363436e-01   4.7258233e-01   3.2378331e-01
   8.0600000e+02   6.5267006e-01   2.9290237e-01   5.4427573e-02
   8.4700000e+02   1.6151156e-02   3.7507796e-01   6.0877088e-01
   9.1500000e+02   1.0821296e-02   2.0348054e-04   9.8897522e-01
   8.5200000e+02   9.8825360e-01   9.8410463e-03   1.9053561e-03
   8.5400000e+02   9.8744237e-01   1.2271971e-02   2.8565425e-04
   8.6300000e+02   2.0318642e-03   1.6012145e-02   9.8195599e-01
   8.6900000e+02   1.1344123e-03   1.8405640e-02   9.8045995e-01
   8.7100000e+02   1.7223654e-03   1.8993029e-02   9.7928461e-01
   8.9100000e+02   6.2834273e-04   1.7495858e-02   9.8187580e-01
   9.0500000e+02   4.7096995e-03   9.8367392e-01   1.1616377e-02
   9.6100000e+02   1.4002014e-02   2.1861945e-02   9.6413604e-01
   9.7100000e+02   2.5586163e-02   2.3946830e-01   7.3494553e-01
   9.6300000e+02   8.6005386e-01   8.1091480e-02   5.8854664e-02
   9.7100000e+02   6.3640346e-02   8.9713169e-01   3.9227969e-02
   9.6800000e+02   9.5405933e-01   4.3207419e-02   2.7332549e-03
   9.7300000e+02   9.6195945e-01   4.8515119e-03   3.3189043e-02
   9.8900000e+02   4.3817011e-02   4.5278115e-01   5.0340184e-01
   9.9200000e+02   9.1452460e-03   4.8484158e-02   9.4237060e-01
   9.9600000e+02   5.3262562e-03   2.8127769e-02   9.6654597e-01
   3.9000000e+01   2.1729296e-02   9.6970489e-01   8.5658156e-03
   9.9800000e+02   2.1156784e-02   9.1141523e-02   8.8770169e-01
   3.4000000e+01   3.3030071e-02   3.7210667e-04   9.6659782e-01
   1.0020000e+03   3.5018744e-02   6.1814658e-02   9.0316660e-01
   1.0360000e+03   9.8033836e-01   1.0543195e-02   9.1184495e-03
   3.6000000e+01   1.7940924e-02   4.5694359e-03   9.7748964e-01
   1.0060000e+03   3.8965030e-02   4.3966167e-02   9.1706880e-01
   1.0510000e+03   2.3875253e-02   2.1374649e-02   9.5475010e-01
   1.0370000e+03   5.2256978e-04   1.8662653e-02   9.8081478e-01
   1.0360000e+03   5.7268513e-02   8.7506087e-01   6.7670620e-02
   1.0080000e+03   2.5395415e-02   2.0245227e-01   7.7215232e-01
   1.0110000e+03   8.4180740e-03   2.0879995e-02   9.7070193e-01
   1.0240000e+03   6.9996077e-03   2.8321069e-02   9.6467932e-01
   1.0220000e+03   8.0275274e-03   3.1125289e-02   9.6084718e-01
   1.0200000e+03   8.6808125e-03   3.0277311e-02   9.6104188e-01
   1.0310000e+03   4.4263667e-02   3.8601313e-02   9.1713502e-01
   1.0260000e+03   8.4590811e-03   2.6861708e-02   9.6467921e-01
   1.0280000e+03   7.3238603e-03   2.4917275e-02   9.6775886e-01
   4.1000000e+01   1.8626177e-02   9.7901364e-01   2.3601866e-03
   4.2000000e+01   6.9700781e-02   6.3377657e-03   9.2396145e-01
   1.0380000e+03   9.8269062e-01   1.3628063e-02   3.6813161e-03
   1.0460000e+03   6.6488440e-02   7.1436616e-01   2.1914540e-01
   1.0560000e+03   9.8377121e-01   7.9455549e-03   8.2832330e-03
   2.8170000e+03   2.2963594e-03   9.8298123e-01   1.4722410e-02
   2.8140000e+03   3.3460278e-03   9.7620588e-01   2.0448094e-02
   1.4160000e+03   1.1102230e-16   1.0000000e+00   0.0000000e+00
   1.4200000e+03   0.0000000e+00   1.0000000e+00   0.0000000e+00
   1.9230000e+03   9.9999070e-01   6.2540902e-06   3.0479239e-06
   2.8700000e+03   3.5049320e-01   6.4128621e-01   8.2205882e-03
   2.8700000e+03   7.4034905e-01   2.2572014e-01   3.3930803e-02
   2.8460000e+03   1.3284865e-01   8.2962521e-01   3.7526141e-02
   2.8460000e+03   5.8540710e-01   3.5243694e-01   6.2155963e-02
   2.8420000e+03   8.3048405e-02   8.4516682e-01   7.1784775e-02
   2.8580000e+03   2.7313732e-01   7.0299802e-01   2.3864663e-02
   1.8330000e+03   1.1102230e-16   1.0000000e+00   0.0000000e+00
   3.0680000e+03   3.4077831e-02   9.3921517e-01   2.6706996e-02
   2.8420000e+03   6.3855362e-01   3.1460242e-01   4.6843964e-02
   3.0640000e+03   1.6444383e-02   9.6556518e-01   1.7990435e-02
   1.8830000e+03   1.0000000e+00  -0.0000000e+00  -0.0000000e+00
   1.8830000e+03   1.4740041e-01   8.1371042e-01   3.8889167e-02
   1.8880000e+03   7.8988376e-01   2.0241566e-01   7.7005827e-03
   3.0330000e+03   9.2642329e-01   3.6243053e-02   3.7333661e-02
   3.0310000e+03   9.2763094e-01   2.1243984e-02   5.1125075e-02
   3.0260000e+03   1.4006997e-03   9.8181222e-01   1.6787082e-02
   1.9030000e+03   1.0000000e+00  -0.0000000e+00  -0.0000000e+00
   1.9030000e+03   0.0000000e+00   1.0000000e+00   0.0000000e+00
   1.9230000e+03   0.0000000e+00   1.0000000e+00   0.0000000e+00
   3.0320000e+03   1.6674601e-02   6.3600846e-01   3.4731693e-01
   2.8360000e+03   1.4755854e-01   5.8593352e-02   7.9384810e-01
   2.7940000e+03   9.2109521e-02   1.0660462e-02   8.9723002e-01
   2.8130000e+03   8.4097300e-02   1.0050256e-01   8.1540014e-01
   2.8020000e+03   2.4356254e-01   3.3305092e-01   4.2338654e-01
   2.8360000e+03   5.0504934e-01   1.3622329e-01   3.5872736e-01
   2.7930000e+03   9.8345360e-01   1.0873451e-02   5.6729496e-03
   2.7930000e+03   1.8676603e-02   7.4418281e-01   2.3714059e-01
   2.8030000e+03   5.5932051e-03   1.5126037e-02   9.7928076e-01
   2.7950000e+03   6.9234032e-01   2.8750688e-01   2.0152798e-02
   2.7950000e+03   2.3806881e-01   7.4366312e-01   1.8268070e-02
   2.8120000e+03   6.9384172e-01   2.9358024e-01   1.2578044e-02
   2.4580000e+03   1.7825295e-01   7.7133093e-01   5.0416120e-02
   2.8010000e+03   1.6559105e-02   6.3009980e-01   3.5334110e-01
   3.0030000e+03   6.6050572e-01   3.2896240e-01   1.0531883e-02
   2.8220000e+03   1.9691938e-02   1.9223429e-03   9.7838572e-01
   2.8270000e+03   5.4576265e-03   9.7204927e-01   2.2493106e-02
   2.8050000e+03   2.5014547e-01   7.2562318e-01   2.4231351e-02
   3.0240000e+03   1.2015644e-03   3.4227490e-02   9.6457095e-01
   3.0380000e+03   5.0034732e-02   2.4047982e-03   9.4756047e-01
   3.0380000e+03   4.5936686e-01   5.6979035e-02   4.8365410e-01
   2.8110000e+03   7.1653808e-01   3.8422039e-02   2.4503988e-01
   2.8120000e+03   1.5184812e-03   9.7987975e-01   1.8601773e-02
   2.8170000e+03   5.7912652e-03   1.3160402e-01   8.6260472e-01
   2.4610000e+03   4.3959892e-02   9.1049859e-01   4.5541519e-02
   2.8650000e+03   5.4982066e-02   3.9198722e-02   9.0581921e-01
   2.8270000e+03   9.4066281e-01   1.6048507e-02   4.3288688e-02
   3.0060000e+03   6.2594671e-03   9.7811073e-01   1.5629801e-02
   2.8320000e+03   9.5575923e-01   3.7531105e-02   6.7096685e-03
   2.8350000e+03   6.6943023e-01   1.0873946e-01   2.2183031e-01
   2.4600000e+03   2.8366143e-04   9.8749947e-01   1.2216869e-02
   2.4560000e+03   1.1701699e-03   9.8075826e-01   1.8071568e-02
   2.8490000e+03   1.5104739e-02   2.0085346e-04   9.8469441e-01
   2.8600000e+03   1.1926436e-02   1.8288731e-01   8.0518626e-01
   2.8520000e+03   3.1796846e-03   9.8538373e-01   1.1436582e-02
   2.8570000e+03   2.5003888e-01   7.1053517e-01   3.9425946e-02
   2.8410000e+03   6.1060430e-01   3.2552169e-01   6.3874013e-02
   2.8410000e+03   6.0002381e-02   8.5761334e-01   8.2384276e-02
   2.8450000e+03   6.0233393e-01   3.2441516e-01   7.3250909e-02
   2.8680000e+03   9.3832367e-01   1.5618095e-02   4.6058234e-02
   2.8490000e+03   8.8296388e-01   2.9422069e-02   8.7614054e-02
   3.0440000e+03   4.4157969e-02   4.2650369e-01   5.2933834e-01
   3.0510000e+03   4.9455597e-01   5.2894469e-02   4.5254956e-01
   3.0510000e+03   5.6960303e-02   7.5953338e-01   1.8350631e-01
   3.0530000e+03   9.8064389e-01   1.0786813e-02   8.5692979e-03
   3.0660000e+03   7.2493074e-03   9.7782851e-01   1.4922181e-02
   2.8530000e+03   1.4737829e-02   9.6834499e-01   1.6917177e-02
   2.4570000e+03   2.9467373e-01   3.1779077e-01   3.8753550e-01
   2.8660000e+03   2.2310735e-01   5.1659004e-02   7.2523364e-01
   3.7700000e+03   1.1456727e-01   7.9200449e-01   9.3428233e-02
   2.8650000e+03   7.7842781e-01   7.1475865e-02   1.5009632e-01
   2.4570000e+03   1.7663980e-03   9.8288422e-01   1.5349377e-02
   2.8680000e+03   3.8923277e-01   5.9325145e-01   1.7515781e-02
   3.0520000e+03   3.0878761e-02   4.5084378e-01   5.1827746e-01
   3.0180000e+03   1.0140186e-01   2.1259034e-02   8.7733911e-01
   3.0090000e+03   3.9002798e-02   9.8532384e-02   8.6246482e-01
   3.0110000e+03   5.2085699e-01   5.1758912e-02   4.2738410e-01
   3.0170000e+03   1.0066083e-02   1.1774422e-02   9.7815949e-01
   3.0200000e+03   1.7033245e-02   9.8044642e-03   9.7316229e-01
   3.0310000e+03   3.1871558e-03   9.9667935e-01   1.3349630e-04
   3.0900000e+03   3.2586673e-01   8.6979381e-02   5.8715389e-01
   3.0230000e+03   4.5422923e-01   5.6879122e-02   4.8889165e-01
   3.0250000e+03   6.5428091e-01   1.3889987e-01   2.0681922e-01
   3.7560000e+03   1.9358904e-02   8.4282083e-01   1.3782026e-01
   3.0820000e+03   2.0800774e-02   2.9514062e-02   9.4968516e-01
   3.0500000e+03   3.3122232e-02   7.4084167e-01   2.2603610e-01
   3.0620000e+03   4.8090522e-03   2.8578415e-02   9.6661253e-01
   3.0570000e+03   7.2770460e-01   2.5095701e-02   2.4719970e-01
   3.0610000e+03   1.6917856e-02   2.1728078e-01   7.6580136e-01
   3.0620000e+03   7.7514758e-03   9.8195348e-01   1.0295049e-02
   3.0840000e+03   5.9615920e-04   5.1338857e-03   9.9426996e-01
   2.7640000e+03   7.2952683e-01   2.2438641e-02   2.4803453e-01
   1.9550000e+03   7.0421815e-02   9.2937660e-01   2.0157963e-04
   2.4900000e+03   1.5067438e-02   9.8208676e-01   2.8458004e-03
   2.4880000e+03   1.7717202e-02   9.7939616e-01   2.8866395e-03
   2.4890000e+03   3.9328669e-03   9.8361322e-01   1.2453914e-02
   2.4700000e+03   1.6058848e-02   9.7502036e-01   8.9207962e-03
   2.4710000e+03   4.7857642e-03   9.8393728e-01   1.1276958e-02
   2.6820000e+03   8.0716213e-04   9.5980511e-01   3.9387725e-02
   4.5100000e+02   1.8433783e-02   9.6431483e-01   1.7251386e-02
   2.5290000e+03   1.4025086e-02   9.7969481e-01   6.2801020e-03
   2.5150000e+03   6.1956168e-02   2.9653157e-01   6.4151226e-01
   8.5300000e+02   2.0180699e-01   7.8986693e-01   8.3260807e-03
   2.7060000e+03   3.8517679e-02   9.2685917e-01   3.4623155e-02
   2.7040000e+03   2.1198585e-02   9.2823768e-01   5.0563737e-02
   2.7000000e+03   1.6679264e-02   9.8186964e-01   1.4510939e-03
   2.5020000e+03   1.5672783e-02   9.8207544e-01   2.2517734e-03
   2.5000000e+03   1.5984830e-02   9.8143919e-01   2.5759822e-03
   2.4810000e+03   1.5295962e-02   9.7847008e-01   6.2339579e-03
   2.5090000e+03   5.8356320e-02   1.4351783e-01   7.9812585e-01
   2.5090000e+03   1.3936926e-01   5.0226788e-01   3.5836286e-01
   2.4670000e+03   1.0851896e-02   9.0583868e-02   8.9856424e-01
   2.4670000e+03   2.4812723e-02   9.5964827e-01   1.5539003e-02
   2.4760000e+03   4.9714844e-03   5.8139343e-02   9.3688917e-01
   2.4660000e+03   2.3742060e-01   7.4528146e-01   1.7297939e-02
   2.4740000e+03   9.7984192e-01   1.6128352e-02   4.0297278e-03
   2.4680000e+03   2.8904445e-02   5.3559978e-01   4.3549577e-01
   2.4850000e+03   1.2334551e-02   2.9309711e-01   6.9456834e-01
   2.4770000e+03   4.1524345e-01   1.0048183e-02   5.7470837e-01
   2.4750000e+03   3.5373050e-01   6.3145762e-01   1.4811880e-02
   2.4490000e+03   6.8880538e-01   2.8163064e-01   2.9563978e-02
   2.6770000e+03   1.7597994e-02   3.0055408e-01   6.8184792e-01
   2.4980000e+03   2.2137839e-02   9.7006723e-01   7.7949289e-03
   2.4950000e+03   4.4895241e-03   1.9154004e-02   9.7635647e-01
   2.4780000e+03   2.3879054e-02   7.2426705e-01   2.5185389e-01
   2.4840000e+03   1.2425018e-03   2.1052763e-02   9.7770473e-01
   2.4840000e+03   4.0321258e-02   7.0719895e-01   2.5247979e-01
   2.7100000e+03   2.7782346e-03   4.9971890e-02   9.4724988e-01
   2.7100000e+03   5.8190433e-02   4.7237378e-01   4.6943579e-01
   2.4850000e+03   1.8346112e-02   9.7954059e-01   2.1133017e-03
   2.4900000e+03   8.6241337e-01   1.3124477e-01   6.3418578e-03
   2.4510000e+03   4.5527305e-02   8.9745496e-01   5.7017732e-02
   2.5390000e+03   6.1730609e-03   6.6997179e-02   9.2682976e-01
   2.6790000e+03   1.5245476e-02   9.7600521e-01   8.7493102e-03
   2.4990000e+03   4.8746456e-02   8.7144867e-01   7.9804877e-02
   2.5050000e+03   2.5104181e-02   5.4475956e-03   9.6944822e-01
   2.5080000e+03   1.1855129e-01   6.4931731e-01   2.3213140e-01
   2.4470000e+03   1.7303113e-02   9.8122645e-01   1.4704412e-03
   2.7180000e+03   1.5000748e-02   2.1324741e-02   9.6367451e-01
   2.5220000e+03   2.2902222e-03   1.3672051e-02   9.8403773e-01
   2.5220000e+03   3.8740387e-01   2.9828771e-01   3.1430841e-01
   2.5280000e+03   1.9835985e-02   9.5559665e-01   2.4567363e-02
   2.5170000e+03   2.9060434e-02   9.3273129e-01   3.8208277e-02
   2.5180000e+03   3.4444217e-02   9.6281155e-01   2.7442329e-03
   2.7220000e+03   6.8424156e-02   1.6026576e-01   7.7131008e-01
   2.7240000e+03   6.3142868e-02   4.5519597e-02   8.9133753e-01
   2.5260000e+03   1.6037589e-02   9.6751044e-01   1.6451969e-02
   2.5370000e+03   9.5605588e-01   1.4403376e-02   2.9540748e-02
   2.5350000e+03   6.7822384e-02   2.9319063e-03   9.2924571e-01
   2.5380000e+03   6.3266250e-01   3.4923763e-01   1.8099871e-02
   2.7200000e+03   1.4649039e-02   4.9207685e-01   4.9327411e-01
   2.5390000e+03   7.4162145e-02   7.7713206e-01   1.4870579e-01
   2.5440000e+03   9.7668460e-01   1.9690083e-02   3.6253141e-03
   2.6890000e+03   1.8669363e-02   8.6849603e-02   8.9448103e-01
   2.6840000e+03   4.7934300e-02   5.1782672e-01   4.3423898e-01
   2.6860000e+03   2.7434030e-02   6.9297592e-01   2.7959005e-01
   2.6910000e+03   1.3781343e-02   9.0196932e-03   9.7719896e-01
   2.6930000e+03   1.2554376e-02   1.7822749e-02   9.6962287e-01
   2.6940000e+03   9.3089467e-02   1.9920067e-01   7.0770986e-01
   2.6960000e+03   5.5185727e-02   4.5179401e-01   4.9302027e-01
   2.7030000e+03   9.9143173e-01   1.6594361e-03   6.9088370e-03
   2.6980000e+03   1.4005620e-01   6.5173241e-01   2.0821139e-01
   2.7650000e+03   7.9172111e-02   1.9491244e-03   9.1887876e-01
   3.4060000e+03   1.2404292e-01   8.5670406e-01   1.9253016e-02
   2.7550000e+03   9.4719107e-01   2.5798152e-02   2.7010776e-02
   2.7220000e+03   3.6007522e-02   8.3956340e-01   1.2442908e-01
   2.7210000e+03   2.8120053e-01   6.8537204e-01   3.3427426e-02
   3.7660000e+03   6.4436611e-03   9.8570176e-01   7.8545808e-03
   3.7550000e+03   9.0226958e-01   4.8722987e-02   4.9007430e-02
   2.8370000e+03   3.0754595e-03   9.8245629e-01   1.4468248e-02
   3.7760000e+03   6.1458695e-02   5.6295200e-01   3.7558930e-01
   3.7630000e+03   4.9537210e-02   4.0255830e-01   5.4790449e-01
   3.7590000e+03   1.7905264e-03   9.8600675e-01   1.2202723e-02
   3.7970000e+03   6.8200723e-04   9.8744818e-01   1.1869814e-02
   3.7680000e+03   9.9318651e-02   3.4262046e-01   5.5806089e-01
   3.7690000e+03   5.3485969e-01   5.0933223e-02   4.1420709e-01
   3.7720000e+03   3.6316910e-01   1.8538895e-01   4.5144195e-01
   3.7880000e+03   3.9870216e-02   9.4905107e-01   1.1078714e-02
   3.8260000e+03   2.4718648e-01   7.2935892e-01   2.3454599e-02
   3.5630000e+03   5.9801002e-03   5.2644317e-03   9.8875547e-01
   3.5590000e+03   5.9837807e-03   5.6861346e-03   9.8833008e-01
   3.5460000e+03   6.5510968e-03   9.8663615e-01   6.8127575e-03
   3.5510000e+03   9.9241021e-01   7.3948366e-03   1.9495630e-04
   3.5550000e+03   9.9299568e-01   6.5725370e-03   4.3178515e-04
   3.8190000e+03   9.9373560e-01   5.7826561e-03   4.8174747e-04
   3.7850000e+03   2.6541095e-01   7.1971726e-01   1.4871791e-02
   3.5570000e+03   9.9238103e-01   6.3748766e-03   1.2440928e-03
   3.8210000e+03   9.9291218e-01   5.6447298e-03   1.4430886e-03
   3.5610000e+03   5.9228554e-03   4.9569588e-03   9.8912019e-01
   3.5650000e+03   4.2614712e-03   4.5214461e-03   9.9121708e-01
   3.7150000e+03   3.8951701e-03   4.0668830e-03   9.9203795e-01
   3.5760000e+03   6.1891055e-02   9.3652322e-01   1.5857222e-03
   3.5660000e+03   2.9308768e-02   1.5782834e-02   9.5490840e-01
   3.5680000e+03   2.9209099e-02   4.4286299e-02   9.2650460e-01
   3.7790000e+03   5.8450667e-03   3.0728772e-03   9.9108206e-01
   3.5870000e+03   7.0803593e-01   2.7585542e-02   2.6437853e-01
   3.5690000e+03   7.9750134e-01   1.7153791e-05   2.0248151e-01
   3.5780000e+03   3.4448019e-01   2.3454703e-02   6.3206511e-01
   3.5900000e+03   4.9128464e-01   1.4156327e-02   4.9455904e-01
   3.5710000e+03   1.3849594e-01   5.5812449e-03   8.5592281e-01
   3.5740000e+03   1.8995154e-01   4.8736621e-02   7.6131184e-01
   3.9600000e+03   5.0685374e-01   9.6978344e-02   3.9616792e-01
   3.5810000e+03   4.5713304e-01   4.9769528e-02   4.9309743e-01
   3.5910000e+03   1.6010338e-03   4.6765660e-03   9.9372240e-01
   3.5790000e+03   9.0502653e-01   7.6637707e-02   1.8335764e-02
   3.5820000e+03   3.7780382e-01   9.7637974e-02   5.2455821e-01
   3.5800000e+03   8.9320390e-03   9.8855983e-01   2.5081309e-03
   3.1290000e+03   1.7845413e-01   7.0433210e-01   1.1721377e-01
   3.1300000e+03   3.7126953e-01   1.0618962e-03   6.2766858e-01
   3.5850000e+03   9.9186777e-01   3.0465005e-03   5.0857344e-03
   3.5860000e+03   9.1022348e-01   5.4580974e-02   3.5195548e-02
   3.5830000e+03   9.8870093e-01   5.9964368e-03   5.3026326e-03
   3.5920000e+03   1.9312225e-02   9.1729306e-02   8.8895847e-01
   3.6110000e+03   4.4078679e-02   3.6202853e-02   9.1971847e-01
   3.5950000e+03   1.4933482e-02   2.6511292e-01   7.1995360e-01
   3.5970000e+03   3.4261217e-03   9.9017986e-01   6.3940185e-03
   3.6160000e+03   6.8027888e-03   9.8637122e-01   6.8259916e-03
   3.5950000e+03   5.4953397e-03   9.8804432e-01   6.4603370e-03
   3.5980000e+03   3.2460797e-03   9.8783959e-01   8.9143272e-03
   3.6030000e+03   0.0000000e+00   7.3959475e-03   9.9260405e-01
   3.6070000e+03   2.6708353e-08   6.2685182e-03   9.9373146e-01
   3.6120000e+03   4.3811364e-03   1.2073922e-03   9.9441147e-01
   3.6020000e+03   9.7942698e-01   2.0308269e-02   2.6475229e-04
   3.7920000e+03   9.9225337e-01   1.2419525e-03   6.5046802e-03
   3.6090000e+03   4.8741730e-03   5.8765373e-04   9.9453817e-01
   3.7450000e+03   5.2612797e-03   1.4413596e-03   9.9329736e-01
   3.6140000e+03   7.6501896e-03   9.8591452e-01   6.4352936e-03
   3.7380000e+03   4.1741259e-01   3.6109316e-01   2.2149425e-01
   3.7450000e+03   7.5386745e-01   2.3523065e-01   1.0901897e-02
   3.7470000e+03   4.5585381e-03   3.7198924e-03   9.9172157e-01
   3.1360000e+03   6.4920088e-03   9.8488527e-01   8.6227218e-03
   3.7640000e+03   7.8104377e-03   9.8414486e-01   8.0447023e-03
   3.7490000e+03   4.5684786e-02   6.6908065e-01   2.8523457e-01
   3.7540000e+03   4.4785186e-03   9.8352767e-01   1.1993808e-02
   3.7570000e+03   2.4776791e-03   9.8687407e-01   1.0648248e-02
   3.7770000e+03   5.0944119e-03   6.9850827e-01   2.9639732e-01
   3.8390000e+03   4.2452945e-03   8.8105321e-03   9.8694417e-01
   3.7810000e+03   6.1104626e-03   2.2851368e-03   9.9160440e-01
   3.7880000e+03   3.3776033e-01   4.1158579e-02   6.2108109e-01
   3.4390000e+03   7.1753127e-01   2.8226500e-01   2.0372415e-04
   3.4390000e+03   5.1221283e-03   9.9487787e-01   2.1401633e-09
   3.4410000e+03   4.2678808e-01   5.7321190e-01   2.2218850e-08
   3.7950000e+03   1.0534435e-03   9.8837979e-01   1.0566765e-02
   3.8010000e+03   3.3406420e-03   5.6704359e-03   9.9098892e-01
   3.8090000e+03   1.1866327e-07   1.3337294e-01   8.6662694e-01
   3.8150000e+03   9.4193879e-02   8.3600166e-01   6.9804465e-02
   3.8170000e+03   9.8965262e-01   4.4416300e-05   1.0302963e-02
   3.8250000e+03   1.5242916e-01   1.1074603e-01   7.3682481e-01
   3.8250000e+03   9.9321192e-01   4.3896909e-03   2.3983892e-03
   3.8310000e+03   5.9765270e-03   5.8424826e-01   4.0977521e-01
   3.9590000e+03   1.3875035e-02   7.3611194e-02   9.1251377e-01
   3.4140000e+03   7.1056281e-03   9.8480278e-01   8.0915892e-03
   3.4030000e+03   4.2130422e-02   8.7047387e-01   8.7395708e-02
   3.3890000e+03   1.3219451e-03   1.9918942e-03   9.9668616e-01
   3.4130000e+03   5.6705501e-01   3.7561971e-01   5.7325278e-02
   3.4070000e+03   1.2153515e-02   9.8568190e-01   2.1645821e-03
   3.4470000e+03   1.1784840e-02   9.8730130e-01   9.1386450e-04
   3.4160000e+03   1.1084853e-01   7.6313259e-01   1.2601887e-01
   3.4300000e+03   7.9308117e-01   4.7193178e-02   1.5972565e-01
   3.4710000e+03   4.6438728e-03   9.8981906e-01   5.5370635e-03
   3.4850000e+03   1.6082816e-02   2.2753639e-02   9.6116354e-01
   3.4270000e+03   9.8820825e-01   7.2231627e-03   4.5685908e-03
   3.2210000e+03   9.7931505e-01   4.7993524e-03   1.5885601e-02
   3.2360000e+03   3.9814409e-03   2.6762037e-02   9.6925652e-01
   3.4200000e+03   4.5060216e-01   2.0464835e-01   3.4474949e-01
   3.2350000e+03   5.3658305e-01   2.1816703e-01   2.4524992e-01
   3.4160000e+03   4.3965210e-01   1.5676495e-01   4.0358295e-01
   3.2260000e+03   2.1197243e-02   3.4478720e-01   6.3401556e-01
   3.2200000e+03   8.4754828e-03   1.3780911e-01   8.5371541e-01
   3.2220000e+03   5.1502614e-02   1.8889524e-01   7.5960215e-01
   3.4850000e+03   5.1201883e-03   9.9429191e-01   5.8789832e-04
   3.4230000e+03   2.5433071e-02   1.6556119e-01   8.0900574e-01
   3.2280000e+03   4.8094672e-02   4.5821262e-01   4.9369270e-01
   3.2300000e+03   8.1298136e-02   4.8404683e-01   4.3465503e-01
   3.2390000e+03   6.6580842e-03   2.0430037e-04   9.9313762e-01
   3.4240000e+03   9.5407961e-01   3.2558941e-02   1.3361446e-02
   3.1200000e+03   7.4502451e-01   1.2924385e-01   1.2573164e-01
   3.2390000e+03   1.2358921e-03   6.2699522e-01   3.7176889e-01
   3.2320000e+03   6.7707133e-03   9.9129253e-01   1.9367598e-03
   3.2330000e+03   6.8918865e-03   5.5697625e-03   9.8753835e-01
   3.2340000e+03   5.7354335e-02   9.0211640e-01   4.0529265e-02
   3.2380000e+03   3.7141524e-02   6.7010284e-01   2.9275564e-01
   3.2400000e+03   8.9032949e-01   9.2898039e-02   1.6772466e-02
   3.3770000e+03   5.8608832e-03   5.8809521e-01   4.0604391e-01
   3.2640000e+03   7.4998704e-01   2.2218744e-01   2.7825517e-02
   3.2640000e+03   6.5961807e-03   9.8580456e-01   7.5992578e-03
   3.2690000e+03   4.6751149e-03   3.7311532e-01   6.2220957e-01
   3.2440000e+03   7.1973451e-01   2.6454436e-01   1.5721124e-02
   3.2440000e+03   6.2783506e-03   9.8750485e-01   6.2167963e-03
   3.2580000e+03   9.3504361e-01   1.2607834e-02   5.2348557e-02
   3.2430000e+03   5.9645477e-03   9.9003295e-01   4.0025031e-03
   3.2460000e+03   8.7090149e-03   9.8750135e-01   3.7896322e-03
   3.2480000e+03   1.8653898e-03   6.7809671e-03   9.9135364e-01
   3.2520000e+03   1.0501565e-03   1.7794014e-02   9.8115583e-01
   3.2500000e+03   1.7787036e-03   5.5981752e-03   9.9262312e-01
   3.4420000e+03   8.2395550e-04   1.3728152e-04   9.9903876e-01
   3.2560000e+03   9.0350863e-01   5.1356370e-03   9.1355736e-02
   3.2570000e+03   1.1144691e-03   4.6486070e-03   9.9423692e-01
   3.3920000e+03   8.7333924e-01   1.4340043e-02   1.1232072e-01
   3.3930000e+03   9.9223070e-01   2.8294360e-03   4.9398637e-03
   3.3780000e+03   1.8886692e-02   6.3127515e-01   3.4983816e-01
   3.2620000e+03   7.0739845e-01   2.4445259e-01   4.8148967e-02
   3.2620000e+03   6.1596349e-03   9.8533646e-01   8.5039028e-03
   3.3840000e+03   1.9854138e-01   8.5783883e-03   7.9288023e-01
   3.3850000e+03   1.5006090e-02   1.4212427e-01   8.4286964e-01
   3.3860000e+03   2.5092835e-01   3.6487472e-01   3.8419693e-01
   3.3930000e+03   3.6254501e-02   2.7296973e-01   6.9077577e-01
   3.3950000e+03   2.2469990e-02   2.1959561e-02   9.5557045e-01
   3.3950000e+03   9.9063777e-01   5.2847506e-03   4.0774835e-03
   3.4110000e+03   7.5859947e-03   9.8296429e-01   9.4497135e-03
   3.3970000e+03   2.8448424e-01   6.6841230e-01   4.7103457e-02
   3.4020000e+03   1.1974654e-02   9.8284619e-01   5.1791537e-03
   3.4040000e+03   1.0477388e-02   9.8651294e-01   3.0096735e-03
   3.4240000e+03   2.9489751e-01   6.9808958e-01   7.0129090e-03
   3.4260000e+03   1.2845013e-02   3.2401037e-01   6.6314461e-01
   3.4870000e+03   1.1973483e-02   3.3286122e-03   9.8469791e-01
   3.4310000e+03   9.8885158e-01   6.2057125e-03   4.9427092e-03
   3.4430000e+03   1.0439951e-02   9.8813863e-01   1.4214177e-03
   3.4490000e+03   9.9058532e-01   8.6718122e-03   7.4286619e-04
   3.4630000e+03   8.9866121e-02   6.7441088e-01   2.3572300e-01
   3.4730000e+03   3.5248856e-03   9.8982512e-01   6.6499918e-03
   3.4790000e+03   4.0997700e-01   5.8540558e-01   4.6174237e-03
   4.5410000e+03   1.3452449e-03   9.8853944e-01   1.0115319e-02
   5.6730000e+03   4.0798140e-02   6.3635938e-01   3.2284248e-01
   3.5650000e+03   9.9608267e-01   3.4146015e-03   5.0272578e-04
   5.7020000e+03   5.5262243e-03   9.8925112e-01   5.2226531e-03
   5.6990000e+03   5.1441342e-03   9.8995330e-01   4.9025700e-03
   5.3060000e+03   5.1896650e-03   9.8901732e-01   5.7930137e-03
   5.3030000e+03   7.4913457e-01   1.4548783e-02   2.3631665e-01
