   1.0000000e+00   7.3534617e-01   1.2754633e-01   1.3710750e-01
   2.4700000e+02   6.3416038e-02   4.9911486e-01   4.3746910e-01
   7.4900000e+02   7.4751885e-01   5.0605098e-02   2.0187605e-01
   7.4700000e+02   7.3440963e-01   2.1553254e-01   5.0057823e-02
   8.0000000e+00   1.7795037e-02   5.8364319e-01   3.9856177e-01
   7.0000000e+00   2.0207878e-02   6.7915328e-01   3.0063885e-01
   6.8800000e+02   2.9536381e-01   6.7791893e-01   2.6717255e-02
   1.8300000e+02   4.7313050e-02   9.3008155e-01   2.2605396e-02
   2.2000000e+01   2.3198556e-01   5.7159288e-02   7.1085515e-01
   1.8900000e+02   1.8243850e-01   6.7932800e-01   1.3823349e-01
   2.1000000e+01   7.9218831e-02   2.1421684e-01   7.0656433e-01
   4.8000000e+01   9.6151619e-01   3.1967148e-02   6.5166573e-03
   9.0000000e+01   1.6193060e-01   6.8332653e-02   7.6973674e-01
   1.6071000e+04   7.1085678e-02   3.5583286e-02   8.9333104e-01
   3.6000000e+01   4.3211719e-01   4.8590097e-01   8.1981842e-02
   3.8000000e+01   9.8672713e-01   1.2129027e-02   1.1438470e-03
   3.9000000e+01   3.2611824e-01   5.9585797e-01   7.8023786e-02
   1.2400000e+02   4.3290229e-03   9.9287797e-01   2.7930095e-03
   4.1000000e+01   3.6876819e-03   9.8937782e-01   6.9344942e-03
   2.0100000e+02   1.1693061e-02   9.7425055e-01   1.4056394e-02
   4.7000000e+01   2.2202984e-01   1.2727171e-01   6.5069846e-01
   1.2300000e+02   3.8890391e-03   4.2267212e-03   9.9188424e-01
   1.1800000e+02   4.3055486e-03   9.9506895e-01   6.2549856e-04
   4.8000000e+01   1.0758592e-02   3.1229694e-03   9.8611844e-01
   1.2000000e+02   9.0676710e-01   2.7779203e-02   6.5453700e-02
   1.1800000e+02   2.9783374e-01   1.4210257e-01   5.6006370e-01
   3.0600000e+02   7.4489609e-02   4.5589194e-01   4.6961845e-01
   3.0500000e+02   6.2865778e-01   6.4393799e-02   3.0694842e-01
   1.9900000e+02   1.4165490e-03   7.5579587e-03   9.9102549e-01
   6.0000000e+01   7.0217412e-01   2.8228358e-01   1.5542294e-02
   2.2300000e+02   5.4352668e-02   8.0464662e-01   1.4100072e-01
   2.2200000e+02   1.2558928e-01   7.3684940e-02   8.0072578e-01
   5.8000000e+01   4.4699713e-01   4.7463519e-01   7.8367679e-02
   1.5500000e+02   2.3141243e-01   6.7617290e-01   9.2414671e-02
   5.3000000e+01   3.9207492e-02   4.8037947e-01   4.8041304e-01
   2.5200000e+02   3.2108556e-01   9.0085263e-02   5.8882918e-01
   2.1500000e+02   9.3800997e-01   2.0889288e-02   4.1100745e-02
   5.6000000e+01   9.2927967e-02   1.9311441e-01   7.1395763e-01
   1.6700000e+02   5.4620082e-01   3.0660935e-01   1.4718983e-01
   6.0000000e+01   1.0137216e-01   8.8888667e-01   9.7411709e-03
   6.1000000e+01   1.3218764e-02   1.9538640e-01   7.9139483e-01
   6.9000000e+01   4.4174925e-01   2.7086185e-01   2.8738890e-01
   6.4000000e+01   4.5266024e-01   1.1945255e-01   4.2788721e-01
   3.0300000e+02   2.8837743e-01   4.1305834e-01   2.9856424e-01
   3.3000000e+01   5.0523408e-01   4.4568495e-01   4.9080974e-02
   7.3000000e+01   9.0680920e-03   1.5030054e-01   8.4063137e-01
   1.2600000e+02   8.2929100e-04   9.9124833e-01   7.9223780e-03
   1.3000000e+02   1.3977918e-01   5.6037863e-01   2.9984219e-01
   1.2800000e+02   1.4341486e-01   8.4082682e-01   1.5758323e-02
   1.3200000e+02   3.3750258e-02   2.8013853e-01   6.8611121e-01
   1.3600000e+02   6.1366205e-01   9.9752131e-02   2.8658582e-01
   1.3900000e+02   7.9822392e-02   4.1108692e-02   8.7906892e-01
   7.9000000e+01   9.8352906e-03   7.8884868e-01   2.0131603e-01
   9.8000000e+01   4.7901862e-03   9.8661714e-01   8.5926772e-03
   8.3000000e+01   4.9057993e-03   3.1982745e-03   9.9189593e-01
   8.5000000e+01   8.8314772e-15   9.9301748e-01   6.9825187e-03
   8.8000000e+01   9.9556009e-01   1.1278163e-03   3.3120916e-03
   8.6000000e+01   1.3423488e-01   5.8008869e-01   2.8567643e-01
   1.8900000e+02   2.9570242e-03   2.4290071e-04   9.9680008e-01
   1.0000000e+02   2.3777144e-02   6.8538496e-01   2.9083789e-01
   9.7000000e+01   5.7751806e-03   2.5533639e-02   9.6869118e-01
   1.1700000e+02   6.0805963e-03   2.8550580e-03   9.9106435e-01
   9.3000000e+01   1.2025799e-03   9.4965944e-01   4.9137981e-02
   1.0800000e+02   2.2083683e-01   7.5745534e-01   2.1707831e-02
   1.0300000e+02   3.2267371e-01   4.3507444e-02   6.3381885e-01
   1.0200000e+02   2.1911307e-03   9.9473901e-01   3.0698556e-03
   1.9300000e+02   7.0798134e-01   6.0235857e-02   2.3178281e-01
   1.1200000e+02   5.2794387e-02   1.9610229e-01   7.5110332e-01
   1.0900000e+02   6.5738766e-01   1.3520743e-01   2.0740490e-01
   1.6260000e+04   4.3539941e-03   9.9302733e-01   2.6186755e-03
   1.1000000e+02   6.1833220e-03   9.8744337e-01   6.3733098e-03
   1.1400000e+02   1.0902810e-02   1.5095387e-02   9.7400180e-01
   1.2200000e+02   9.9857014e-01   3.8229648e-04   1.0475652e-03
   1.9800000e+02   5.7638726e-01   4.0118085e-01   2.2431887e-02
   2.0500000e+02   4.7974566e-02   6.8614060e-01   2.6588483e-01
   4.4800000e+02   9.6696633e-01   2.6787125e-02   6.2465469e-03
   4.6900000e+02   9.8707891e-01   7.9018466e-03   5.0192455e-03
   1.7200000e+02   7.3846754e-02   5.6797686e-02   8.6935556e-01
   1.6200000e+02   9.9641066e-01   1.2002160e-03   2.3891287e-03
   1.4200000e+02   2.3922516e-03   9.9753883e-01   6.8921178e-05
   2.3900000e+02   1.0189764e-02   9.8562507e-01   4.1851692e-03
   1.5900000e+02   2.3795973e-03   1.6306589e-03   9.9598974e-01
   1.5000000e+02   8.8919084e-03   1.0163118e-01   8.8947691e-01
   1.4400000e+02   3.1589276e-03   9.9536652e-01   1.4745481e-03
   1.4700000e+02   3.0552337e-03   9.9187165e-01   5.0731199e-03
   2.4500000e+02   9.4916298e-03   9.8906296e-01   1.4454054e-03
   1.5600000e+02   5.4834649e-01   3.9523672e-02   4.1212984e-01
   5.4000000e+01   9.2035318e-02   3.9073711e-01   5.1722757e-01
   1.5200000e+02   2.0698514e-03   7.6192861e-03   9.9031086e-01
   1.5200000e+02   9.8333261e-01   5.0730046e-03   1.1594381e-02
   4.7900000e+02   1.1162446e-02   4.9183965e-03   9.8391916e-01
   1.0330000e+03   8.2337459e-01   1.5571581e-01   2.0909601e-02
   1.0160000e+03   2.2391917e-01   1.7130091e-01   6.0477992e-01
   7.6200000e+02   1.7829705e-02   8.9147899e-01   9.0691303e-02
   1.8300000e+02   8.4846161e-01   1.2604748e-01   2.5490906e-02
   1.7700000e+02   5.3189781e-01   4.3574224e-01   3.2359957e-02
   1.8600000e+02   7.0792993e-01   2.9077326e-02   2.6299275e-01
   1.9400000e+02   4.0996563e-02   9.4903297e-01   9.9704634e-03
   1.8600000e+02   1.0519956e-01   4.8843644e-03   8.8991607e-01
   1.8500000e+02   9.2460297e-03   3.1051094e-01   6.8024303e-01
   1.9500000e+02   2.2312333e-02   9.6942882e-01   8.2588515e-03
   1.6452000e+04   2.2454113e-01   7.7139023e-01   4.0686406e-03
   2.2100000e+02   5.0114334e-01   1.7877122e-01   3.2008543e-01
   2.2400000e+02   3.6642119e-02   6.2324547e-02   9.0103333e-01
   2.1200000e+02   2.5136477e-01   5.6388480e-01   1.8475043e-01
   2.1600000e+02   2.6985623e-01   1.7109281e-01   5.5905095e-01
   2.4200000e+02   9.9630933e-01   1.9947537e-03   1.6959133e-03
   1.4700000e+02   7.6499734e-04   3.5546901e-04   9.9887953e-01
   2.3100000e+02   2.2181699e-03   1.3216716e-04   9.9764966e-01
   2.3700000e+02   2.4040706e-03   5.9659941e-04   9.9699933e-01
   2.2900000e+02   6.7291330e-01   2.7847211e-03   3.2430197e-01
   2.2900000e+02   3.8210020e-04   9.9772956e-01   1.8883433e-03
   2.5500000e+02   4.9508362e-05   9.9568913e-01   4.2613599e-03
   2.5600000e+02   9.9509544e-01   1.4990290e-05   4.8895709e-03
   2.3600000e+02   2.3966972e-03   1.2355648e-03   9.9636774e-01
   2.4800000e+02   9.8530294e-01   1.0283861e-02   4.4131949e-03
   2.5000000e+02   1.9584017e-01   7.7322762e-02   7.2683706e-01
   1.4200000e+02   4.2407245e-04   2.4828341e-03   9.9709309e-01
   2.4300000e+02   5.8020581e-02   6.5305837e-03   9.3544884e-01
   2.4400000e+02   1.3411221e-02   1.4591037e-02   9.7199774e-01
   2.4600000e+02   1.1939230e-02   4.5450085e-01   5.3355992e-01
   2.5100000e+02   5.1887658e-01   2.8336701e-01   1.9775641e-01
   2.5800000e+02   1.7871452e-01   7.0570654e-03   8.1422842e-01
   2.5700000e+02   9.9366346e-01   6.3365445e-03   0.0000000e+00
   2.6100000e+02   6.4917222e-01   3.3528708e-01   1.5540698e-02
   2.5900000e+02   6.3167876e-01   2.6243869e-01   1.0588256e-01
   2.6000000e+02   4.7852680e-01   1.7979791e-02   5.0349341e-01
   2.6700000e+02   1.6562526e-02   8.9883960e-01   8.4597875e-02
   2.6600000e+02   2.8697422e-01   5.9664321e-01   1.1638257e-01
   2.7200000e+02   9.7624404e-03   4.2777143e-03   9.8595985e-01
   2.7200000e+02   7.5728058e-01   3.7753880e-02   2.0496554e-01
   6.0100000e+02   3.0515121e-03   9.8582630e-01   1.1122187e-02
   6.0000000e+02   2.0194399e-02   9.7000389e-01   9.8017098e-03
   3.0400000e+02   5.4384565e-01   1.1155888e-02   4.4499847e-01
   1.1955000e+04   3.1433959e-01   6.8302968e-01   2.6307280e-03
   5.3100000e+02   5.0033657e-02   8.5797369e-01   9.1992652e-02
   3.4200000e+02   4.0616046e-01   2.3655630e-01   3.5728324e-01
   4.3100000e+02   9.6337956e-04   9.9375854e-01   5.2780807e-03
   1.3800000e+03   4.7605817e-03   9.9456385e-01   6.7556575e-04
   3.6000000e+02   1.4193888e-02   9.6688636e-01   1.8919754e-02
   3.4900000e+02   6.9454530e-02   5.5491183e-01   3.7563364e-01
   3.5400000e+02   9.5974409e-01   1.6817659e-02   2.3438255e-02
   6.3100000e+02   1.0171768e-03   1.3839977e-02   9.8514285e-01
   6.2800000e+02   8.3212055e-04   9.9723156e-01   1.9363222e-03
   5.1200000e+02   6.3619344e-02   6.6467129e-01   2.7170937e-01
   6.2600000e+02   3.4422520e-01   7.4540280e-02   5.8123453e-01
   3.6900000e+02   5.2686235e-01   2.9803624e-01   1.7510140e-01
   3.6700000e+02   8.4957709e-02   7.1946076e-01   1.9558153e-01
   3.6600000e+02   7.8563160e-02   4.7234538e-01   4.4909146e-01
   4.6400000e+02   9.4234608e-02   6.7456484e-01   2.3120055e-01
   5.6800000e+02   8.8031627e-02   3.2379087e-01   5.8817750e-01
   5.2700000e+02   1.8994888e-02   9.4071303e-01   4.0292081e-02
   3.6100000e+02   4.8109992e-01   3.7410425e-02   4.8148965e-01
   3.6400000e+02   1.9541091e-01   9.2667636e-02   7.1192145e-01
   4.7800000e+02   3.0510617e-01   5.4940094e-01   1.4549289e-01
   3.6800000e+02   8.8941825e-01   9.9669683e-02   1.0912066e-02
   3.6900000e+02   1.9460744e-01   1.2454845e-02   7.9293771e-01
   3.7900000e+02   2.6849192e-01   4.4003481e-01   2.9147326e-01
   3.7000000e+02   2.1374022e-01   9.4172664e-02   6.9208712e-01
   6.3000000e+02   4.7947021e-01   4.2378330e-01   9.6746484e-02
   5.1500000e+02   6.1942320e-01   3.7729614e-01   3.2806627e-03
   3.7200000e+02   4.7328609e-01   8.3640476e-02   4.4307343e-01
   3.7700000e+02   1.4461367e-03   9.8983824e-01   8.7156255e-03
   3.8200000e+02   1.5263049e-01   8.6451477e-03   8.3872437e-01
   4.3600000e+02   1.3449087e-02   8.3406750e-01   1.5248342e-01
   4.3800000e+02   5.5025699e-01   1.4343660e-01   3.0630641e-01
   3.8500000e+02   5.3485641e-02   7.1155689e-01   2.3495747e-01
   4.4200000e+02   1.8410300e-01   6.4419879e-01   1.7169821e-01
   4.4000000e+02   2.8578436e-01   3.2092699e-02   6.8212294e-01
   4.3100000e+02   9.9466367e-01   2.2511921e-03   3.0851420e-03
   5.1000000e+02   2.4699496e-02   3.9308582e-01   5.8221469e-01
   5.1800000e+02   4.5440339e-03   2.0711057e-04   9.9524886e-01
   4.5100000e+02   7.2513824e-01   2.2212524e-01   5.2736525e-02
   4.6200000e+02   3.9403572e-05   9.9900020e-01   9.6039787e-04
   5.5300000e+02   8.2566385e-03   9.8239542e-01   9.3479399e-03
   4.7100000e+02   9.9877905e-01   9.7210449e-05   1.1237375e-03
   4.6000000e+02   8.8970825e-01   1.0545917e-01   4.8325805e-03
   4.5200000e+02   6.6667338e-04   9.9656609e-01   2.7672358e-03
   5.6100000e+02   3.4255644e-03   9.8937877e-01   7.1956630e-03
   4.5600000e+02   5.2699745e-04   9.9498098e-01   4.4920208e-03
   3.6200000e+02   5.1637278e-01   3.9044327e-01   9.3183954e-02
   4.6600000e+02   4.2803281e-02   5.4542807e-01   4.1176865e-01
   4.5800000e+02   2.8135811e-03   2.5553990e-03   9.9463102e-01
   4.5800000e+02   3.7740120e-04   9.8401209e-01   1.5610512e-02
   4.8400000e+02   3.7489749e-01   6.0394022e-01   2.1162295e-02
   1.6150000e+03   1.6510804e-01   2.2503936e-01   6.0985261e-01
   1.6360000e+03   2.5140123e-02   1.5422442e-01   8.2063546e-01
   1.3770000e+03   8.9126214e-01   2.0067522e-02   8.8670338e-02
   5.3300000e+02   2.1312323e-01   2.6833190e-01   5.1854487e-01
   5.3600000e+02   6.4572237e-02   3.7211287e-02   8.9821648e-01
   5.2400000e+02   5.7102844e-01   2.4828618e-01   1.8068538e-01
   5.2700000e+02   1.9155999e-01   1.9843981e-01   6.1000019e-01
   6.3300000e+02   1.2693382e-01   7.3321400e-01   1.3985217e-01
   5.5800000e+02   1.7640653e-03   9.9726317e-01   9.7276516e-04
   4.5600000e+02   1.2230191e-03   6.5871511e-04   9.9811827e-01
   5.4500000e+02   9.9767816e-01   3.5534242e-04   1.9664978e-03
   5.4900000e+02   9.9748543e-01   4.6398223e-04   2.0505853e-03
   5.4600000e+02   2.4078253e-03   3.4246383e-05   9.9755793e-01
   5.7100000e+02   3.6165961e-03   9.9495108e-01   1.4323236e-03
   5.4400000e+02   2.4826416e-04   9.9851924e-01   1.2324980e-03
   5.5100000e+02   4.1744833e-04   2.9258153e-03   9.9665674e-01
   5.8600000e+02   4.3479558e-03   9.9423820e-01   1.4138474e-03
   5.5100000e+02   9.9871536e-01   1.1587092e-03   1.2592612e-04
   5.6300000e+02   7.2248672e-01   7.6710058e-02   2.0080322e-01
   5.6500000e+02   4.3335704e-01   4.9974452e-01   6.6898447e-02
   4.6100000e+02   9.9832648e-01   0.0000000e+00   1.6735246e-03
   5.5700000e+02   9.3583448e-01   5.4819454e-03   5.8683576e-02
   5.6000000e+02   1.4048933e-02   1.4616272e-02   9.7133479e-01
   5.6200000e+02   4.5450315e-01   1.1938538e-02   5.3355831e-01
   5.6700000e+02   1.9808849e-01   2.8151755e-01   5.2039396e-01
   5.7200000e+02   3.8110550e-01   6.7439960e-03   6.1215051e-01
   5.9200000e+02   5.7877206e-03   9.7992945e-01   1.4282830e-02
   5.7500000e+02   4.9252324e-02   6.8821882e-01   2.6252885e-01
   5.9900000e+02   9.0892555e-02   1.6721146e-01   7.4189598e-01
   5.8000000e+02   9.8358797e-01   2.8574578e-03   1.3554576e-02
   5.8400000e+02   9.0431824e-01   5.4416458e-03   9.0240112e-02
   5.8700000e+02   9.8975027e-01   4.7676264e-03   5.4820999e-03
   6.3000000e+02   8.5159730e-03   5.4375012e-01   4.4773391e-01
   3.9000000e+01   5.3457388e-03   3.9443969e-03   9.9070986e-01
   7.9300000e+02   1.4497898e-01   3.7550697e-01   4.7951404e-01
   7.7300000e+02   2.8555941e-01   3.2489752e-02   6.8195084e-01
   1.3840000e+03   9.5622631e-04   3.8302351e-03   9.9521354e-01
   1.0250000e+03   1.8766478e-03   9.9427167e-01   3.8516778e-03
   1.6230000e+03   8.5680127e-01   1.2817782e-01   1.5020906e-02
   9.2900000e+02   1.7746396e-01   5.7204486e-01   2.5049118e-01
   6.5100000e+02   4.3552475e-03   4.6243343e-02   9.4940141e-01
   9.4800000e+02   8.0101709e-01   5.0115508e-02   1.4886740e-01
   6.6600000e+02   7.5673015e-03   2.9135468e-01   7.0107802e-01
   6.5300000e+02   1.3020432e-01   5.1028229e-01   3.5951339e-01
   6.6900000e+02   9.3909972e-01   1.7006450e-02   4.3893825e-02
   6.7800000e+02   4.1218890e-03   3.7454123e-02   9.5842399e-01
   6.5400000e+02   1.7515106e-03   9.9491377e-01   3.3347210e-03
   6.8000000e+02   6.0305371e-03   9.9218160e-01   1.7878580e-03
   6.5900000e+02   3.1790500e-01   2.7793024e-01   4.0416476e-01
   7.3700000e+02   1.8715898e-01   1.7034138e-01   6.4249965e-01
   6.5600000e+02   9.0384146e-01   8.9724100e-02   6.4344351e-03
   6.7700000e+02   5.1924229e-01   3.6197361e-01   1.1878410e-01
   6.6300000e+02   8.9998920e-01   5.2788653e-02   4.7222152e-02
   6.6000000e+02   1.3301824e-01   7.9426459e-01   7.2717165e-02
   6.6700000e+02   1.5447532e-02   6.7075827e-03   9.7784489e-01
   1.1390000e+03   5.3878988e-02   8.5735117e-02   8.6038590e-01
   6.6100000e+02   9.9273574e-01   0.0000000e+00   7.2642584e-03
   6.6400000e+02   2.2747404e-03   9.7849352e-01   1.9231740e-02
   6.6600000e+02   5.6464512e-01   1.9858392e-01   2.3677095e-01
   6.8300000e+02   4.5941657e-04   9.7851625e-01   2.1024335e-02
   1.2120000e+03   9.8862669e-01   3.5729100e-03   7.8004020e-03
   6.7300000e+02   2.8670081e-03   9.9393800e-01   3.1949938e-03
   6.9100000e+02   6.6224362e-01   4.4490542e-02   2.9326584e-01
   1.2130000e+03   2.7241175e-02   8.8661253e-01   8.6146294e-02
   1.2120000e+03   8.6014291e-02   1.5631942e-02   8.9835377e-01
   6.9500000e+02   3.8794452e-01   1.5992956e-01   4.5212591e-01
   6.8400000e+02   3.7228170e-01   2.1235927e-02   6.0648237e-01
   6.8500000e+02   5.8529586e-03   9.2692120e-01   6.7225842e-02
   6.8600000e+02   2.2161521e-03   1.6077513e-01   8.3700871e-01
   6.9400000e+02   7.0824889e-01   4.2475197e-02   2.4927592e-01
   1.1790000e+03   4.6691314e-02   9.2478519e-01   2.8523493e-02
   1.2410000e+03   7.6482368e-01   8.9228315e-02   1.4594801e-01
   6.9700000e+02   1.6477362e-02   9.6820861e-01   1.5314031e-02
   6.9800000e+02   6.0156261e-02   3.8334556e-02   9.0150918e-01
   7.0000000e+02   9.9301679e-01   3.0928259e-03   3.8903839e-03
   1.0870000e+03   4.7192581e-03   8.5570654e-04   9.9442504e-01
   1.0670000e+03   6.8053851e-01   1.9270939e-01   1.2675210e-01
   1.0900000e+03   1.6152918e-01   3.8215423e-01   4.5631659e-01
   8.1600000e+02   9.9199408e-01   4.0562927e-04   7.6002861e-03
   9.5300000e+02   3.3356904e-02   1.1275951e-02   9.5536715e-01
   9.9400000e+02   6.8644274e-01   2.6629508e-01   4.7262179e-02
   1.3160000e+03   8.0641085e-01   6.9568628e-02   1.2402052e-01
   9.9900000e+02   1.7698184e-02   2.1230710e-02   9.6107111e-01
   1.0210000e+03   4.2734752e-03   3.8173699e-02   9.5755283e-01
   1.0050000e+03   8.1005488e-02   5.3201762e-01   3.8697689e-01
   1.0310000e+03   4.7155842e-04   4.5384878e-03   9.9498995e-01
   1.3310000e+03   1.8696233e-01   4.2059750e-01   3.9244017e-01
   7.1000000e+02   2.3785354e-01   1.1713496e-02   7.5043297e-01
   7.0800000e+02   1.6780670e-02   6.3130266e-03   9.7690630e-01
   7.0800000e+02   4.1786647e-03   9.8280206e-01   1.3019274e-02
   7.1200000e+02   4.1949912e-01   4.0558115e-01   1.7491974e-01
   1.3290000e+03   1.1114931e-03   1.1064239e-02   9.8782427e-01
   7.1400000e+02   1.2636679e-01   2.5560922e-02   8.4807229e-01
   1.3290000e+03   7.5506560e-01   2.0301076e-01   4.1923645e-02
   7.1500000e+02   7.2202931e-01   1.6349670e-01   1.1447399e-01
   7.0600000e+02   9.6598215e-01   3.0451992e-02   3.5658598e-03
   8.4500000e+02   6.9995681e-01   1.8459897e-01   1.1544422e-01
   8.4500000e+02   5.7252729e-02   1.9402044e-02   9.2334523e-01
   7.5200000e+02   8.0098200e-02   5.3796362e-01   3.8193818e-01
   7.2800000e+02   5.3348044e-03   3.5979818e-03   9.9106721e-01
   7.2700000e+02   5.0240553e-03   2.9062136e-01   7.0435459e-01
   1.1860000e+03   3.2637335e-03   9.8626781e-01   1.0468452e-02
   7.2700000e+02   6.7651352e-01   2.7427091e-01   4.9215567e-02
   8.3800000e+02   3.3956041e-01   2.5018592e-01   4.1025367e-01
   7.5900000e+02   2.5301784e-01   2.2892379e-01   5.1805837e-01
   7.2900000e+02   3.4341618e-02   3.6198605e-01   6.0367233e-01
   7.3100000e+02   1.9966437e-03   3.1159454e-03   9.9488741e-01
   7.3500000e+02   2.3664239e-02   3.3351802e-01   6.4281774e-01
   7.4800000e+02   4.5345896e-02   2.3419987e-01   7.2045424e-01
   7.4200000e+02   1.0359164e-01   6.1083334e-01   2.8557502e-01
   7.5500000e+02   1.4211164e-03   9.8899405e-01   9.5848347e-03
   1.0990000e+03   2.7044667e-01   1.2034523e-01   6.0920810e-01
   7.5700000e+02   3.5948897e-03   4.2637284e-03   9.9214138e-01
   7.6100000e+02   1.2194547e-02   1.2085948e-03   9.8659686e-01
   7.6100000e+02   6.2712587e-01   3.2701127e-01   4.5862863e-02
   7.6000000e+02   5.1656015e-02   3.3962501e-02   9.1438148e-01
   8.4900000e+02   1.0440408e-02   2.1575903e-01   7.7380056e-01
   7.9500000e+02   4.8919140e-01   2.6161051e-02   4.8464755e-01
   8.1000000e+02   9.8921597e-01   9.6849778e-03   1.0990562e-03
   7.6600000e+02   5.7177381e-03   4.0756539e-03   9.9020661e-01
   7.7100000e+02   5.2148862e-01   4.3104050e-01   4.7470885e-02
   7.7100000e+02   4.0447789e-03   4.0225734e-03   9.9193265e-01
   7.7900000e+02   7.0330150e-02   7.0842653e-01   2.2124332e-01
   7.7600000e+02   7.2184707e-03   6.3714213e-05   9.9271782e-01
   7.9900000e+02   9.9292356e-01   5.2341336e-04   6.5530263e-03
   8.1200000e+02   9.9352537e-01   6.0345644e-03   4.4006399e-04
   7.8000000e+02   9.7640333e-01   7.3469722e-03   1.6249694e-02
   9.1700000e+02   3.7185922e-01   4.1237692e-01   2.1576386e-01
   7.8500000e+02   3.9973556e-03   1.2170958e-03   9.9478555e-01
   8.1100000e+02   1.2199220e-03   9.9304087e-01   5.7392098e-03
   7.8600000e+02   1.0254553e-02   6.8534288e-01   3.0440257e-01
   8.4000000e+02   1.4272982e-02   9.8492422e-01   8.0280259e-04
   8.4100000e+02   5.6067737e-01   6.5672327e-03   4.3275539e-01
   8.3700000e+02   9.8964624e-01   6.2335996e-03   4.1201625e-03
   8.4600000e+02   7.9768656e-02   8.5984114e-01   6.0390206e-02
   8.2500000e+02   6.3198833e-01   3.0769507e-01   6.0316596e-02
   8.0400000e+02   2.4878167e-03   5.3018111e-03   9.9221037e-01
   8.0700000e+02   9.8606341e-01   8.5585470e-03   5.3780407e-03
   8.0800000e+02   1.0071879e-02   5.9382075e-03   9.8398991e-01
   8.1300000e+02   9.9208234e-01   7.3155966e-03   6.0205904e-04
   8.0600000e+02   8.4931897e-03   7.2487018e-04   9.9078194e-01
   8.2800000e+02   9.5607688e-03   9.8936278e-01   1.0764543e-03
   8.2100000e+02   9.3014986e-03   9.8621335e-01   4.4851551e-03
   8.1400000e+02   4.2676410e-03   4.0295076e-03   9.9170285e-01
   8.5200000e+02   2.1727931e-03   9.9079126e-01   7.0359499e-03
   1.2610000e+03   9.9097221e-01   8.8789866e-03   1.4880530e-04
   8.4300000e+02   2.8619866e-03   9.9186951e-01   5.2684986e-03
   7.2300000e+02   5.4706192e-02   8.4094904e-02   8.6119890e-01
   1.2580000e+03   9.9724197e-01   1.6246937e-04   2.5955589e-03
   8.1900000e+02   9.9154872e-01   7.8455607e-03   6.0572206e-04
   8.2300000e+02   9.8949614e-01   8.3928616e-03   2.1109989e-03
   8.3500000e+02   4.8238739e-03   9.9060687e-01   4.5692519e-03
   8.3200000e+02   4.7060395e-03   3.8598002e-03   9.9143416e-01
   1.1840000e+03   1.6593087e-02   1.9469647e-02   9.6393727e-01
   1.0980000e+03   7.3467575e-03   9.8403754e-01   8.6157010e-03
   8.7400000e+02   6.2187848e-01   3.5298856e-01   2.5132964e-02
   8.7200000e+02   1.0670510e-02   9.5480287e-01   3.4526624e-02
   8.5400000e+02   9.4163252e-01   3.0347686e-02   2.8019799e-02
   8.5600000e+02   1.0962179e-01   3.9069357e-01   4.9968464e-01
   8.5700000e+02   2.2481584e-02   1.0226988e-02   9.6729143e-01
   8.9100000e+02   3.5102320e-01   3.1381224e-02   6.1759557e-01
   1.0500000e+03   9.4774771e-01   1.4918076e-02   3.7334218e-02
   2.0490000e+03   9.4798693e-01   9.3731740e-03   4.2639900e-02
   8.9400000e+02   1.3311503e-02   1.1029584e-01   8.7639266e-01
   8.6300000e+02   7.6900767e-01   1.5959084e-01   7.1401488e-02
   1.0510000e+03   1.1626553e-01   8.1537484e-01   6.8359633e-02
   8.7900000e+02   2.3349443e-02   1.8299549e-01   7.9365507e-01
   8.6700000e+02   1.7526802e-02   1.9375765e-01   7.8871555e-01
   8.6900000e+02   5.4484881e-01   3.9564407e-01   5.9507121e-02
   8.7100000e+02   7.0517123e-03   1.3854529e-02   9.7909376e-01
   9.3200000e+02   1.5526399e-01   1.3396272e-01   7.1077329e-01
   8.7600000e+02   1.3997029e-02   9.4077974e-01   4.5223234e-02
   8.9800000e+02   6.0724332e-01   9.1926553e-03   3.8356403e-01
   9.0200000e+02   2.5431473e-01   1.7490166e-01   5.7078361e-01
   8.8700000e+02   3.4482236e-02   6.8376319e-01   2.8175458e-01
   9.1500000e+02   1.4775114e-01   7.9776821e-02   7.7247204e-01
   8.9900000e+02   8.9024120e-02   2.1053160e-02   8.8992272e-01
   9.1800000e+02   2.5046850e-01   6.0513684e-01   1.4439466e-01
   9.9600000e+02   1.3497656e-01   2.6648336e-01   5.9854007e-01
   9.1000000e+02   1.1764109e-01   4.9874174e-01   3.8361717e-01
   9.0900000e+02   8.8983672e-02   7.3647995e-01   1.7453638e-01
   9.2000000e+02   7.7933278e-03   2.8345364e-03   9.8937214e-01
   9.2000000e+02   1.2300841e-02   9.8652549e-01   1.1736678e-03
   9.2600000e+02   6.2190824e-01   4.6699916e-02   3.3139184e-01
   9.2300000e+02   1.7292578e-01   7.4436560e-02   7.5263766e-01
   1.2600000e+03   4.9329058e-03   9.7168957e-01   2.3377521e-02
   1.0600000e+03   1.0094926e-02   9.7559420e-01   1.4310878e-02
   1.0630000e+03   9.8335977e-01   9.8763309e-03   6.7638943e-03
   1.0640000e+03   4.4795442e-01   5.3591753e-01   1.6128046e-02
   9.3000000e+02   2.1108266e-01   1.1498519e-02   7.7741882e-01
   2.0600000e+03   4.5360147e-01   4.2179384e-01   1.2460468e-01
   9.3500000e+02   1.9532359e-01   3.5907713e-01   4.4559928e-01
   9.4200000e+02   1.5038295e-01   4.9009604e-01   3.5952101e-01
   9.4000000e+02   9.0037715e-02   9.0045573e-01   9.5065552e-03
   2.0550000e+03   1.0610189e-01   7.2573428e-01   1.6816382e-01
   9.7200000e+02   3.1570672e-01   3.2015353e-01   3.6413974e-01
   9.7300000e+02   1.3809701e-01   5.8818543e-01   2.7371756e-01
   9.4700000e+02   3.8094522e-01   5.2130184e-01   9.7752937e-02
   9.4800000e+02   3.4226787e-01   5.8715894e-01   7.0573184e-02
   9.6000000e+02   7.3026503e-05   1.5487579e-02   9.8443939e-01
   9.4900000e+02   9.3344027e-01   8.9212152e-03   5.7638518e-02
   9.4900000e+02   1.9544409e-01   6.2299123e-02   7.4225679e-01
   9.5500000e+02   2.3738940e-02   4.7608075e-03   9.7150025e-01
   9.6800000e+02   3.5068537e-02   8.1669133e-01   1.4824013e-01
   9.5200000e+02   1.2262766e-01   5.3492623e-01   3.4244610e-01
   9.5800000e+02   2.6074620e-03   4.6421418e-03   9.9275040e-01
   1.8680000e+03   3.0107482e-01   3.8636754e-01   3.1255765e-01
   1.0020000e+03   5.9921735e-01   3.8064972e-01   2.0132936e-02
   9.8400000e+02   5.1287304e-02   6.7224593e-01   2.7646676e-01
   9.8000000e+02   2.3243024e-02   9.1679490e-01   5.9962075e-02
   9.8900000e+02   1.3894302e-02   9.4891605e-01   3.7189649e-02
   9.7800000e+02   8.6204194e-01   2.9939426e-02   1.0801863e-01
   9.7900000e+02   9.0816454e-01   3.4653427e-02   5.7182032e-02
   1.0100000e+03   3.9156085e-02   1.6327679e-01   7.9756712e-01
   9.6400000e+02   3.1593047e-02   1.9118669e-01   7.7722027e-01
   9.6200000e+02   8.9501378e-01   4.3024152e-02   6.1962070e-02
   9.9000000e+02   2.1792860e-01   7.7680460e-02   7.0439094e-01
   9.9000000e+02   2.5011327e-02   9.4960272e-01   2.5385951e-02
   1.0000000e+03   6.0634672e-02   2.6456065e-02   9.1290926e-01
   1.0060000e+03   7.8801204e-01   2.9539385e-02   1.8244858e-01
   1.6080000e+03   2.3931824e-01   1.2793394e-01   6.3274781e-01
   1.0110000e+03   1.5782618e-01   8.4012257e-01   2.0512478e-03
   1.0260000e+03   2.9882958e-01   3.4785961e-02   6.6638445e-01
   1.0190000e+03   7.1215252e-02   8.8912000e-01   3.9664745e-02
   1.0270000e+03   8.1216299e-03   4.0854320e-01   5.8333517e-01
   1.0450000e+03   1.2484830e-01   7.9869569e-02   7.9528213e-01
   1.0500000e+03   1.6576195e-02   7.0620480e-03   9.7636176e-01
   1.0490000e+03   9.8973197e-01   9.1310280e-03   1.1369998e-03
   1.0490000e+03   3.4538452e-02   5.3240371e-01   4.3305784e-01
   1.0530000e+03   1.3298261e-01   5.3743863e-02   8.1327353e-01
   1.0570000e+03   5.5436974e-01   4.3618082e-01   9.4494341e-03
   1.2570000e+03   7.4907178e-01   6.5210329e-02   1.8571789e-01
   1.0790000e+03   2.3487761e-02   1.8798448e-02   9.5771379e-01
   1.2490000e+03   5.2045905e-02   8.4704083e-01   1.0091326e-01
   1.2480000e+03   2.2308304e-01   7.7230446e-01   4.6124966e-03
   1.0750000e+03   3.1844309e-01   5.2056403e-01   1.6099288e-01
   1.0710000e+03   3.3753618e-01   1.1577016e-01   5.4669366e-01
   1.0850000e+03   3.7877650e-01   1.8042100e-01   4.4080250e-01
   1.0740000e+03   1.2445514e-01   6.5976036e-01   2.1578450e-01
   1.0730000e+03   1.9597163e-02   2.3035665e-02   9.5736717e-01
   1.0790000e+03   9.2206131e-01   4.9424732e-03   7.2996220e-02
   1.6790000e+03   7.3262346e-01   1.7058183e-01   9.6794712e-02
   1.0800000e+03   7.9064448e-01   1.4057868e-01   6.8776850e-02
   1.1250000e+03   6.5816795e-02   9.0598264e-01   2.8200563e-02
   1.0920000e+03   2.4730721e-02   9.2788483e-01   4.7384450e-02
   1.0980000e+03   8.5733822e-01   8.8259226e-02   5.4402556e-02
   1.1100000e+03   2.6626967e-02   5.5032360e-01   4.2304943e-01
   1.1050000e+03   6.8457719e-01   2.3690056e-01   7.8522255e-02
   1.1080000e+03   7.6327126e-01   1.1155982e-01   1.2516891e-01
   1.1240000e+03   6.7354554e-03   8.9990102e-01   9.3363524e-02
   1.1120000e+03   8.0533671e-01   6.4290033e-02   1.3037325e-01
   1.1340000e+03   2.3303718e-02   9.3057899e-01   4.6117289e-02
   1.1160000e+03   6.3826851e-01   2.4012399e-01   1.2160749e-01
   1.1450000e+03   1.0382415e-01   2.0037760e-01   6.9579826e-01
   1.1230000e+03   4.0822256e-02   9.7829139e-02   8.6134860e-01
   1.1310000e+03   3.2736697e-02   2.8022982e-02   9.3924032e-01
   1.1280000e+03   2.6445027e-02   1.2295951e-01   8.5059546e-01
   1.1320000e+03   1.0767112e-01   7.7849268e-01   1.1383620e-01
   1.1320000e+03   1.5639286e-02   1.1508381e-02   9.7285233e-01
   1.1350000e+03   5.0469458e-02   8.5042079e-01   9.9109748e-02
   1.1630000e+03   2.0015550e-03   9.9787655e-01   1.2189783e-04
   1.1460000e+03   9.2801332e-01   2.6525696e-02   4.5460988e-02
   1.1480000e+03   6.4953981e-02   2.7025611e-01   6.6478991e-01
   1.1490000e+03   8.3757400e-01   1.6235158e-02   1.4619084e-01
   1.1530000e+03   5.3218640e-01   1.0846708e-01   3.5934652e-01
   1.1500000e+03   2.7387260e-01   7.0304124e-01   2.3086157e-02
   1.1630000e+03   9.4138364e-01   4.1246169e-03   5.4491743e-02
   1.1810000e+03   2.2928080e-02   9.6538946e-01   1.1682461e-02
   1.1550000e+03   2.6369919e-01   1.0419786e-01   6.3210296e-01
   1.1750000e+03   1.5676528e-01   3.7530022e-01   4.6793450e-01
   1.1580000e+03   6.4090759e-01   3.3862464e-01   2.0467763e-02
   1.1690000e+03   8.3073614e-01   1.1271774e-01   5.6546116e-02
   1.1770000e+03   2.4180257e-02   8.1315413e-01   1.6266561e-01
   1.1780000e+03   7.9335209e-03   9.6059952e-01   3.1466954e-02
   1.1830000e+03   1.8918969e-01   7.6266640e-01   4.8143907e-02
   1.1780000e+03   9.0274627e-01   4.2917446e-02   5.4336283e-02
   1.1990000e+03   1.2013431e-02   7.1623180e-01   2.7175477e-01
   1.2110000e+03   2.4574893e-02   3.8553326e-01   5.8989184e-01
   1.2190000e+03   9.0957890e-02   5.0792483e-01   4.0111728e-01
   1.2050000e+03   7.5685922e-01   1.3581772e-01   1.0732306e-01
   1.2150000e+03   1.2075837e-04   1.1579585e-01   8.8408339e-01
   1.2410000e+03   4.3703436e-02   7.0335317e-01   2.5294340e-01
   1.2220000e+03   8.5751747e-01   9.2720708e-02   4.9761825e-02
   1.2450000e+03   2.9569273e-02   9.3124595e-01   3.9184773e-02
   1.2310000e+03   6.9480213e-03   3.7745281e-02   9.5530670e-01
   1.2330000e+03   9.9590221e-01   3.2041488e-03   8.9363657e-04
   1.2330000e+03   4.2373749e-02   8.2739075e-01   1.3023550e-01
   1.8310000e+03   0.0000000e+00   7.3893486e-01   2.6106514e-01
   1.2340000e+03   6.3254608e-02   1.8735934e-01   7.4938605e-01
   1.2530000e+03   2.7524047e-03   9.9237106e-01   4.8765339e-03
   1.2360000e+03   3.5397825e-03   3.8073200e-02   9.5838702e-01
   1.2510000e+03   2.2845554e-02   1.3707987e-02   9.6344646e-01
   1.2480000e+03   7.1992945e-01   2.7402284e-01   6.0477136e-03
   1.2500000e+03   9.8228189e-03   0.0000000e+00   9.9017718e-01
   1.2630000e+03   8.0774507e-01   3.7938313e-02   1.5431662e-01
   1.8730000e+03   4.0051424e-01   3.0719061e-01   2.9229515e-01
   1.2780000e+03   9.7402792e-02   5.3935653e-01   3.6324068e-01
   1.3370000e+03   4.4472082e-02   3.7151622e-01   5.8401170e-01
   1.3360000e+03   4.2884050e-03   9.7151811e-01   2.4193483e-02
   1.7740000e+03   2.9633198e-02   9.2768964e-01   4.2677157e-02
   1.3120000e+03   1.6617147e-02   9.6966289e-01   1.3719959e-02
   1.3130000e+03   4.3267512e-02   5.7980433e-02   8.9875206e-01
   1.6860000e+03   2.2920695e-03   9.9248584e-01   5.2220941e-03
   1.6880000e+03   4.6405391e-01   3.8083302e-01   1.5511307e-01
   1.3110000e+03   2.8626390e-03   9.9713736e-01   4.4383933e-16
   1.6680000e+03   1.3393783e-01   1.8561175e-01   6.8045042e-01
   1.3150000e+03   1.3609054e-03   5.5383119e-03   9.9310078e-01
   1.4590000e+03   1.8773397e-03   9.9577934e-01   2.3433207e-03
   1.8620000e+03   1.7229987e-02   2.6275113e-02   9.5649490e-01
   1.5960000e+03   2.6634343e-01   6.9326915e-01   4.0387415e-02
   1.8630000e+03   3.4385458e-01   5.2560687e-01   1.3053856e-01
   1.5990000e+03   2.7239855e-02   1.8359483e-02   9.5440066e-01
   1.5840000e+03   7.1840360e-01   2.6768661e-01   1.3909786e-02
   1.3170000e+03   4.6966759e-04   9.9124867e-01   8.2816670e-03
   1.6240000e+03   1.4221562e-03   4.0341201e-02   9.5823664e-01
   1.6220000e+03   4.6783136e-02   1.8554251e-01   7.6767435e-01
   1.5970000e+03   2.7016066e-01   1.3080940e-01   5.9902994e-01
   1.3300000e+03   3.3437415e-02   4.9166153e-01   4.7490105e-01
   1.3330000e+03   4.2975662e-01   4.0584240e-01   1.6440097e-01
   1.3220000e+03   6.5646534e-03   2.3728479e-01   7.5615055e-01
   1.3240000e+03   9.7722301e-01   1.1805415e-02   1.0971578e-02
   1.3340000e+03   2.4640104e-03   9.8374795e-01   1.3788042e-02
   1.6250000e+03   6.7073081e-01   1.5672597e-01   1.7254322e-01
   1.6310000e+03   5.1969636e-01   2.1991628e-01   2.6038735e-01
   1.6330000e+03   9.6138989e-01   1.5452488e-02   2.3157623e-02
   1.6940000e+03   8.3968347e-03   9.5736154e-01   3.4241623e-02
   1.3760000e+03   3.6799868e-01   5.2643452e-01   1.0556679e-01
   1.3780000e+03   2.0460603e-02   2.5330322e-01   7.2623618e-01
   1.4240000e+03   9.9364008e-01   0.0000000e+00   6.3599200e-03
   1.3870000e+03   5.2413090e-02   4.3298283e-01   5.1460408e-01
   1.4180000e+03   9.9459578e-01   8.5264118e-04   4.5515790e-03
   1.3890000e+03   2.9655424e-03   1.4320534e-03   9.9560240e-01
   1.3930000e+03   9.9610722e-01   2.3721207e-03   1.5206625e-03
   1.4130000e+03   9.9543122e-01   2.9287630e-03   1.6400128e-03
   1.4260000e+03   9.9682094e-01   0.0000000e+00   3.1790554e-03
   1.3940000e+03   7.1874180e-01   7.7303491e-03   2.7352785e-01
   1.3960000e+03   2.0472157e-02   9.8459221e-03   9.6968192e-01
   1.5330000e+03   5.5693302e-02   3.7039292e-01   5.7391378e-01
   1.5290000e+03   1.6653844e-03   9.9613982e-01   2.1947934e-03
   1.3980000e+03   2.7749024e-03   9.9616226e-01   1.0628406e-03
   1.4150000e+03   4.5060945e-03   2.8953902e-03   9.9259852e-01
   1.4280000e+03   2.7397643e-03   2.2389258e-03   9.9502131e-01
   1.4210000e+03   3.1506865e-03   9.8990348e-01   6.9458329e-03
   1.4250000e+03   9.8601243e-01   9.0077718e-03   4.9798031e-03
   1.4220000e+03   9.9362672e-01   2.2564208e-03   4.1168562e-03
   1.4370000e+03   9.9223998e-01   2.4339914e-03   5.3260289e-03
   1.4360000e+03   5.4744014e-05   9.9244392e-01   7.5013332e-03
   1.4300000e+03   1.8248302e-03   0.0000000e+00   9.9817517e-01
   1.4670000e+03   9.9421866e-01   2.5802498e-03   3.2010891e-03
   1.8580000e+03   3.4496241e-03   9.9195669e-01   4.5936892e-03
   1.3380000e+03   6.7994512e-01   1.5447853e-01   1.6557635e-01
   1.8600000e+03   2.3346420e-03   2.0940662e-03   9.9557129e-01
   1.4330000e+03   1.9911119e-03   4.7640235e-03   9.9324486e-01
   1.4690000e+03   2.5563249e-02   9.4035293e-01   3.4083818e-02
   1.4890000e+03   2.0447340e-02   3.4781675e-01   6.3173591e-01
   1.5050000e+03   3.4919933e-02   3.5563814e-01   6.0944193e-01
   1.4710000e+03   3.8386128e-01   1.0352867e-01   5.1261005e-01
   1.4730000e+03   9.6391516e-01   1.9184465e-02   1.6900372e-02
   1.6510000e+03   6.2642746e-03   9.5230334e-01   4.1432389e-02
   3.0020000e+03   2.1059740e-03   9.4344023e-01   5.4453795e-02
   1.4940000e+03   8.0011679e-01   1.7226945e-01   2.7613760e-02
   1.4780000e+03   8.5705989e-02   1.6275151e-01   7.5154250e-01
   1.5100000e+03   1.0143306e-01   1.8071345e-02   8.8049559e-01
   1.6530000e+03   6.2868341e-02   8.2667448e-01   1.1045718e-01
   1.4840000e+03   1.9788701e-01   1.0067686e-02   7.9204530e-01
   1.4820000e+03   4.9710653e-02   4.0071449e-01   5.4957486e-01
   1.4880000e+03   2.1797285e-02   2.2475281e-03   9.7595519e-01
   1.4870000e+03   9.6022902e-01   1.4105564e-02   2.5665419e-02
   2.9980000e+03   6.5516476e-02   3.5833654e-01   5.7614698e-01
   1.5460000e+03   1.4124355e-01   1.5029204e-01   7.0846441e-01
   1.4910000e+03   9.3169852e-01   2.0851982e-02   4.7449496e-02
   1.5120000e+03   2.0871938e-03   6.0841780e-01   3.8949500e-01
   1.5170000e+03   1.6970500e-01   2.6634217e-01   5.6395283e-01
   1.5010000e+03   2.7671274e-01   6.9378272e-01   2.9504544e-02
   1.5300000e+03   7.4647819e-02   1.4445678e-01   7.8089540e-01
   1.5140000e+03   8.9612655e-01   2.4653099e-02   7.9220346e-02
   1.5250000e+03   3.8451689e-01   5.0358267e-01   1.1190044e-01
   1.5320000e+03   1.5510301e-01   2.6513015e-01   5.7976684e-01
   1.5230000e+03   7.3006335e-01   9.3478255e-02   1.7645839e-01
   1.5350000e+03   9.9111222e-01   6.4383156e-03   2.4494596e-03
   1.5350000e+03   7.1919324e-04   9.9269665e-01   6.5841593e-03
   1.5410000e+03   3.9740458e-02   6.2331095e-01   3.3694860e-01
   1.5370000e+03   2.3143433e-04   9.8004738e-01   1.9721189e-02
   1.5380000e+03   7.0287665e-02   1.7169973e-01   7.5801260e-01
   1.6620000e+03   9.7248035e-01   1.6152574e-02   1.1367080e-02
   1.6650000e+03   4.9273592e-03   9.8394198e-01   1.1130660e-02
   1.6630000e+03   1.8511607e-02   5.2915535e-01   4.5233304e-01
   1.5510000e+03   6.2671156e-01   2.1653863e-01   1.5674981e-01
   3.0140000e+03   1.2039732e-01   4.2282141e-01   4.5678127e-01
   1.5500000e+03   5.6189097e-01   1.6762982e-01   2.7047920e-01
   3.0050000e+03   2.7413083e-02   2.5180085e-02   9.4740683e-01
   1.5560000e+03   8.6844042e-01   8.9879508e-02   4.1680072e-02
   3.0100000e+03   4.8125802e-01   5.0115508e-01   1.7586903e-02
   1.5610000e+03   9.1151396e-01   4.1517565e-02   4.6968474e-02
   1.8690000e+03   5.2139623e-01   1.2008947e-01   3.5851429e-01
   1.5650000e+03   4.8751836e-01   1.1124549e-01   4.0123615e-01
   1.5700000e+03   3.2330865e-01   3.9353522e-01   2.8315613e-01
   1.6030000e+03   3.8704219e-01   5.9649886e-01   1.6458956e-02
   1.5850000e+03   6.7358516e-01   4.5613533e-02   2.8080131e-01
   1.5810000e+03   6.0205507e-02   9.1084770e-01   2.8946796e-02
   1.5900000e+03   3.5614033e-02   9.4497443e-01   1.9411540e-02
   1.5830000e+03   9.4783710e-01   2.4470193e-02   2.7692703e-02
   1.6110000e+03   1.7066692e-01   4.3151277e-02   7.8618180e-01
   1.5680000e+03   6.0137935e-03   3.1100938e-02   9.6288527e-01
   1.5690000e+03   4.2969944e-02   8.8615755e-01   7.0872510e-02
   1.5910000e+03   7.2342239e-02   2.1659832e-01   7.1105944e-01
   1.5910000e+03   9.4400247e-01   2.4843208e-02   3.1154324e-02
   1.5950000e+03   4.3387299e-02   8.5130604e-01   1.0530667e-01
   1.6120000e+03   4.5910927e-03   9.9126309e-01   4.1458140e-03
   1.6270000e+03   4.1450689e-01   2.2014055e-03   5.8329171e-01
   1.2770000e+03   2.4760324e-01   5.0925605e-01   2.4314070e-01
   1.6470000e+03   8.6625763e-01   1.2854484e-01   5.1975253e-03
   1.6520000e+03   1.5718715e-02   2.2345011e-03   9.8204678e-01
   1.6440000e+03   9.8894148e-01   6.9270191e-03   4.1315030e-03
   1.6490000e+03   4.2610821e-01   5.3648987e-01   3.7401921e-02
   1.6460000e+03   4.9550490e-01   4.5002750e-01   5.4467603e-02
   1.6540000e+03   9.7740394e-01   8.2555638e-03   1.4340497e-02
   1.8570000e+03   1.8476021e-01   6.9896846e-02   7.4534294e-01
   1.6780000e+03   2.2486465e-02   1.9791995e-02   9.5772154e-01
   1.6760000e+03   5.2875809e-01   3.0902419e-01   1.6221772e-01
   1.8480000e+03   8.4627989e-01   6.2158690e-02   9.1561417e-02
   1.6710000e+03   1.0655030e-01   3.4320329e-01   5.5024641e-01
   1.6830000e+03   4.3624902e-01   1.9018491e-01   3.7356607e-01
   1.6750000e+03   2.1586842e-01   6.5490851e-01   1.2922307e-01
   1.6730000e+03   1.8112282e-02   1.9301794e-02   9.6258592e-01
   1.6950000e+03   8.8674387e-02   8.5765623e-01   5.3669383e-02
   1.7080000e+03   5.5024748e-01   2.5956763e-02   4.2379576e-01
   1.7030000e+03   7.8286741e-02   2.3792338e-01   6.8378988e-01
   1.7040000e+03   1.1174019e-01   7.6365935e-01   1.2460046e-01
   1.7190000e+03   9.3136948e-02   8.9927083e-01   7.5922238e-03
