   2.6100000e+02   1.9481378e-05   2.8930930e-04   9.9969121e-01
   1.5100000e+02   1.1102230e-16   2.0201615e-04   9.9979798e-01
   2.6000000e+02   9.9974616e-01   2.4622190e-04   7.6167977e-06
   2.5900000e+02   0.0000000e+00   2.2531618e-04   9.9977468e-01
   1.0500000e+02   9.8610306e-01   5.8645468e-03   8.0323923e-03
   6.1500000e+02   1.2465051e-04   3.4894596e-04   9.9952640e-01
   6.8700000e+02   8.9054950e-05   5.1121432e-04   9.9939973e-01
   7.1700000e+02   1.6875766e-04   1.1024343e-03   9.9872881e-01
   8.6600000e+02   1.5883934e-04   2.6544391e-04   9.9957572e-01
   6.2900000e+02  -1.1102230e-16   3.0841989e-04   9.9969158e-01
   7.3800000e+02   1.4194445e-04   3.3287276e-04   9.9952518e-01
   8.7200000e+02   2.6352769e-04   9.9954842e-01   1.8805001e-04
   7.4000000e+02   1.4386713e-04   4.0257217e-04   9.9945356e-01
   6.3300000e+02   1.5170812e-04   3.6111165e-04   9.9948718e-01
   7.2500000e+02   2.2084083e-04   7.9346836e-05   9.9969981e-01
   5.8200000e+02   2.9346550e-04   5.8368962e-05   9.9964817e-01
   8.7000000e+02   3.8298241e-04   9.9874945e-01   8.6757256e-04
   5.8500000e+02   1.0936668e-04   3.0296545e-04   9.9958767e-01
   5.9000000e+02   9.9794038e-01   1.8863363e-03   1.7328470e-04
   5.4600000e+02   2.1120993e-04   1.9263344e-03   9.9786246e-01
   9.4500000e+02   9.9912614e-01   1.0813923e-05   8.6304381e-04
   9.1500000e+02   1.8886802e-16   9.9860079e-01   1.3992056e-03
   6.3100000e+02   2.3992526e-04   3.1526629e-04   9.9944481e-01
   7.2100000e+02   2.2618840e-04   1.2243095e-04   9.9965138e-01
   5.4300000e+02   9.9946045e-01   1.6501185e-04   3.7453555e-04
   2.4000000e+01   3.6047741e-04   9.9925835e-01   3.8117398e-04
   8.6500000e+02   9.9962679e-01   3.7320664e-04   4.0494371e-16
   9.3300000e+02   1.0989620e-04   9.9873238e-01   1.1577280e-03
   9.1800000e+02   9.9735818e-01   2.5468586e-03   9.4963487e-05
   9.1600000e+02   9.9783549e-01   2.0558885e-03   1.0861831e-04
   9.6200000e+02   9.9860828e-01   1.2592513e-03   1.3246551e-04
   9.2000000e+02   4.1232295e-02   9.5833509e-01   4.3261187e-04
   9.2200000e+02   9.9761568e-01   2.3843182e-03   1.1928552e-15
   3.5000000e+01   1.5226723e-04   1.2965556e-03   9.9855118e-01
   5.8900000e+02   1.1496747e-04   1.1357596e-03   9.9874927e-01
   7.1700000e+02   2.1806145e-02   9.7536725e-01   2.8266085e-03
   5.9400000e+02   4.4951104e-03   9.8688340e-01   8.6214899e-03
   8.7600000e+02   1.7169053e-04   5.1604422e-04   9.9931227e-01
   5.9600000e+02   1.3834531e-04   2.8609133e-03   9.9700074e-01
   8.8200000e+02   6.0651808e-05   2.0123009e-03   9.9792705e-01
   8.7900000e+02   9.9817593e-01   1.6811976e-03   1.4287090e-04
   9.3100000e+02   6.4861847e-03   3.8451567e-01   6.0899815e-01
   8.9300000e+02   1.6576717e-04   2.0182907e-03   9.9781594e-01
   8.8900000e+02   9.9805126e-01   1.8537178e-03   9.5019227e-05
   5.9900000e+02   9.9796416e-01   1.9574964e-03   7.8341111e-05
   6.4300000e+02   2.8589933e-05   9.9945333e-01   5.1807720e-04
   1.0560000e+03   3.6886218e-04   9.9889070e-01   7.4044061e-04
   1.0930000e+03   7.7860676e-04   9.9892784e-01   2.9355112e-04
   1.1380000e+03   2.9335163e-04   8.7625990e-04   9.9883039e-01
   1.0670000e+03   8.1513400e-04   9.9894934e-01   2.3552216e-04
   1.1360000e+03   9.9934673e-01   3.0485233e-04   3.4841892e-04
   1.0960000e+03   3.5461605e-04   7.9308319e-04   9.9885230e-01
   9.5100000e+02   1.3086503e-03   0.0000000e+00   9.9869135e-01
   9.5000000e+02   9.2818514e-05   1.0219880e-03   9.9888519e-01
   1.0970000e+03   1.7664755e-04   6.9769485e-04   9.9912566e-01
   9.4800000e+02   8.1877268e-04   9.9910949e-01   7.1740134e-05
   1.1570000e+03   7.3499050e-04   9.9897341e-01   2.9160064e-04
   1.0780000e+03   9.9945549e-01   2.5479038e-04   2.8972194e-04
   1.1210000e+03   3.2632386e-04   2.3774086e-04   9.9943594e-01
   1.1080000e+03   3.0551696e-04   8.6863706e-04   9.9882585e-01
   1.1560000e+03   2.0026825e-04   8.6548701e-04   9.9893424e-01
   1.0590000e+03   9.0755548e-04   9.9889366e-01   1.9878292e-04
   1.1540000e+03   9.9894871e-01   2.6169746e-04   7.8959305e-04
   1.1100000e+03   2.0877894e-04   9.3164462e-04   9.9885958e-01
   9.5600000e+02   5.7842111e-04   9.9925177e-01   1.6981116e-04
   9.1300000e+02   9.9934946e-01   1.7803655e-04   4.7249998e-04
   1.1170000e+03   2.0858184e-04   3.6862816e-04   9.9942279e-01
   1.1120000e+03   2.4601648e-04   5.9931462e-04   9.9915467e-01
   1.1600000e+03   9.9930799e-01   2.6240046e-04   4.2961186e-04
   1.1140000e+03   1.9356022e-04   7.4567308e-04   9.9906077e-01
   1.0540000e+03   8.7421138e-04   9.9871767e-01   4.0811416e-04
   1.0570000e+03   8.0431040e-04   9.9919569e-01   0.0000000e+00
   1.0580000e+03   2.0899048e-04   9.9889638e-01   8.9462948e-04
   1.0500000e+03   1.6809374e-03   2.9386627e-06   9.9831612e-01
   9.2100000e+02   8.6079329e-05   1.8053683e-03   9.9810855e-01
   3.1000000e+01   9.9808156e-01   1.8847125e-03   3.3726626e-05
   8.6800000e+02   4.8535580e-04   8.4219623e-04   9.9867245e-01
   7.2300000e+02   9.9940373e-01   1.1353286e-04   4.8273688e-04
   6.0300000e+02   6.1119938e-04   0.0000000e+00   9.9938880e-01
   8.5900000e+02   4.4881874e-04   9.9814859e-01   1.4025949e-03
   1.5970000e+03   7.4670472e-04   1.2428760e-03   9.9801042e-01
   1.2280000e+03   0.0000000e+00   3.3867954e-03   9.9661320e-01
   1.3030000e+03   1.9671895e-03   1.5124259e-05   9.9801769e-01
   1.2200000e+03   7.1917817e-04   9.9897164e-01   3.0917843e-04
   1.3040000e+03   9.1518859e-04   1.1580556e-04   9.9896901e-01
   1.5770000e+03   1.2076341e-03   9.6747768e-04   9.9782489e-01
   1.2210000e+03   5.0272738e-04   3.1957743e-04   9.9917770e-01
   1.5790000e+03   7.6637643e-04   9.9912224e-01   1.1138048e-04
   1.3070000e+03   9.2113027e-04   9.9895621e-01   1.2265601e-04
   1.5710000e+03   7.0593651e-04   1.0326546e-03   9.9826141e-01
   1.2690000e+03   9.9918064e-01   6.1507505e-04   2.0428861e-04
   1.5720000e+03   4.7275793e-04   3.2539609e-04   9.9920185e-01
   1.3080000e+03   6.5054924e-04   3.1937751e-04   9.9903007e-01
   1.4890000e+03   1.0171640e-03   9.9814469e-01   8.3814850e-04
   1.5650000e+03   1.0661687e-03   1.3844579e-03   9.9754937e-01
   1.2230000e+03   6.4318107e-04   5.5777224e-04   9.9879905e-01
   1.5620000e+03   9.9885227e-01   0.0000000e+00   1.1477299e-03
   1.3110000e+03   1.5942814e-03   1.4084755e-03   9.9699724e-01
   1.2670000e+03   9.9873142e-01   4.7820049e-04   7.9038039e-04
   1.5660000e+03   5.2691658e-04   7.1582415e-04   9.9875726e-01
   1.3120000e+03   7.9971509e-04   6.4065860e-04   9.9855963e-01
   1.4910000e+03   1.3850914e-03   9.9777673e-01   8.3817386e-04
   1.5610000e+03   4.9162531e-02   4.0715742e-01   5.4368005e-01
   1.5590000e+03   9.9822794e-01   1.0321891e-03   7.3987028e-04
   1.5570000e+03   5.4808867e-04   8.0302766e-04   9.9864888e-01
   1.2280000e+03   9.9904755e-01   4.8057388e-04   4.7187630e-04
   1.2290000e+03   3.7792920e-03   1.3788589e-04   9.9608282e-01
   1.5550000e+03   9.9759669e-01   5.1314898e-04   1.8901660e-03
   1.3160000e+03   2.1907409e-03   1.6009979e-04   9.9764916e-01
   1.5540000e+03   1.4635589e-03   1.6650988e-03   9.9687134e-01
   1.2310000e+03   1.4122678e-03   1.8710040e-03   9.9671673e-01
   1.5460000e+03   1.4824892e-01   4.4318520e-03   8.4731923e-01
   1.5480000e+03   1.2270310e-03   1.5580066e-03   9.9721496e-01
   1.2320000e+03   1.5590799e-03   9.9691000e-01   1.5309170e-03
   1.5450000e+03   9.9842557e-01   0.0000000e+00   1.5744281e-03
   1.3190000e+03   1.4947729e-04   1.6776911e-03   9.9817283e-01
   1.5500000e+03   6.9557682e-04   5.2909737e-04   9.9877533e-01
   1.5500000e+03   8.6614962e-04   9.9761282e-01   1.5210288e-03
   1.1740000e+03   1.7428001e-03   1.6553189e-05   9.9824065e-01
   1.5410000e+03   1.4277816e-03   1.9523242e-03   9.9661989e-01
   1.2360000e+03   1.5523336e-03   9.9661860e-01   1.8290691e-03
   1.5420000e+03   8.3784737e-04   3.4939541e-04   9.9881276e-01
   1.3210000e+03   9.7775330e-04   8.5997637e-04   9.9816227e-01
   1.5370000e+03   2.0266492e-03   1.9392988e-03   9.9603405e-01
   1.2380000e+03   1.6480764e-03   9.9670765e-01   1.6442754e-03
   1.5390000e+03   1.5896002e-03   9.9804511e-01   3.6529023e-04
   1.3240000e+03   1.9134642e-03   9.9772542e-01   3.6111224e-04
   1.5330000e+03   1.8633121e-03   1.7516580e-03   9.9638503e-01
   1.2650000e+03   9.9839340e-01   1.1329246e-03   4.7367993e-04
   1.5340000e+03   1.3268389e-03   3.5586636e-04   9.9831729e-01
   1.3300000e+03   9.8827316e-01   2.8417945e-03   8.8850428e-03
   1.4920000e+03   3.4585826e-03   9.7976917e-01   1.6772251e-02
   1.5310000e+03   9.9758141e-01   2.1468002e-03   2.7178507e-04
   1.2400000e+03   1.6029394e-03   1.0645536e-03   9.9733251e-01
   1.6810000e+03   3.3841548e-02   4.7072546e-01   4.9543299e-01
   1.3300000e+03   6.3487608e-03   4.7397545e-01   5.1967579e-01
   1.5290000e+03   9.9776348e-01   1.2119916e-03   1.0245290e-03
   1.2420000e+03   2.2461803e-03   1.9829546e-03   9.9577087e-01
   1.2430000e+03   5.0845911e-04   1.7931127e-03   9.9769843e-01
   1.5240000e+03   7.9026852e-03   9.6950304e-01   2.2594272e-02
   1.5240000e+03   9.9816541e-01   3.1468776e-15   1.8345869e-03
   1.5190000e+03   9.9549739e-01   2.3299059e-03   2.1727040e-03
   1.2570000e+03   3.2479327e-03   1.1510961e-01   8.8164246e-01
   1.4980000e+03   3.7563650e-01   2.1384811e-02   6.0297869e-01
   1.3470000e+03   4.8029597e-02   3.5012587e-02   9.1695782e-01
   1.2550000e+03   1.1691577e-02   3.1522122e-01   6.7308721e-01
   1.5020000e+03   5.4518021e-01   2.1568229e-02   4.3325156e-01
   1.2550000e+03   1.6350545e-03   9.9721741e-01   1.1475324e-03
   1.5020000e+03   9.5710797e-04   1.0754956e-03   9.9796740e-01
   1.6790000e+03   3.1713645e-02   4.1892850e-01   5.4935785e-01
   1.3400000e+03   6.8603203e-02   5.9979040e-01   3.3160640e-01
   1.3420000e+03   4.9296770e-01   1.7072496e-02   4.8995980e-01
   1.2520000e+03   2.5436689e-04   1.5964278e-03   9.9814921e-01
   1.5050000e+03   9.9833082e-01   6.7369007e-04   9.9549399e-04
   1.5110000e+03   2.1882671e-04   1.5171925e-03   9.9826398e-01
   1.2500000e+03   2.6597338e-04   1.0199432e-03   9.9871408e-01
   1.5090000e+03   9.8444830e-01   4.6765577e-03   1.0875146e-02
   1.5170000e+03   3.8709082e-04   1.0190780e-03   9.9859383e-01
   1.2480000e+03   3.8193203e-04   4.7337278e-04   9.9914470e-01
   1.5150000e+03   9.9915984e-01   6.3653062e-04   2.0363347e-04
   1.3450000e+03   5.6587319e-04   1.0072152e-03   9.9842691e-01
   1.2120000e+03   9.1631368e-04   3.1641901e-03   9.9591950e-01
   1.6000000e+03   1.2299648e-03   3.3324223e-03   9.9543761e-01
   1.2090000e+03   9.1750669e-04   9.9710828e-01   1.9742098e-03
   1.6020000e+03   1.6148803e-03   1.5772718e-03   9.9680785e-01
   1.6040000e+03   2.4666831e-03   1.5757815e-03   9.9595754e-01
   1.2080000e+03   9.9743620e-01   2.4353846e-03   1.2841340e-04
   1.6080000e+03   9.8749616e-01   9.0334144e-03   3.4704279e-03
   1.6070000e+03   7.1020228e-04   9.9568486e-01   3.6049376e-03
   1.6060000e+03   2.3971881e-03   1.4524522e-03   9.9615036e-01
   1.2050000e+03   3.7461134e-04   9.9662412e-01   3.0012701e-03
   1.3570000e+03   9.9750963e-01   1.8699637e-03   6.2040556e-04
   1.6090000e+03   9.1445848e-04   9.9729596e-01   1.7895793e-03
   1.2530000e+03   1.8288159e-03   4.0109565e-04   9.9777009e-01
   1.5060000e+03   9.9736727e-01   2.4348989e-03   1.9782983e-04
   1.3590000e+03   9.9787830e-01   5.7805494e-04   1.5436403e-03
   1.6130000e+03   1.6881045e-03   9.9653330e-01   1.7785999e-03
   1.2040000e+03   9.3637096e-04   9.9821224e-01   8.5138710e-04
   1.6110000e+03   9.9777867e-01   1.3873536e-03   8.3397681e-04
   1.3620000e+03   9.9815119e-01   1.8415532e-03   7.2543241e-06
   1.6170000e+03   1.8359512e-03   9.9679496e-01   1.3690872e-03
   1.2010000e+03   1.6629118e-03   8.8615132e-05   9.9824847e-01
   1.6160000e+03   9.9778239e-01   2.0892569e-03   1.2835425e-04
   1.7000000e+03   1.4815733e-03   9.0091787e-04   9.9761751e-01
   1.6210000e+03   2.0407169e-03   9.9674980e-01   1.2094861e-03
   1.1990000e+03   1.1882771e-03   2.8293816e-04   9.9852878e-01
   1.6190000e+03   9.9826009e-01   4.0133139e-04   1.3385770e-03
   1.6280000e+03   1.3712568e-03   2.5507430e-03   9.9607800e-01
   1.1970000e+03   1.3348431e-03   1.1590834e-03   9.9750607e-01
   1.6260000e+03   9.9789328e-01   1.3510706e-03   7.5564928e-04
   1.3640000e+03   1.3259093e-03   3.0569068e-03   9.9561718e-01
   1.1960000e+03   9.9770334e-01   1.7019757e-03   5.9468130e-04
   1.6310000e+03   9.9685975e-01   1.4528346e-03   1.6874179e-03
   1.3650000e+03   1.6713858e-03   1.0625131e-03   9.9726610e-01
   1.3870000e+03   2.5795244e-03   3.9001798e-03   9.9352030e-01
   1.1940000e+03   9.9821805e-01   1.7819510e-03   0.0000000e+00
   1.1910000e+03   9.9862339e-01   4.2821900e-05   1.3337834e-03
   1.6380000e+03   9.9850730e-01   1.2680742e-03   2.2463029e-04
   1.6340000e+03   2.8523980e-02   9.1697744e-01   5.4498575e-02
   1.1890000e+03   9.9867182e-01   5.4683928e-04   7.8133930e-04
   1.6410000e+03   9.9850760e-01   3.8758249e-04   1.1048187e-03
   1.3710000e+03   1.3689644e-03   9.9858088e-01   5.0154973e-05
   1.6400000e+03   1.5608666e-03   1.3302221e-03   9.9710891e-01
   1.6470000e+03   2.3853687e-04   9.9841578e-01   1.3456789e-03
   1.6480000e+03   9.9867799e-01   5.7805533e-05   1.2642024e-03
   1.5100000e+03   9.9846594e-01   1.4585943e-03   7.5470505e-05
   1.3730000e+03   1.5364472e-03   3.8161090e-04   9.9808194e-01
   1.6460000e+03   1.3274630e-03   6.4699589e-04   9.9802554e-01
   1.1870000e+03   3.6443153e-04   9.9832968e-01   1.3058896e-03
   1.6430000e+03   9.9848755e-01   1.0160389e-03   4.9641444e-04
   1.3750000e+03   1.5334580e-03   1.0204462e-03   9.9744610e-01
   1.3760000e+03   9.9891894e-01   1.0063412e-03   7.4713966e-05
   1.6510000e+03   1.8777336e-04   9.9891292e-01   8.9931051e-04
   1.6520000e+03   9.9912799e-01   5.4474777e-05   8.1753642e-04
   1.3770000e+03   1.6421368e-04   1.0470759e-03   9.9878871e-01
   1.3780000e+03   9.9891740e-01   3.5724744e-04   7.2534982e-04
   1.6570000e+03   7.2964306e-04   9.9829452e-01   9.7583845e-04
   1.1860000e+03   9.8480866e-04   3.2395840e-04   9.9869123e-01
   1.6530000e+03   9.9888115e-01   7.3084172e-04   3.8801284e-04
   1.3810000e+03   9.9892497e-01   1.0574355e-03   1.7592693e-05
   1.1780000e+03   8.6677545e-04   1.8906630e-04   9.9894416e-01
   1.1840000e+03   9.0177534e-04   8.6448305e-04   9.9823374e-01
   1.6590000e+03   9.9897389e-01   1.2752980e-04   8.9858400e-04
   1.6630000e+03   8.3409243e-04   9.9806726e-01   1.0986473e-03
   1.1810000e+03   4.1834883e-04   9.9868965e-01   8.9199915e-04
   1.6610000e+03   3.9553804e-04   9.9874488e-01   8.5958604e-04
   1.1770000e+03   1.0807251e-03   5.9600230e-04   9.9832327e-01
   1.6650000e+03   5.8785595e-04   9.9847860e-01   9.3354119e-04
   1.3820000e+03   1.2966323e-03   9.9751024e-01   1.1931250e-03
   1.4560000e+03   3.2768272e-04   4.7574125e-04   9.9919658e-01
   1.0000000e+03   4.0608488e-04   9.9959392e-01   1.4909136e-16
   1.0250000e+03   9.9936854e-01   2.4576206e-04   3.8569558e-04
   1.4530000e+03   9.8712631e-01   9.3483968e-03   3.5252882e-03
   1.3970000e+03   9.9915317e-01   8.2522822e-04   2.1602344e-05
   1.3960000e+03   3.2526065e-18   9.9911760e-01   8.8240383e-04
   1.2860000e+03   3.5200583e-04   4.9604829e-04   9.9915195e-01
   1.0510000e+03   4.4768187e-04   2.4606339e-15   9.9955232e-01
   1.4540000e+03   5.7057951e-04   5.0032918e-04   9.9892909e-01
   1.4030000e+03   9.9919319e-01   6.2854650e-04   1.7826318e-04
   1.4870000e+03   9.0322491e-04   9.9827263e-01   8.2414053e-04
   1.2900000e+03   8.4718801e-04   6.1633572e-05   9.9909118e-01
   1.4220000e+03   7.9276966e-04   9.9843111e-01   7.7612387e-04
   1.7070000e+03   4.8324380e-04   7.9681491e-04   9.9871994e-01
   1.4710000e+03   6.6542392e-04   6.9846275e-04   9.9863611e-01
   1.4260000e+03   3.5354129e-04   9.9888126e-01   7.6519582e-04
   1.4230000e+03   9.9921832e-01   2.5714670e-04   5.2452842e-04
   1.2770000e+03   9.9911724e-01   5.5841154e-04   3.2435076e-04
   1.0730000e+03   3.1812024e-04   8.0509499e-04   9.9887678e-01
   1.4730000e+03   4.7606070e-04   5.8051750e-04   9.9894342e-01
   1.4240000e+03   5.3352319e-04   5.1149252e-04   9.9895498e-01
   1.1250000e+03   1.0752444e-03   9.9868740e-01   2.3735386e-04
   1.6560000e+03   6.4611043e-04   9.9927710e-01   7.6788847e-05
   1.1750000e+03   7.2269590e-04   4.4441833e-05   9.9923286e-01
   1.4760000e+03   6.4518704e-04   8.3566135e-04   9.9851915e-01
   1.2740000e+03   9.9936710e-01   9.2538984e-05   5.4036007e-04
   1.0750000e+03   4.1770821e-04   2.1843595e-04   9.9936386e-01
   1.4770000e+03   5.3814085e-04   2.4009828e-05   9.9943785e-01
   1.4280000e+03   4.8004345e-04   3.9849467e-04   9.9912146e-01
   1.1230000e+03   9.5938740e-04   9.9862406e-01   4.1655633e-04
   1.5130000e+03   4.9346216e-05   9.9912938e-01   8.2127781e-04
   1.4300000e+03   4.5697726e-04   9.9872844e-01   8.1458557e-04
   1.4830000e+03   4.0222769e-04   9.9880594e-01   7.9183459e-04
   1.2870000e+03   8.5110978e-04   8.3135485e-05   9.9906575e-01
   1.6500000e+03   3.4510626e-04   9.9918988e-01   4.6501512e-04
   1.4320000e+03   5.6382905e-04   9.9861871e-01   8.1745852e-04
   1.4800000e+03   6.9940861e-04   3.8950574e-04   9.9891109e-01
   1.2720000e+03   2.9726863e-04   9.9899301e-01   7.0972380e-04
   1.0800000e+03   4.9543565e-04   6.3533641e-04   9.9886923e-01
   1.4820000e+03   4.2267683e-04   9.9938981e-01   1.8751043e-04
   1.4350000e+03   4.9538171e-04   9.9942477e-01   7.9843342e-05
   1.1190000e+03   6.6536284e-04   9.9883444e-01   5.0019480e-04
   1.4370000e+03   9.9946152e-01   1.2559545e-04   4.1288818e-04
   1.4360000e+03   2.8254940e-04   9.9907162e-01   6.4583487e-04
   1.1150000e+03   3.2197438e-04   9.9926331e-01   4.1471928e-04
   1.0010000e+03   1.1632297e-04   9.9954849e-01   3.3518926e-04
   1.6330000e+03   1.5473262e-03   4.7061353e-03   9.9374654e-01
   1.6320000e+03   9.9554817e-01   4.4518281e-03   0.0000000e+00
   1.6240000e+03  -1.7347235e-18   9.9611527e-01   3.8847281e-03
   1.1970000e+03   3.3866174e-03   9.8955413e-01   7.0592537e-03
   1.7560000e+03   1.3228677e-03   9.8854030e-01   1.0136827e-02
   1.8330000e+03   1.0335894e-03   3.0085652e-05   9.9893632e-01
   1.7980000e+03   1.0029541e-02   1.8408925e-03   9.8812957e-01
   1.7540000e+03   3.0204995e-04   9.8778718e-01   1.1910772e-02
   1.8350000e+03   7.8850273e-04   9.9873679e-01   4.7470298e-04
   1.8000000e+03   1.2590667e-02   8.4890981e-04   9.8656042e-01
   1.8010000e+03   7.5020263e-04   1.0998818e-02   9.8825098e-01
   1.7530000e+03   1.2241915e-02   9.8775808e-01   0.0000000e+00
   1.8030000e+03   1.6499643e-03   8.3908382e-03   9.8995920e-01
   1.8360000e+03   8.0672210e-04   9.9880751e-01   3.8577167e-04
   1.7510000e+03   1.1092354e-02   9.8770283e-01   1.2048117e-03
   1.8050000e+03   2.1982562e-03   4.3599894e-03   9.9344175e-01
   1.7490000e+03   7.9764917e-03   9.8980382e-01   2.2196884e-03
   1.8390000e+03   9.9753639e-01   0.0000000e+00   2.4636061e-03
   1.8950000e+03   1.6668966e-04   1.1484301e-03   9.9868488e-01
   1.8500000e+03   9.9862027e-01   1.3797313e-03   0.0000000e+00
   1.7710000e+03   9.9178419e-01   0.0000000e+00   8.2158117e-03
   1.8170000e+03   9.9921061e-01   7.4208235e-04   4.7306003e-05
   1.8960000e+03   1.0020662e-03   1.9450391e-03   9.9705289e-01
   1.7730000e+03   9.9941746e-01   5.8253947e-04   0.0000000e+00
   1.7150000e+03   1.0924584e-03   3.6709851e-04   9.9854044e-01
   1.7450000e+03   2.3897908e-03   9.9591084e-01   1.6993692e-03
   1.8310000e+03   3.9767600e-04   3.6073343e-04   9.9924159e-01
   1.7800000e+03   2.8162082e-03   1.8893383e-03   9.9529445e-01
   1.8110000e+03   4.1899813e-03   2.4447449e-03   9.9336527e-01
   1.7430000e+03   2.1129964e-03   9.9308602e-01   4.8009878e-03
   1.8090000e+03   9.9529589e-01   0.0000000e+00   4.7041065e-03
   1.8690000e+03   1.7090324e-03   4.3514859e-03   9.9393948e-01
   1.8180000e+03   9.9619952e-01   3.5311343e-03   2.6934249e-04
   1.7610000e+03   2.6266450e-03   1.1929940e-03   9.9618036e-01
   1.8670000e+03   2.5979378e-03   3.4809931e-03   9.9392107e-01
   1.7630000e+03   2.8517529e-03   1.7270204e-04   9.9697555e-01
   1.8650000e+03   3.0238583e-03   2.7696219e-03   9.9420652e-01
   1.7660000e+03   1.9662482e-03   9.9638444e-01   1.6493087e-03
   1.8630000e+03   3.2119927e-03   1.6780695e-03   9.9510994e-01
   1.7680000e+03   1.1035263e-03   9.9731578e-01   1.5806928e-03
   1.8140000e+03   1.1079499e-03   9.9711039e-01   1.7816563e-03
   1.8580000e+03   8.8377848e-04   9.9757708e-01   1.5391462e-03
   1.7690000e+03   3.2292689e-03   9.9415826e-01   2.6124740e-03
   1.8130000e+03   1.9451599e-03   3.3171713e-03   9.9473767e-01
   1.7400000e+03   9.9835825e-01   8.9234004e-04   7.4941235e-04
   1.8610000e+03   0.0000000e+00   4.3460350e-03   9.9565397e-01
   1.8590000e+03   9.9473374e-01   3.4917659e-03   1.7744960e-03
   1.7290000e+03   4.6538032e-03   2.1204169e-03   9.9322578e-01
   1.8560000e+03   9.9547619e-01   4.5238079e-03   0.0000000e+00
   1.7310000e+03   1.9561175e-03   9.9749460e-01   5.4928144e-04
   1.8520000e+03   9.9760149e-01   5.0468223e-04   1.8938320e-03
   1.7320000e+03   1.6246853e-03   1.1647056e-04   9.9825884e-01
   1.7390000e+03   1.5918708e-03   3.9819422e-04   9.9800993e-01
   1.8230000e+03   1.9851582e-03   9.9664395e-01   1.3708951e-03
   1.8180000e+03   2.1400788e-02   9.8957471e-03   9.6870347e-01
   1.8210000e+03   1.3403339e-03   8.2960491e-04   9.9783006e-01
   1.7360000e+03   3.4972685e-03   9.9650273e-01   0.0000000e+00
   1.8270000e+03   1.6523237e-04   2.9101679e-03   9.9692460e-01
   1.7340000e+03   1.8873791e-15   7.4328551e-04   9.9925671e-01
   1.8240000e+03   9.9900192e-01   3.1886397e-04   6.7921987e-04
   1.7770000e+03   1.2403592e-03   2.5358953e-03   9.9622375e-01
   1.8290000e+03   5.7399436e-04   1.0153777e-03   9.9841063e-01
   1.7790000e+03   1.1993371e-03   1.0072051e-03   9.9779346e-01
   1.8710000e+03   2.7818893e-03   1.3251705e-03   9.9589294e-01
   1.8700000e+03   2.1007371e-03   2.3662523e-03   9.9553301e-01
   1.7240000e+03   9.9685615e-01   0.0000000e+00   3.1438510e-03
   1.7430000e+03   1.1523901e-03   3.5947150e-03   9.9525289e-01
   1.7210000e+03   9.9651479e-01   1.6072480e-03   1.8779609e-03
   1.8780000e+03   9.9683595e-01   2.6526856e-03   5.1136078e-04
   1.7810000e+03   2.7502539e-03   9.1012102e-05   9.9715873e-01
   1.8760000e+03   1.9318882e-03   3.1534008e-03   9.9491471e-01
   1.7190000e+03   9.9769249e-01   1.0966285e-03   1.2108765e-03
   1.8830000e+03   9.9743770e-01   5.5490043e-04   2.0073978e-03
   1.7840000e+03   2.7853985e-03   9.9721460e-01   0.0000000e+00
   1.8800000e+03   1.4912187e-03   3.4138541e-03   9.9509493e-01
   1.7850000e+03   9.9711872e-01   1.6535080e-03   1.2277730e-03
   1.8810000e+03   1.2264234e-03   9.9774607e-01   1.0275074e-03
   1.7350000e+03   8.7393400e-04   4.8385168e-04   9.9864221e-01
   1.8260000e+03   9.9757673e-01   2.4232708e-03   0.0000000e+00
   1.7880000e+03   9.9865385e-01   1.2321290e-03   1.1402053e-04
   1.7880000e+03   1.7827548e-06   1.1343320e-03   9.9886389e-01
   1.7900000e+03   9.9679171e-01   1.7469350e-03   1.4613507e-03
   1.8860000e+03   9.9763317e-01   1.3071144e-03   1.0597165e-03
   1.7920000e+03   9.9677295e-01   2.6766116e-03   5.5044047e-04
   1.8880000e+03   9.9672462e-01   2.1794834e-03   1.0958962e-03
   1.7940000e+03   9.9609628e-01   3.5852777e-03   3.1844053e-04
   1.8900000e+03   9.9681881e-01   3.0956782e-03   8.5516169e-05
   1.8920000e+03   9.9580872e-01   3.8111379e-03   3.8014294e-04
   1.7960000e+03   3.8307108e-03   2.1059741e-03   9.9406332e-01
   1.8235000e+04   9.9276564e-01   0.0000000e+00   7.2343590e-03
   1.8237000e+04   9.8633973e-01   4.8407911e-03   8.8194764e-03
   1.7890000e+03   7.7173251e-04   9.9168752e-01   7.5407478e-03
   1.8231000e+04   9.9093628e-01   2.0551025e-03   7.0086203e-03
   1.8229000e+04   9.8239611e-01   1.4320363e-02   3.2835245e-03
   1.8230000e+04   0.0000000e+00   2.2640148e-02   9.7735985e-01
   1.8274000e+04   2.5635018e-03   1.6171537e-02   9.8126496e-01
   1.8272000e+04   1.9162977e-03   2.2294152e-02   9.7578955e-01
   1.8267000e+04   9.8344994e-01   1.6550060e-02   0.0000000e+00
   1.8268000e+04   4.3911912e-03   1.2673800e-02   9.8293501e-01
   1.8620000e+03   2.7117414e-03   5.4908100e-03   9.9179745e-01
   1.7650000e+03   5.3206625e-03   9.8979626e-01   4.8830789e-03
   1.8262000e+04   3.5369972e-03   2.6966801e-04   9.9619333e-01
   1.8260000e+04   4.9258107e-03   6.1287238e-03   9.8894547e-01
   1.8258000e+04   5.5613741e-03   2.6021538e-02   9.6841709e-01
   1.8256000e+04   1.8760846e-03   2.2686001e-02   9.7543791e-01
   1.8254000e+04   4.1216547e-03   2.7865844e-03   9.9309176e-01
   1.7600000e+03   4.2166719e-04   9.9588850e-01   3.6898347e-03
   1.7950000e+03   9.9547095e-01   3.7266902e-03   8.0236196e-04
   1.8910000e+03   1.4163819e-03   9.9307263e-01   5.5109924e-03
   1.7930000e+03   1.1873856e-03   9.9264968e-01   6.1629380e-03
   1.8239000e+04   9.9383361e-01   0.0000000e+00   6.1663906e-03
   3.8780000e+03   1.4881036e-04   5.6547596e-05   9.9979464e-01
   3.8050000e+03   9.9980758e-01   1.4655942e-04   4.5859756e-05
   3.8570000e+03   9.9986425e-01   4.2617738e-05   9.3128711e-05
   3.7850000e+03   9.9989287e-01   2.3281980e-05   8.3848080e-05
   3.8560000e+03   4.2603839e-05   1.8478888e-04   9.9977261e-01
   3.8080000e+03   9.9980640e-01   6.8007959e-05   1.2559450e-04
   3.7940000e+03   9.9977273e-01   1.6998622e-06   2.2557332e-04
   3.7960000e+03   8.4242509e-17   9.9979552e-01   2.0448110e-04
   3.8450000e+03   3.5463028e-06   1.9247325e-04   9.9980398e-01
   3.8460000e+03   1.8229905e-04   1.6786220e-05   9.9980091e-01
   3.8900000e+03   9.9970461e-01   2.4164290e-04   5.3747627e-05
   3.8910000e+03   2.0117148e-04   9.9955526e-01   2.4357224e-04
   3.8110000e+03   2.6701533e-04   9.9947354e-01   2.5944385e-04
   3.7720000e+03   1.2081639e-04   1.8463969e-04   9.9969454e-01
   3.9170000e+03   2.0372898e-04   9.9972831e-01   6.7958026e-05
   3.8980000e+03   1.3596952e-04   9.9985780e-01   6.2278881e-06
   3.8020000e+03   1.1203092e-04   9.9984178e-01   4.6184219e-05
   3.8380000e+03   8.5391374e-05   2.0857248e-04   9.9970604e-01
   3.7840000e+03   3.1586535e-05   8.3310404e-05   9.9988510e-01
   3.8620000e+03   5.7295709e-06   1.4735008e-04   9.9984692e-01
   3.8170000e+03   1.7618371e-04   9.9980355e-01   2.0266994e-05
   3.8600000e+03   9.9992023e-01   6.8938650e-05   1.0826971e-05
   3.8630000e+03   2.3439641e-05   9.9987794e-01   9.8618819e-05
   3.8200000e+03   3.1936010e-05   9.9987769e-01   9.0373706e-05
   3.8610000e+03   9.9987091e-01   1.1919845e-04   9.8929769e-06
   3.8640000e+03   9.9991164e-01   4.5209563e-06   8.3839523e-05
   3.8670000e+03   9.7516975e-05   9.9978178e-01   1.2069934e-04
   3.8220000e+03   6.3097581e-05   9.9987023e-01   6.6670108e-05
   3.8650000e+03   9.9987647e-01   7.7210932e-05   4.6318947e-05
   3.7810000e+03   9.9989189e-01   4.0744649e-05   6.7366307e-05
   3.8950000e+03   1.0995900e-04   9.9970615e-01   1.8388941e-04
   3.9150000e+03   1.5218482e-04   9.9962155e-01   2.2626371e-04
   3.7800000e+03   9.9986973e-01   1.2190551e-04   8.3693822e-06
   3.8750000e+03   1.6108615e-04   9.9971787e-01   1.2104813e-04
   3.8710000e+03   9.9986788e-01   5.4910613e-05   7.7210670e-05
   3.8400000e+03   2.2638615e-04   5.0447910e-05   9.9972317e-01
   3.8280000e+03   6.6430251e-05   9.9979856e-01   1.3501341e-04
   3.8800000e+03   5.0980933e-05   7.0206845e-05   9.9987881e-01
   3.8290000e+03   6.3862886e-05   9.9984004e-01   9.6092882e-05
   3.8320000e+03   5.1897428e-05   9.9994810e-01   0.0000000e+00
   3.8310000e+03   8.3492370e-05   9.9990444e-01   1.2064540e-05
   3.8810000e+03   9.9988489e-01   2.7851642e-16   1.1510601e-04
   3.8340000e+03   9.9984625e-01   1.2297674e-04   3.0769848e-05
   3.8350000e+03   2.4796223e-04   9.9962956e-01   1.2247807e-04
   3.8690000e+03   1.2598235e-04   6.1487665e-05   9.9981253e-01
   3.8840000e+03   9.9971772e-01   1.0694268e-04   1.7534177e-04
   3.7780000e+03   5.9656035e-04   8.5491266e-03   9.9085431e-01
   3.8740000e+03   9.9986222e-01   1.3777829e-04   0.0000000e+00
   3.8850000e+03   3.7026142e-04   9.9938855e-01   2.4118536e-04
   3.8230000e+03   1.4764616e-04   9.9948506e-01   3.6729187e-04
   3.9210000e+03   9.9980081e-01   0.0000000e+00   1.9919027e-04
   3.9050000e+03   1.4650382e-04   8.6585534e-05   9.9976691e-01
   4.0600000e+03   5.0448482e-01   4.9347163e-01   2.0435544e-03
   3.9040000e+03   9.9952088e-01   2.7634697e-04   2.0277143e-04
   3.9010000e+03   9.9955254e-01   2.6205293e-17   4.4746446e-04
   4.0280000e+03   9.9972468e-01   4.0709851e-05   2.3460724e-04
   3.9570000e+03   2.7714206e-04   0.0000000e+00   9.9972286e-01
   4.0090000e+03   2.8574524e-04   4.9728629e-05   9.9966453e-01
   3.9370000e+03   2.4510371e-04   7.0880952e-05   9.9968402e-01
   3.9580000e+03   1.0768889e-05   3.7362834e-04   9.9961560e-01
   3.9590000e+03   3.8203099e-04   0.0000000e+00   9.9961797e-01
   3.9550000e+03   9.9953598e-01   1.1881122e-04   3.4520433e-04
   3.9980000e+03   1.1357111e-04   3.0140992e-04   9.9958502e-01
   3.9920000e+03   2.4313234e-17   9.9980521e-01   1.9479390e-04
   3.9510000e+03  -4.1958624e-17   9.9980233e-01   1.9766686e-04
   3.9940000e+03   2.6193240e-15   9.9979880e-01   2.0119911e-04
   3.9950000e+03   9.9980710e-01   6.9069487e-06   1.8599248e-04
   3.9460000e+03   2.8115706e-04   9.9971884e-01   0.0000000e+00
   4.0710000e+03   1.0880283e-04   1.0091360e-04   9.9979028e-01
   3.9440000e+03   8.8956842e-05   2.7277415e-04   9.9963827e-01
   3.9970000e+03   9.9968413e-01   6.6438916e-05   2.4942653e-04
   4.0010000e+03   9.9947731e-01   9.6029556e-05   4.2666083e-04
   3.9240000e+03   9.9956157e-01   4.0151490e-04   3.6916149e-05
   3.9620000e+03   4.5137284e-04   9.9954863e-01   0.0000000e+00
   4.0360000e+03   4.8635788e-04   9.9947589e-01   3.7750837e-05
   3.7690000e+03   5.2592938e-05   3.6135515e-04   9.9958605e-01
   4.0510000e+03   1.2270961e-05   4.5104379e-04   9.9953669e-01
   4.0480000e+03  -3.4423419e-17   9.9961126e-01   3.8873546e-04
   3.9520000e+03   1.1800121e-05   9.9964866e-01   3.3953745e-04
   3.9670000e+03   1.6173966e-05   4.1879461e-04   9.9956503e-01
   3.9340000e+03   9.9980949e-01   9.1737283e-05   9.8769480e-05
   4.0120000e+03   9.9972774e-01   2.4846300e-04   2.3799892e-05
   3.9690000e+03   1.1854000e-05   9.9965613e-01   3.3202054e-04
   4.0110000e+03   2.1403557e-04   6.5839204e-05   9.9972013e-01
   3.9320000e+03   9.9980994e-01   1.1611901e-15   1.9006416e-04
   4.0160000e+03   9.9982453e-01   0.0000000e+00   1.7546633e-04
   3.9710000e+03   2.8834194e-05   9.9978875e-01   1.8241460e-04
   4.0150000e+03   1.7028771e-04   1.1985876e-04   9.9970985e-01
   3.9300000e+03   9.9980170e-01   0.0000000e+00   1.9829544e-04
   4.0220000e+03   9.9983567e-01   5.0037736e-05   1.1429722e-04
   3.9730000e+03   8.3326082e-05   9.9983634e-01   8.0335814e-05
   4.0190000e+03   1.5273174e-04   1.9684593e-04   9.9965042e-01
   4.0470000e+03   1.9838731e-15   9.9967706e-01   3.2293642e-04
   4.0650000e+03  -1.7184604e-17   9.9960490e-01   3.9509958e-04
   4.0270000e+03   1.5514194e-04   2.1184207e-04   9.9963302e-01
   3.9280000e+03   2.0836997e-04   9.9963236e-01   1.5926985e-04
   4.0240000e+03   9.9983753e-01   3.6539202e-05   1.2593380e-04
   3.9770000e+03   1.5840215e-04   1.3238759e-04   9.9970921e-01
   3.9900000e+03   9.9970787e-01   8.6502249e-05   2.0562441e-04
   4.0460000e+03   2.6642415e-04   9.9973358e-01   1.9116085e-15
   4.0310000e+03   9.9975520e-01   2.1881482e-04   2.5983366e-05
   3.9800000e+03   2.3975204e-04   1.5176724e-15   9.9976025e-01
   4.0330000e+03   9.9967846e-01   1.7729376e-04   1.4425010e-04
   3.9820000e+03   1.9472159e-04   9.5592232e-05   9.9970969e-01
   3.9850000e+03   9.9968296e-01   1.6299571e-04   1.5404306e-04
   4.0200000e+03   1.5688089e-04   1.5739564e-04   9.9968572e-01
   4.0350000e+03   9.9969878e-01   1.8109351e-04   1.2012680e-04
   3.9870000e+03   1.6363931e-04   2.3526624e-04   9.9960109e-01
   4.0630000e+03   5.8372246e-04   9.9927273e-01   1.4355140e-04
   4.0540000e+03   1.4602414e-04   3.4307215e-04   9.9951090e-01
   4.0600000e+03   1.9660860e-04   9.9966493e-01   1.3846331e-04
   4.0560000e+03   2.4658365e-04   9.9960370e-01   1.4971678e-04
   4.0520000e+03   2.2751216e-04   1.4432861e-15   9.9977249e-01
   3.9130000e+03   1.3952813e-04   4.5025775e-04   9.9941021e-01
   4.0660000e+03   9.9958404e-01   4.1596455e-04   1.5660970e-15
   4.0700000e+03   9.9973965e-01   4.4326270e-05   2.1602230e-04
   4.2210000e+03   3.5508265e-05   9.9762257e-04   9.9896687e-01
   4.2200000e+03   3.8008873e-04   0.0000000e+00   9.9961991e-01
   4.4060000e+03   9.9961778e-01   0.0000000e+00   3.8222089e-04
   4.1280000e+03   9.9959203e-01   1.3048969e-04   2.7747730e-04
   4.5040000e+03   2.7755576e-15   2.4612891e-04   9.9975387e-01
   4.5490000e+03   9.1704799e-05   1.2156367e-15   9.9990830e-01
   4.3100000e+03   9.9979096e-01   1.8834686e-04   2.0697980e-05
   4.1720000e+03   9.9985750e-01   1.1176377e-04   3.0741082e-05
   4.3180000e+03   9.9846196e-01   1.5380433e-03   1.1550553e-15
   4.1680000e+03   9.9883394e-01   9.6171424e-04   2.0435068e-04
   4.1850000e+03   2.5535130e-15   1.2077682e-03   9.9879223e-01
   4.2220000e+03   9.9854300e-01   1.4570026e-03   0.0000000e+00
   4.1750000e+03   6.6613381e-16   1.3008418e-03   9.9869916e-01
   4.3070000e+03   6.6613381e-16   1.4550717e-03   9.9854493e-01
   4.2240000e+03   1.0121836e-03   9.9898782e-01   0.0000000e+00
   4.1840000e+03   9.9872400e-01   1.0937695e-03   1.8223313e-04
   4.1370000e+03   8.2311849e-03   1.0671159e-03   9.9070170e-01
   4.2270000e+03   2.2403662e-04   9.9791853e-01   1.8574374e-03
   4.2260000e+03   1.3126660e-03   9.9868733e-01   2.3308430e-15
   4.1740000e+03   9.9854164e-01   1.2981263e-03   1.6023444e-04
   4.1360000e+03   9.9838894e-01   1.2263109e-03   3.8474415e-04
   4.4980000e+03   8.4838820e-17   9.9957640e-01   4.2360381e-04
   4.5360000e+03   4.3873100e-05   9.9945973e-01   4.9640035e-04
   4.2300000e+03   8.6356194e-05   9.9920808e-01   7.0556389e-04
   4.2870000e+03   1.1058862e-16   9.9931291e-01   6.8709200e-04
   4.3900000e+03   3.0994425e-04   9.9906204e-01   6.2801361e-04
   4.2330000e+03   2.7995821e-04   9.9929985e-01   4.2019213e-04
   4.2980000e+03   9.9928124e-01   4.9833851e-04   2.2042213e-04
   4.4900000e+03   2.0294765e-04   9.9920572e-01   5.9133463e-04
   4.1730000e+03   6.6031064e-06   1.3068601e-04   9.9986271e-01
   4.3110000e+03   2.2099248e-05   2.0148859e-04   9.9977641e-01
   4.5210000e+03   6.2006169e-05   9.9981968e-01   1.1831504e-04
   4.1220000e+03   2.4936650e-17   9.9897171e-01   1.0282894e-03
   4.1190000e+03  -1.0907074e-16   9.9882157e-01   1.1784327e-03
   4.2370000e+03   9.1030689e-04   1.3975209e-04   9.9894994e-01
   4.3480000e+03   8.7878768e-05   9.9928982e-01   6.2230552e-04
   4.2390000e+03  -1.1102230e-16   1.0235728e-03   9.9897643e-01
   4.3200000e+03   3.1086245e-15   1.1423123e-03   9.9885769e-01
   4.1940000e+03   1.0221962e-03   9.9897780e-01   1.9642284e-15
   4.2900000e+03   1.0667734e-03   9.9893323e-01   6.5672242e-16
   4.3210000e+03   9.8134294e-01   1.3405293e-02   5.2517674e-03
   4.4710000e+03   1.2763814e-03   9.9872362e-01   1.3077096e-15
   4.2940000e+03   4.4176284e-01   5.5493556e-01   3.3015983e-03
   4.1620000e+03   1.9967528e-02   8.2610572e-01   1.5392675e-01
   4.3680000e+03   1.0634848e-04   3.9181533e-04   9.9950184e-01
   4.1490000e+03   9.9953542e-01   0.0000000e+00   4.6458130e-04
   4.2430000e+03   1.7750755e-04   9.9940247e-01   4.2002592e-04
   4.3660000e+03   9.9939342e-01   6.0658070e-04   0.0000000e+00
   4.3720000e+03   1.0453578e-04   4.9250802e-04   9.9940296e-01
   4.0760000e+03   9.9920852e-01   5.5965813e-05   7.3551225e-04
   4.3600000e+03   6.0154272e-04   9.9938189e-01   1.6567703e-05
   4.2460000e+03   9.9942175e-01   9.1860558e-05   4.8638940e-04
   4.5070000e+03   2.8090689e-04   7.5586451e-05   9.9964351e-01
   4.0910000e+03   1.8637300e-04   2.4325075e-05   9.9978930e-01
   4.5260000e+03   1.0224800e-04   1.5145200e-16   9.9989775e-01
   4.0880000e+03   1.7215763e-04   9.1282101e-06   9.9981871e-01
   4.5060000e+03   9.9969602e-01   3.0397933e-04   0.0000000e+00
   4.5480000e+03   1.3414885e-04   5.5790501e-16   9.9986585e-01
   4.5080000e+03   5.5524957e-05   0.0000000e+00   9.9994448e-01
   4.4960000e+03   2.3144484e-04   9.9976856e-01   0.0000000e+00
   4.5230000e+03   3.2675570e-04   2.0652340e-04   9.9946672e-01
   4.5130000e+03   1.5473659e-04   9.9984526e-01   5.2969198e-16
   4.5290000e+03   5.6515824e-05   9.9967081e-01   2.7267426e-04
   4.4970000e+03   8.2807478e-05   9.9970810e-01   2.0909411e-04
   4.5150000e+03   1.2825338e-04   3.5118239e-04   9.9952056e-01
   4.5420000e+03   6.2334872e-05   2.7531363e-04   9.9966235e-01
   4.4950000e+03   0.0000000e+00   4.0549134e-04   9.9959451e-01
   4.5300000e+03   4.7373347e-04   9.9946422e-01   6.2050572e-05
   4.4890000e+03   1.2647893e-04   2.4933489e-04   9.9962419e-01
   4.5450000e+03   2.3016356e-04   2.5157489e-04   9.9951826e-01
   4.5160000e+03   1.3334291e-04   9.9951643e-01   3.5023119e-04
   4.5400000e+03   9.9978501e-01   1.1229673e-15   2.1498661e-04
   4.2480000e+03   9.9402512e-04   5.4679090e-04   9.9845918e-01
   4.4740000e+03   4.4687939e-05   9.9864432e-01   1.3109946e-03
   4.1870000e+03   9.0011961e-04   5.3007156e-05   9.9904687e-01
   4.2890000e+03   8.5969761e-04   1.5226980e-04   9.9898803e-01
   4.4760000e+03   2.4570224e-04   9.9885008e-01   9.0421928e-04
   4.2500000e+03   3.7708552e-16   9.9882732e-01   1.1726782e-03
   4.2910000e+03   3.5068729e-05   9.9887896e-01   1.0859742e-03
   4.1950000e+03   6.8842100e-05   9.9846386e-01   1.4672944e-03
   4.2090000e+03   1.1375437e-04   9.9905639e-01   8.2985455e-04
   4.4780000e+03   2.9085977e-01   6.6883713e-01   4.0303102e-02
   4.4780000e+03   5.7206179e-05   1.5460276e-03   9.9839677e-01
   4.3050000e+03   2.8720982e-06   9.9864461e-01   1.3525193e-03
   4.2850000e+03   7.7903423e-04   3.4521127e-04   9.9887575e-01
   4.2540000e+03   3.4205040e-04   9.9921019e-01   4.4776193e-04
   4.3010000e+03   5.0211289e-04   9.9899445e-01   5.0343340e-04
   4.1910000e+03   2.8162893e-04   9.9916618e-01   5.5218836e-04
   4.4920000e+03   3.4215375e-04   9.9931177e-01   3.4607962e-04
   4.3960000e+03   3.4828319e-04   9.9932265e-01   3.2906756e-04
   4.2550000e+03   3.1782848e-04   9.9915664e-01   5.2553625e-04
   4.5350000e+03   2.3923918e-04   9.9957662e-01   1.8414265e-04
   4.5330000e+03   4.5728604e-04   0.0000000e+00   9.9954271e-01
   4.4000000e+03   4.1047973e-04   9.9941261e-01   1.7691177e-04
   4.2570000e+03   3.9105779e-04   9.9933471e-01   2.7422781e-04
   4.5320000e+03   2.1630651e-04   2.3647751e-04   9.9954722e-01
   4.5460000e+03   1.4867799e-04   9.9953183e-01   3.1948849e-04
   4.4550000e+03   1.4867550e-04   9.9961310e-01   2.3822915e-04
   4.4010000e+03   5.2098949e-06   9.9961317e-01   3.8162034e-04
   4.5310000e+03   4.0102347e-05   9.9946191e-01   4.9799044e-04
   4.4940000e+03   9.9962826e-01   2.9532828e-04   7.6408439e-05
   4.0800000e+03   4.3363492e-04   3.9218383e-05   9.9952715e-01
   4.4050000e+03   2.7180018e-04   9.9972820e-01   0.0000000e+00
   4.3790000e+03   9.9969590e-01   6.2706961e-16   3.0409751e-04
   4.3780000e+03   9.5623867e-05   9.9956770e-01   3.3667267e-04
   4.0810000e+03   6.0724804e-04   4.9177365e-16   9.9939275e-01
   4.4500000e+03   4.0261653e-04   1.1203360e-04   9.9948535e-01
   4.4120000e+03   9.9948010e-01   3.0337042e-04   2.1652754e-04
   4.4090000e+03   2.6981826e-04   2.5039448e-04   9.9947979e-01
   4.1400000e+03   1.7801979e-04   3.3135500e-04   9.9949063e-01
   4.2600000e+03   5.9398333e-04   1.4520412e-15   9.9940602e-01
   4.2590000e+03   5.5511151e-16   6.9953905e-04   9.9930046e-01
   4.4150000e+03   2.8224546e-04   2.7019347e-04   9.9944756e-01
