   7.3900000e+02   9.9971219e-01   2.6839273e-04   1.9416700e-05
   6.3000000e+02   9.9979798e-01   2.0201615e-04   0.0000000e+00
   7.4000000e+02   7.6255817e-06   2.5328876e-04   9.9973909e-01
   6.3300000e+02   2.5535130e-15   2.2531618e-04   9.9977468e-01
   8.7500000e+02   9.9935365e-01   6.4635279e-04   1.5958350e-15
   1.3500000e+02   1.2045499e-04   9.9941179e-01   4.6775962e-04
   2.0600000e+02   9.9948600e-01   4.1749395e-04   9.6505598e-05
   2.3800000e+02   1.7166663e-04   9.9862693e-01   1.2014048e-03
   3.8700000e+02   9.9973751e-01   8.8984696e-05   1.7350835e-04
   2.5700000e+02   1.3322676e-15   3.0841989e-04   9.9969158e-01
   2.5800000e+02   9.9965787e-01   2.0574774e-04   1.3637796e-04
   3.9300000e+02   7.7986907e-04   9.9895664e-01   2.6349264e-04
   2.6000000e+02   9.9958693e-01   2.6892668e-04   1.4414520e-04
   1.5200000e+02   9.9963005e-01   2.2398147e-04   1.4597280e-04
   2.4600000e+02   2.8992802e-04   9.9941073e-01   2.9933746e-04
   1.0100000e+02   4.2678711e-04   9.9922616e-01   3.4705203e-04
   3.9100000e+02   1.2877899e-03   9.9831903e-01   3.9318384e-04
   1.0300000e+02   9.9965322e-01   2.4710633e-04   9.9677930e-05
   1.0900000e+02   1.7584577e-04   2.0273853e-03   9.9779677e-01
   6.5000000e+01   9.9888946e-01   8.8631582e-04   2.2422170e-04
   4.6800000e+02   8.7403415e-04   1.0084826e-05   9.9911588e-01
   4.3700000e+02   1.3992056e-03   9.9860079e-01   1.3079074e-16
   1.5000000e+02   9.9968152e-01   1.2838232e-04   1.9010113e-04
   2.4200000e+02   2.5420065e-04   9.9938838e-01   3.5741672e-04
   6.4000000e+01   3.8384245e-04   4.5961206e-04   9.9915655e-01
   6.0000000e+00   3.8117398e-04   9.9925835e-01   3.6047741e-04
   3.8800000e+02   5.5511151e-16   3.7320664e-04   9.9962679e-01
   4.5500000e+02   1.2197461e-03   9.9866931e-01   1.1094458e-04
   4.4200000e+02   9.7775478e-05   2.6369400e-03   9.9726528e-01
   4.4000000e+02   1.0538297e-04   2.1341762e-03   9.9776044e-01
   4.8600000e+02   1.3365781e-04   1.3976690e-03   9.9846867e-01
   4.4400000e+02   4.3624463e-04   9.5876036e-01   4.0803391e-02
   4.4600000e+02   7.7715612e-16   2.3843182e-03   9.9761568e-01
   1.7000000e+01   9.9771970e-01   2.1160555e-03   1.6424140e-04
   1.0700000e+02   9.9891135e-01   9.5019560e-04   1.3845527e-04
   4.0000000e+02   9.7142939e-01   2.2159021e-03   2.6354710e-02
   1.0600000e+02   9.8757437e-01   1.0052003e-02   2.3736314e-03
   3.9700000e+02   9.9941316e-01   4.1656815e-04   1.7026701e-04
   1.1200000e+02   9.9714745e-01   2.7026937e-03   1.4985268e-04
   4.0300000e+02   9.9797560e-01   1.9634400e-03   6.0957095e-05
   1.1000000e+02   4.9243850e-01   5.0535885e-01   2.2026526e-03
   1.1800000e+02   9.9641637e-01   3.3860517e-03   1.9757852e-04
   4.1500000e+02   9.9781628e-01   2.0144056e-03   1.6931455e-04
   4.1200000e+02   9.6329557e-05   1.9367815e-03   9.9796689e-01
   1.1700000e+02   7.3849609e-05   2.0229329e-03   9.9790322e-01
   1.6200000e+02   5.5184561e-04   9.9940346e-01   4.4691697e-05
   1.9580000e+03   1.1704935e-03   9.9847928e-01   3.5022704e-04
   1.9990000e+03   2.7191483e-04   9.9910816e-01   6.1992187e-04
   2.0420000e+03   9.9914453e-01   5.5004857e-04   3.0542503e-04
   1.9710000e+03   2.4594225e-04   9.9915045e-01   6.0361141e-04
   2.0410000e+03   5.8567806e-04   2.9952115e-04   9.9911480e-01
   2.0000000e+03   9.9918000e-01   4.7776696e-04   3.4223090e-04
   4.3800000e+02   1.3634927e-15   9.9869135e-01   1.3086503e-03
   4.7300000e+02   8.9600405e-05   9.9879649e-01   1.1139143e-03
   2.0020000e+03   1.6723674e-04   9.9893098e-01   9.0178611e-04
   4.7200000e+02   7.6370316e-05   9.9918297e-01   7.4066328e-04
   2.0630000e+03   3.1430909e-04   9.9930030e-01   3.8539050e-04
   1.9810000e+03   5.4950066e-04   2.4541630e-04   9.9920508e-01
   2.0260000e+03   3.1922469e-04   9.9911406e-01   5.6671389e-04
   2.0120000e+03   9.9917945e-01   5.0730701e-04   3.1324573e-04
   2.0600000e+03   9.9916664e-01   6.3131903e-04   2.0204596e-04
   1.9630000e+03   2.1665040e-04   9.9913309e-01   6.5025798e-04
   2.0590000e+03   1.1076402e-03   2.7028564e-04   9.9862207e-01
   2.0140000e+03   9.9908999e-01   6.9942176e-04   2.1058690e-04
   4.8000000e+02   1.7577458e-04   9.9942964e-01   3.9458517e-04
   4.3600000e+02   6.4243301e-04   1.7207258e-04   9.9918549e-01
   2.0220000e+03   2.0163135e-04   9.9923826e-01   5.6010878e-04
   2.0160000e+03   9.9942441e-01   3.1310911e-04   2.6247789e-04
   2.0650000e+03   7.1766986e-04   2.4713802e-04   9.9903519e-01
   2.0180000e+03   9.9926497e-01   5.2850176e-04   2.0653028e-04
   1.9560000e+03   1.3534612e-03   9.9785772e-01   7.8881764e-04
   1.9610000e+03   2.3100752e-05   9.9926520e-01   7.1170171e-04
   1.9600000e+03   1.0875286e-03   9.9872101e-01   1.9145704e-04
   1.1600000e+02   9.9829803e-01   1.6852529e-03   1.6713031e-05
   4.4300000e+02   9.9819243e-01   1.7216823e-03   8.5892682e-05
   1.0900000e+02   9.8840096e-01   8.9322930e-03   2.6667509e-03
   3.8900000e+02   9.9909055e-01   3.7057397e-04   5.3887819e-04
   2.4500000e+02   4.6511020e-04   5.9468020e-04   9.9894021e-01
   1.2100000e+02   9.9938880e-01   0.0000000e+00   6.1119938e-04
   3.8200000e+02   3.1715467e-04   7.0144530e-04   9.9898140e-01
   2.4500000e+03   6.4667619e-02   9.2496687e-01   1.0365509e-02
   2.4820000e+03   7.8715575e-01   2.6039175e-02   1.8680507e-01
   2.4530000e+03   4.9148732e-02   8.2545742e-01   1.2539385e-01
   2.1210000e+03   1.1013948e-03   9.9815635e-01   7.4225190e-04
   2.2090000e+03   9.3870650e-04   9.9796499e-01   1.0963081e-03
   2.4720000e+03   9.9891520e-01   8.9285378e-04   1.9194710e-04
   2.1230000e+03   5.7130242e-04   9.9854989e-01   8.7880316e-04
   2.4730000e+03   9.8094582e-04   9.9820327e-01   8.1578614e-04
   2.2110000e+03   1.1311045e-03   9.9787106e-01   9.9783431e-04
   2.4650000e+03   9.9902008e-01   3.0708473e-04   6.7283918e-04
   2.1720000e+03   8.2636367e-04   6.2529696e-04   9.9854834e-01
   2.4670000e+03   4.6181330e-04   9.9870821e-01   8.2997705e-04
   2.2130000e+03   7.6275154e-04   9.9824107e-01   9.9617762e-04
   2.3890000e+03   6.6364529e-04   9.9899733e-01   3.3902235e-04
   2.4380000e+03   4.3043566e-01   7.9794240e-02   4.8977010e-01
   2.1250000e+03   9.1014925e-03   8.1847943e-01   1.7241908e-01
   2.4600000e+03   1.5377038e-03   1.4151762e-03   9.9704712e-01
   2.2150000e+03   9.9830550e-01   2.5050575e-04   1.4439894e-03
   2.1700000e+03   1.2765517e-03   5.0333951e-04   9.9822011e-01
   2.1260000e+03   6.0726467e-01   5.1541404e-03   3.8758119e-01
   2.4330000e+03   1.0386629e-02   2.2753483e-01   7.6207854e-01
   2.3910000e+03   7.3089652e-04   9.9849661e-01   7.7249007e-04
   2.4570000e+03   5.9607409e-01   3.6336948e-01   4.0556423e-02
   2.2170000e+03   4.0266993e-01   5.5620198e-01   4.1128090e-02
   2.4530000e+03   9.9883890e-01   5.0666052e-04   6.5443490e-04
   2.4520000e+03   1.5414350e-01   1.0378219e-03   8.4481868e-01
   2.4490000e+03   1.3135695e-01   6.4204902e-02   8.0443815e-01
   2.4510000e+03   3.9794209e-01   2.4036845e-01   3.6168946e-01
   2.4490000e+03   1.9562683e-04   9.9799188e-01   1.8124891e-03
   2.4450000e+03   3.1682244e-02   8.6054564e-01   1.0777212e-01
   2.2210000e+03   6.2090396e-02   5.0011668e-01   4.3779292e-01
   2.1610000e+03   9.0986239e-01   2.4572576e-02   6.5565031e-02
   2.4470000e+03   9.9837838e-01   8.6416232e-04   7.5745278e-04
   2.1330000e+03   1.4515001e-03   1.1110648e-04   9.9843739e-01
   2.4460000e+03   1.2193393e-03   1.5439615e-03   9.9723670e-01
   2.2220000e+03   9.9831958e-01   1.5396521e-03   1.4077182e-04
   2.4430000e+03   2.1827079e-01   7.6906006e-01   1.2669157e-02
   2.4470000e+03   4.4859350e-03   3.3850631e-01   6.5700776e-01
   2.2250000e+03   3.5277937e-04   9.9819375e-01   1.4534661e-03
   2.4390000e+03   9.9807128e-01   1.3809632e-03   5.4775272e-04
   2.1370000e+03   1.5808105e-03   2.1209242e-04   9.9820710e-01
   2.4410000e+03   8.5519566e-04   9.9780813e-01   1.3366709e-03
   2.2260000e+03   9.1059379e-04   9.9724116e-01   1.8482449e-03
   2.4360000e+03   9.9789391e-01   1.9779043e-03   1.2818837e-04
   2.1390000e+03   1.2327165e-03   7.4186517e-05   9.9869310e-01
   2.4370000e+03   2.1516611e-03   9.9626665e-01   1.5816856e-03
   2.2280000e+03   2.2890724e-03   9.9585933e-01   1.8516007e-03
   2.4310000e+03   9.9810792e-01   1.6281160e-04   1.7292652e-03
   2.1680000e+03   1.7672203e-03   1.5294202e-03   9.9670336e-01
   2.4330000e+03   1.6512561e-03   9.9707517e-01   1.2735763e-03
   2.4320000e+03   2.7939269e-02   2.4768120e-02   9.4729261e-01
   2.3930000e+03   1.6568141e-03   9.9746784e-01   8.7534839e-04
   2.4290000e+03   2.4943829e-03   1.9031206e-03   9.9560250e-01
   2.1410000e+03   4.4344743e-04   8.7663727e-01   1.2291928e-01
   2.5730000e+03   5.0274975e-01   4.5063243e-01   4.6617825e-02
   2.4300000e+03   4.6981230e-01   9.5128403e-03   5.2067486e-01
   2.4270000e+03   2.3363886e-03   1.0737233e-03   9.9658989e-01
   2.1430000e+03   9.9759929e-01   2.1030366e-03   2.9767166e-04
   2.1440000e+03   4.2617854e-04   9.9718301e-01   2.3908073e-03
   2.4220000e+03   2.9095054e-02   2.3123796e-03   9.6859257e-01
   2.4230000e+03   1.6688010e-03   1.8866481e-03   9.9644455e-01
   2.4170000e+03   2.2297488e-02   4.1112968e-02   9.3658954e-01
   2.1580000e+03   3.3685708e-02   3.7570180e-01   5.9061249e-01
   2.3980000e+03   5.7320785e-01   1.9538483e-02   4.0725366e-01
   2.2480000e+03   9.4791670e-01   2.2752707e-02   2.9330589e-02
   2.4000000e+03   7.8495988e-03   4.6450695e-01   5.2764345e-01
   2.4010000e+03   3.3951492e-01   4.1600629e-03   6.5632501e-01
   2.1570000e+03   1.7093104e-03   9.9801766e-01   2.7303230e-04
   2.4000000e+03   9.9882243e-01   2.4996000e-04   9.2761076e-04
   2.5720000e+03   3.4310668e-01   3.5850139e-01   2.9839193e-01
   2.5690000e+03   1.6650579e-01   6.1093825e-01   2.2255596e-01
   2.2430000e+03   5.2188861e-01   1.8351891e-02   4.5975950e-01
   2.1530000e+03   3.1898773e-04   9.9782512e-01   1.8558963e-03
   2.4040000e+03   1.8381425e-03   8.1067327e-04   9.9735118e-01
   2.4080000e+03   9.9897372e-01   8.1710413e-04   2.0917720e-04
   2.4080000e+03   3.7124625e-01   6.2080506e-01   7.9486887e-03
   2.3900000e+03   1.7437832e-01   8.2301305e-01   2.6086278e-03
   2.4140000e+03   7.1680385e-01   2.7484270e-01   8.3534475e-03
   2.1500000e+03   3.9737391e-04   9.9874780e-01   8.5482895e-04
   2.4130000e+03   8.4416927e-04   6.8789540e-04   9.9846794e-01
   2.2460000e+03   9.9899484e-01   4.6638330e-04   5.3878102e-04
   2.2530000e+03   9.9607177e-01   1.2923685e-03   2.6358653e-03
   2.4940000e+03   9.9660543e-01   2.0828596e-03   1.3117085e-03
   2.1120000e+03   1.0657901e-03   8.4875117e-04   9.9808546e-01
   2.4960000e+03   6.1776443e-01   2.8693384e-01   9.5301728e-02
   2.4990000e+03   9.9763523e-01   1.7608225e-03   6.0395049e-04
   2.1110000e+03   2.4737847e-03   2.3334503e-03   9.9519276e-01
   2.5030000e+03   3.2499898e-01   4.9354145e-03   6.7006561e-01
   2.1090000e+03   4.3417729e-01   1.3988817e-02   5.5183389e-01
   2.5010000e+03   9.9748538e-01   1.5137594e-03   1.0008608e-03
   2.5000000e+03   4.2085248e-02   6.7250175e-01   2.8541300e-01
   2.2580000e+03   6.3972067e-04   2.4713721e-03   9.9688891e-01
   2.5040000e+03   7.4694491e-04   1.0427278e-03   9.9821033e-01
   2.1540000e+03   9.9816501e-01   3.1951524e-04   1.5154719e-03
   2.4060000e+03   2.2539176e-04   2.6340454e-03   9.9714056e-01
   2.2600000e+03   1.7322573e-03   2.0821743e-03   9.9618557e-01
   2.5080000e+03   1.4055506e-03   3.5125100e-04   9.9824320e-01
   2.1060000e+03   1.8133856e-03   9.9701634e-01   1.1702698e-03
   2.5070000e+03   8.7615815e-04   2.1839940e-03   9.9693985e-01
   2.2620000e+03   1.8295513e-03   1.8411440e-03   9.9632930e-01
   2.5130000e+03   1.4251414e-03   9.9823684e-01   3.3801811e-04
   2.1040000e+03   1.6633320e-03   9.9607020e-01   2.2664669e-03
   2.5110000e+03   2.5408465e-03   2.0717469e-03   9.9538741e-01
   2.5920000e+03   9.9845292e-01   1.3369449e-03   2.1013141e-04
   2.5170000e+03   1.2188499e-03   9.9787016e-01   9.1099030e-04
   2.1020000e+03   1.1320100e-03   9.9748563e-01   1.3823601e-03
   2.5150000e+03   1.1895663e-03   1.7715333e-03   9.9703890e-01
   2.5220000e+03   9.9750243e-01   1.1369653e-03   1.3606019e-03
   2.1000000e+03   1.4369564e-03   9.9640979e-01   2.1532564e-03
   2.5210000e+03   2.1806693e-03   1.3050460e-03   9.9651428e-01
   2.2630000e+03   9.9704011e-01   1.5990727e-03   1.3608191e-03
   2.0990000e+03   3.9126782e-03   1.7604945e-03   9.9432683e-01
   2.5260000e+03   2.8070245e-03   1.8678868e-03   9.9532509e-01
   2.2650000e+03   1.7150859e-03   9.9571991e-01   2.5650037e-03
   2.1600000e+03   8.4999740e-01   4.2694008e-03   1.4573320e-01
   2.5300000e+03   7.6282092e-03   9.5549538e-01   3.6876410e-02
   2.0950000e+03   1.0517189e-03   1.4378589e-03   9.9751042e-01
   2.5340000e+03   1.6518074e-03   1.2980976e-03   9.9705010e-01
   2.5290000e+03   5.5765012e-02   9.1578700e-01   2.8447985e-02
   2.0930000e+03   8.9510603e-04   1.4235392e-03   9.9768135e-01
   2.5380000e+03   1.3161456e-03   1.5690059e-03   9.9711485e-01
   2.2710000e+03   1.4312050e-03   9.9699430e-01   1.5744933e-03
   2.5360000e+03   9.9859658e-01   1.0767057e-03   3.2671629e-04
   2.5430000e+03   2.1176316e-04   1.1310013e-03   9.9865724e-01
   2.5440000e+03   1.3212100e-03   6.4310651e-05   9.9861448e-01
   2.4090000e+03   8.3864985e-05   1.5340471e-03   9.9838209e-01
   2.2740000e+03   9.9846459e-01   3.3852245e-04   1.1968896e-03
   2.5420000e+03   9.9869783e-01   5.6975384e-04   7.3241763e-04
   2.0900000e+03   3.4246356e-04   9.6734015e-04   9.9869020e-01
   2.5400000e+03   5.7323265e-04   1.5136563e-03   9.9791311e-01
   2.2760000e+03   9.9849637e-01   8.4155234e-04   6.6208149e-04
   2.2780000e+03   8.1737112e-05   1.0838617e-03   9.9883440e-01
   2.5470000e+03   1.8059820e-04   7.0871371e-04   9.9911069e-01
   2.5480000e+03   8.6928322e-04   5.7751106e-05   9.9907297e-01
   2.2770000e+03   9.9894714e-01   8.9952254e-04   1.5333482e-04
   2.2800000e+03   7.9664640e-04   1.1305788e-03   9.9807277e-01
   2.5530000e+03   5.8801460e-04   3.5794757e-04   9.9905404e-01
   2.0890000e+03   9.9904848e-01   2.8683540e-04   6.6468615e-04
   2.5500000e+03   5.1384117e-04   1.1420586e-03   9.9834410e-01
   2.2820000e+03   1.0477592e-03   1.1360926e-03   9.9781615e-01
   2.0810000e+03   9.9894416e-01   1.8906630e-04   8.6677545e-04
   2.0870000e+03   9.9914416e-01   7.8857126e-04   6.7272561e-05
   2.5560000e+03   1.0138884e-03   1.1298657e-03   9.9785625e-01
   2.5590000e+03   6.5404385e-04   4.2491654e-04   9.9892104e-01
   2.0840000e+03   4.6249185e-04   4.1521171e-04   9.9912230e-01
   2.5570000e+03   3.3630835e-04   5.2181448e-04   9.9914188e-01
   2.0800000e+03   9.9832327e-01   5.9600230e-04   1.0807251e-03
   2.5610000e+03   6.1703915e-04   2.9050192e-04   9.9909246e-01
   2.2830000e+03   9.9757548e-04   1.4763528e-04   9.9885479e-01
   2.3540000e+03   9.9958458e-01   6.2462590e-05   3.5296027e-04
   1.9040000e+03   2.1337099e-16   9.9959392e-01   4.0608488e-04
   1.9290000e+03   3.7208502e-04   6.0708605e-04   9.9902083e-01
   2.3420000e+03   9.8672350e-01   4.1432856e-03   9.1332130e-03
   2.2970000e+03   9.0035026e-04   9.3467659e-04   9.9816497e-01
   2.2960000e+03   1.1102230e-16   8.8240383e-04   9.9911760e-01
   2.1890000e+03   4.7005782e-04   9.9866189e-01   8.6804804e-04
   1.9540000e+03   3.1151550e-04   9.9912848e-01   5.6000884e-04
   2.3530000e+03   9.9941632e-01   4.2060363e-04   1.6307890e-04
   2.3030000e+03   8.1694755e-04   6.3328948e-04   9.9854976e-01
   2.3870000e+03   8.5633598e-04   9.9911654e-01   2.7128550e-05
   2.1930000e+03   7.8322389e-04   9.9827524e-01   9.4154092e-04
   2.3190000e+03   3.2712642e-02   2.8598977e-01   6.8129759e-01
   2.5970000e+03   9.9917136e-01   3.1443625e-04   5.1420629e-04
   2.3700000e+03   6.8472803e-03   9.7583303e-01   1.7319693e-02
   2.3240000e+03   2.2658825e-04   5.3586142e-04   9.9923755e-01
   2.0790000e+03   9.2456526e-01   5.0390432e-02   2.5044310e-02
   2.1800000e+03   9.2762533e-04   5.2686497e-04   9.9854551e-01
   1.9760000e+03   3.2424518e-04   9.9852073e-01   1.1550274e-03
   2.3720000e+03   5.2913749e-04   9.9837003e-01   1.1008345e-03
   2.3220000e+03   6.5420318e-04   9.9821704e-01   1.1287554e-03
   2.0310000e+03   2.3873618e-04   9.9897061e-01   7.9065789e-04
   2.5510000e+03   7.1963179e-04   9.9862598e-01   6.5438496e-04
   2.0780000e+03   9.9923286e-01   4.4441833e-05   7.2269590e-04
   2.3740000e+03   9.9924708e-01   1.3061053e-04   6.2230942e-04
   2.1780000e+03   6.7352713e-04   6.2927013e-04   9.9869720e-01
   1.9780000e+03   4.5515694e-04   9.9882756e-01   7.1728711e-04
   2.3760000e+03   5.9764844e-04   9.9875929e-01   6.4306254e-04
   2.3260000e+03   4.8400947e-04   9.9853701e-01   9.7897875e-04
   2.0290000e+03   3.9262390e-04   9.9907906e-01   5.2831796e-04
   2.4100000e+03   8.6889277e-04   9.9907116e-01   5.9951376e-05
   2.3280000e+03   4.0308153e-04   4.2099030e-04   9.9917593e-01
   2.3820000e+03   3.6259254e-04   4.4908918e-04   9.9918832e-01
   2.1900000e+03   9.9914482e-01   6.7153987e-05   7.8802616e-04
   2.5450000e+03   8.2602308e-04   9.9881815e-01   3.5582908e-04
   2.3300000e+03   4.9393544e-04   3.0532822e-04   9.9920074e-01
   2.3790000e+03   9.9931054e-01   3.6511871e-04   3.2434307e-04
   2.1750000e+03   3.1888010e-04   4.0166775e-04   9.9927945e-01
   1.9820000e+03   9.9930465e-01   2.1723547e-04   4.7811915e-04
   2.3800000e+03   6.0791984e-04   9.9896747e-01   4.2460569e-04
   2.3320000e+03   6.1049367e-04   9.9891196e-01   4.7754339e-04
   2.0250000e+03   4.8092892e-04   9.9925170e-01   2.6736692e-04
   2.3350000e+03   5.6249431e-04   1.4393540e-04   9.9929357e-01
   2.3340000e+03   2.6290865e-04   4.2518383e-04   9.9931191e-01
   2.0210000e+03   4.4016004e-04   9.9950791e-01   5.1926149e-05
   1.9030000e+03   4.3023435e-04   9.9945616e-01   1.1360764e-04
   2.0990000e+03   9.0674315e-01   3.1566979e-02   6.1689869e-02
   2.5280000e+03   1.5017754e-02   9.7903119e-02   8.8707913e-01
   2.5250000e+03   8.8015522e-01   5.4901956e-02   6.4942819e-02
   2.1000000e+03   2.8248309e-02   5.5986226e-04   9.7119183e-01
   2.6460000e+03   1.1453177e-02   9.8718087e-01   1.3659522e-03
   2.7240000e+03   3.1437587e-02   7.7184562e-02   8.9137785e-01
   2.6900000e+03   9.8996978e-01   1.7823390e-03   8.2478809e-03
   2.6440000e+03   1.2213799e-02   9.8747419e-01   3.1200979e-04
   2.7270000e+03   7.4540100e-02   1.1528486e-01   8.1017504e-01
   2.6920000e+03   9.8740046e-01   8.2288972e-04   1.1776649e-02
   2.6930000e+03   7.7524349e-04   9.8747779e-01   1.1746964e-02
   2.6940000e+03   9.8775808e-01   0.0000000e+00   1.2241915e-02
   2.6950000e+03   1.9783157e-03   9.8859129e-01   9.4303923e-03
   2.7320000e+03   4.2446827e-02   8.9042732e-01   6.7125850e-02
   2.6430000e+03   1.1655803e-03   9.8890710e-01   9.9273177e-03
   2.6970000e+03   2.1803570e-03   9.9122974e-01   6.5899056e-03
   2.6410000e+03   2.2143263e-03   9.9226580e-01   5.5198714e-03
   2.6360000e+03   2.1871994e-02   8.9780174e-01   8.0326264e-02
   2.7330000e+03   6.2529656e-03   9.8090981e-01   1.2837223e-02
   2.7450000e+03   4.3733882e-02   3.2070889e-03   9.5305903e-01
   2.6370000e+03   4.1535782e-03   9.6092642e-01   3.4920004e-02
   2.7100000e+03   4.6210514e-03   1.4671580e-03   9.9391179e-01
   2.7370000e+03   1.3048035e-02   9.3377764e-01   5.3174322e-02
   2.6050000e+03   9.9835042e-01   1.6495759e-03   0.0000000e+00
   2.6060000e+03   9.5496033e-01   4.5428643e-03   4.0496810e-02
   2.6340000e+03   3.8685914e-03   9.9367251e-01   2.4588967e-03
   2.7400000e+03   1.1498056e-01   3.2187822e-01   5.6314122e-01
   2.7390000e+03   4.6525810e-02   1.1669618e-03   9.5230723e-01
   2.7040000e+03   9.9599523e-01   2.2671144e-03   1.7376566e-03
   2.6320000e+03   6.5165147e-03   9.9220975e-01   1.2737394e-03
   2.6480000e+03   4.7203384e-02   8.6888858e-01   8.3908040e-02
   2.7620000e+03   9.9564318e-01   2.5321043e-03   1.8247203e-03
   2.7120000e+03   2.7875518e-04   3.8500793e-03   9.9587117e-01
   2.6520000e+03   2.6376310e-03   9.9348791e-01   3.8744625e-03
   2.7600000e+03   9.9662635e-01   7.7276503e-04   2.6008880e-03
   2.6540000e+03   2.6030279e-03   9.9416366e-01   3.2333155e-03
   2.7590000e+03   9.9680676e-01   2.5854375e-03   6.0779790e-04
   2.6560000e+03   3.4926968e-03   9.9442719e-01   2.0801156e-03
   2.7570000e+03   9.9667120e-01   1.6045138e-03   1.7242829e-03
   2.6580000e+03   2.5902203e-03   9.9625378e-01   1.1559979e-03
   2.7070000e+03   1.0572720e-03   8.0317297e-04   9.9813956e-01
   2.7520000e+03   9.9183841e-03   6.8861929e-01   3.0146233e-01
   2.6950000e+03   2.9025126e-02   3.4879211e-02   9.3609566e-01
   2.7050000e+03   9.9688412e-01   1.1243093e-03   1.9915662e-03
   2.6310000e+03   7.8239134e-04   1.5786362e-03   9.9763897e-01
   2.6410000e+03   1.4319019e-02   2.1775002e-02   9.6390598e-01
   2.6200000e+03   6.0023005e-03   5.4246468e-03   9.8857305e-01
   2.7510000e+03   8.0186711e-01   1.6640534e-01   3.1727552e-02
   2.6610000e+03   5.6985926e-01   3.7604115e-01   5.4099586e-02
   2.6210000e+03   8.8611233e-03   8.6535644e-01   1.2578243e-01
   2.7470000e+03   2.3876403e-03   2.3037419e-03   9.9530862e-01
   2.6230000e+03   1.6574181e-03   9.9652251e-01   1.8200688e-03
   2.6290000e+03   9.9841066e-01   4.0045205e-04   1.1888853e-03
   2.7150000e+03   4.8962448e-01   3.2811316e-01   1.8226235e-01
   2.7110000e+03   3.2677884e-02   6.9282981e-01   2.7449230e-01
   2.7140000e+03   9.9749518e-01   1.0903617e-03   1.4144534e-03
   2.7130000e+03   3.1009633e-02   1.1231641e-02   9.5775873e-01
   2.7190000e+03   9.9709987e-01   2.7280869e-03   1.7203857e-04
   2.6250000e+03   1.6057034e-15   9.9925671e-01   7.4328551e-04
   2.7180000e+03   6.7891824e-04   9.5108565e-04   9.9837000e-01
   2.6690000e+03   9.9755120e-01   1.1886601e-03   1.2601403e-03
   2.7210000e+03   9.9896847e-01   4.0822328e-04   6.2330436e-04
   2.6720000e+03   9.9873505e-01   1.0074340e-03   2.5751478e-04
   2.6270000e+03   4.7793416e-01   6.8852856e-03   5.1518055e-01
   2.7640000e+03   1.7216278e-02   9.8190815e-01   8.7557523e-04
   2.7040000e+03   3.4405780e-02   6.6843229e-03   9.5890990e-01
   2.7040000e+03   2.1085478e-02   9.3016021e-01   4.8754311e-02
   2.6120000e+03   3.5079326e-03   1.7632980e-03   9.9472877e-01
   2.7720000e+03   3.1860652e-03   2.8142083e-03   9.9399973e-01
   2.6730000e+03   2.9449094e-03   9.9424656e-01   2.8085280e-03
   2.7690000e+03   9.9675684e-01   1.4726526e-03   1.7705096e-03
   2.6100000e+03   2.2245392e-03   1.1666211e-03   9.9660884e-01
   2.7780000e+03   1.9313694e-03   2.5759624e-03   9.9549267e-01
   2.6750000e+03   2.8885379e-03   9.9433931e-01   2.7721500e-03
   2.7730000e+03   9.9657592e-01   2.0416316e-03   1.3824496e-03
   2.6780000e+03   1.1614786e-03   2.8544882e-03   9.9598403e-01
   2.7760000e+03   9.8224957e-04   9.9865652e-01   3.6122854e-04
   2.6260000e+03   9.9914841e-01   5.5107564e-04   3.0051818e-04
   2.6770000e+03   9.9757673e-01   2.4232708e-03   2.3962089e-15
   2.6800000e+03   1.2227169e-03   1.2848356e-03   9.9749245e-01
   2.7220000e+03   2.7517184e-06   1.1348503e-03   9.9886240e-01
   2.6820000e+03   3.0969845e-03   1.8315136e-03   9.9507150e-01
   2.7800000e+03   2.2615504e-03   1.3640806e-03   9.9637437e-01
   2.6840000e+03   3.0014579e-03   2.8556428e-03   9.9414290e-01
   2.7820000e+03   3.1579579e-03   2.3245477e-03   9.9451749e-01
   2.6860000e+03   3.6202079e-03   3.7209915e-03   9.9265880e-01
   2.7840000e+03   3.3724232e-03   3.1848919e-03   9.9344268e-01
   2.7860000e+03   3.9853076e-03   3.8387330e-03   9.9217596e-01
   2.6880000e+03   9.9622007e-01   2.2376362e-03   1.5422892e-03
   1.9090000e+04   1.5200831e-02   9.9690999e-04   9.8380226e-01
   1.9092000e+04   1.2665787e-02   1.9049443e-02   9.6828477e-01
   2.6810000e+03   1.9999344e-03   7.7743142e-03   9.9022575e-01
   1.9086000e+04   8.8424752e-03   4.6698774e-03   9.8648765e-01
   1.9084000e+04   6.4715942e-03   1.3571506e-02   9.7995690e-01
   1.9128000e+04   3.8527155e-03   2.3828624e-02   9.7231866e-01
   1.9127000e+04   9.8383715e-01   1.3927749e-02   2.2351016e-03
   1.9125000e+04   9.7989375e-01   2.0106253e-02   0.0000000e+00
   1.9122000e+04   1.1102230e-16   1.1144511e-02   9.8885549e-01
   1.9121000e+04   9.8484630e-01   1.1131555e-02   4.0221475e-03
   2.7560000e+03   2.9020710e-03   9.8683066e-01   1.0267272e-02
   2.6570000e+03   1.3897580e-03   9.9129290e-01   7.3173374e-03
   1.9115000e+04   9.9712389e-01   0.0000000e+00   2.8761113e-03
   1.9113000e+04   9.9062136e-01   2.8734704e-03   6.5051690e-03
   1.9111000e+04   9.8096798e-01   1.0075528e-02   8.9564951e-03
   1.9109000e+04   9.7440613e-01   2.1024288e-02   4.5695787e-03
   1.9107000e+04   9.8897009e-01   8.4502364e-03   2.5796733e-03
   1.9105000e+04   9.8425942e-01   8.8141959e-03   6.9263881e-03
   2.7160000e+03   6.0634298e-03   1.3629402e-02   9.8030717e-01
   2.7850000e+03   3.2423937e-03   7.7618432e-03   9.8899576e-01
   2.6850000e+03   1.5628731e-03   5.1055504e-03   9.9333158e-01
   1.9094000e+04   1.3189484e-02   9.1941499e-03   9.7761637e-01
   4.0290000e+03   9.9985020e-01   5.6519234e-05   9.3284603e-05
   3.9570000e+03   4.4637550e-05   1.9047411e-04   9.9976489e-01
   4.0090000e+03   1.0140816e-04   1.2857881e-04   9.9977001e-01
   3.9370000e+03   8.6147390e-05   1.0466845e-04   9.9980918e-01
   4.0060000e+03   9.9981607e-01   1.4071091e-04   4.3214982e-05
   3.9590000e+03   1.9495836e-04   6.7074976e-05   9.9973797e-01
   3.9450000e+03   2.2727690e-04   1.7127009e-06   9.9977101e-01
   3.9460000e+03   2.0448110e-04   9.9979552e-01   0.0000000e+00
   3.9960000e+03   3.5968567e-06   9.9980039e-01   1.9601548e-04
   3.9970000e+03   9.9981773e-01   1.6498976e-05   1.6576871e-04
   4.0410000e+03   3.0659510e-04   2.4470454e-04   9.9944870e-01
   4.0420000e+03   1.9086227e-04   6.1463968e-05   9.9974767e-01
   3.9620000e+03   2.5315772e-04   9.2157450e-06   9.9973763e-01
   3.9220000e+03   9.9982391e-01   4.2470666e-05   1.3362303e-04
   4.0670000e+03   1.8746707e-04   9.9960246e-01   2.1007725e-04
   4.0480000e+03   1.3488445e-04   9.9971812e-01   1.4699410e-04
   3.9520000e+03   1.4674772e-04   9.9973218e-01   1.2106909e-04
   3.9880000e+03   9.9979295e-01   1.2058148e-04   8.6466900e-05
   3.9340000e+03   9.9991707e-01   4.9187930e-05   3.3743138e-05
   4.0120000e+03   9.9985263e-01   1.4163563e-04   5.7391060e-06
   3.9690000e+03   2.0032793e-05   9.9982390e-01   1.5606748e-04
   4.0110000e+03   7.9814629e-05   6.6788704e-05   9.9985340e-01
   4.0140000e+03   2.4875070e-05   7.2734265e-05   9.9990239e-01
   3.9700000e+03   1.2220078e-04   9.9984702e-01   3.0779922e-05
   4.0130000e+03   9.8265305e-06   1.2913263e-04   9.9986104e-01
   4.0150000e+03   8.8185593e-05   4.2544979e-06   9.9990756e-01
   4.0180000e+03   9.7568660e-05   1.7969877e-05   9.9988446e-01
   3.9720000e+03   1.3055823e-04   9.9980825e-01   6.1194154e-05
   4.0170000e+03   4.3403577e-05   1.2364662e-04   9.9983295e-01
   3.9330000e+03   6.6770034e-05   1.1260408e-04   9.9982063e-01
   4.0460000e+03   1.0740147e-04   8.6554215e-05   9.9980604e-01
   4.0650000e+03   3.7230481e-04   9.9947017e-01   1.5752398e-04
   3.9310000e+03   1.2551534e-04   1.2570290e-04   9.9974878e-01
   4.0270000e+03   1.1664152e-04   9.9983524e-01   4.8118984e-05
   4.0230000e+03   7.9334299e-05   1.3371148e-04   9.9978695e-01
   3.9910000e+03   9.9977128e-01   5.0927954e-05   1.7779309e-04
   3.9780000e+03   1.9894719e-04   9.9973273e-01   6.8321483e-05
   4.0300000e+03   9.9993170e-01   9.6793494e-06   5.8624360e-05
   3.9800000e+03   6.0479211e-05   4.2125187e-05   9.9989740e-01
   3.9820000e+03   4.9966276e-05   9.9990155e-01   4.8483867e-05
   3.9830000e+03   1.2846826e-05   9.9991700e-01   7.0150409e-05
   4.0330000e+03   1.1192562e-04   1.1074197e-04   9.9977733e-01
   3.9850000e+03   1.4203232e-04   1.2327563e-04   9.9973469e-01
   3.9870000e+03   1.1526695e-04   9.9971975e-01   1.6498332e-04
   4.0200000e+03   1.2662741e-04   9.9969924e-01   1.7413112e-04
   4.0350000e+03   2.6952498e-04   1.1180896e-04   9.9961867e-01
   3.9280000e+03   9.9981767e-01   6.8324336e-05   1.1400081e-04
   4.0250000e+03   1.4265424e-04   1.4377995e-04   9.9971357e-01
   4.0370000e+03   2.5013298e-04   9.9963970e-01   1.1016511e-04
   3.9740000e+03   1.4407965e-04   1.9338506e-04   9.9966254e-01
   4.0720000e+03   1.9919027e-04   0.0000000e+00   9.9980081e-01
   4.0560000e+03   9.9976951e-01   8.4174686e-05   1.4631931e-04
   4.0600000e+03   5.0410609e-01   4.9385079e-01   2.0431284e-03
   4.0550000e+03   4.8283255e-04   2.6690428e-04   9.9925026e-01
   4.0530000e+03   4.5094656e-04   4.7872700e-04   9.9907033e-01
   3.8780000e+03   2.3069092e-04   2.7545011e-04   9.9949386e-01
   3.8390000e+03   9.9972286e-01   2.7714206e-04   1.6455738e-16
   3.8580000e+03   9.9971904e-01   5.3882628e-05   2.2707481e-04
   3.7860000e+03   9.9975691e-01   7.3060734e-05   1.7002664e-04
   3.8070000e+03   1.0627579e-05   9.9960518e-01   3.8418817e-04
   3.8370000e+03   9.9961797e-01   3.8203099e-04   1.3236027e-15
   3.8040000e+03   4.5975281e-04   1.2554170e-04   9.9941471e-01
   3.8470000e+03   1.1855686e-04   9.9946748e-01   4.1396252e-04
   3.8410000e+03   4.4408921e-16   1.9479390e-04   9.9980521e-01
   3.8420000e+03   1.9766686e-04   3.3966850e-16   9.9980233e-01
   3.7650000e+03   9.9979880e-01   2.0119911e-04   0.0000000e+00
   3.8440000e+03   1.9307663e-04   7.0790754e-06   9.9979984e-01
   3.9180000e+03   3.3306691e-16   2.8115706e-04   9.9971884e-01
   3.9200000e+03   2.3329002e-04   9.9955546e-01   2.1125482e-04
   3.7930000e+03   8.9513445e-05   9.9954898e-01   3.6151086e-04
   3.8460000e+03   3.1597599e-04   6.7576281e-05   9.9961645e-01
   3.8500000e+03   5.1425252e-04   1.0048080e-04   9.9938527e-01
   3.7740000e+03   3.7644609e-05   4.3882599e-04   9.9952353e-01
   3.8120000e+03  -8.4513559e-17   9.9954863e-01   4.5137284e-04
   3.8860000e+03   3.8706751e-05   9.9951221e-01   4.4908090e-04
   3.7660000e+03   9.9958605e-01   3.6135515e-04   5.2592938e-05
   3.8990000e+03   9.9954802e-01   4.4001029e-04   1.1965682e-05
   3.7710000e+03   9.9961126e-01   3.8873546e-04   4.7732633e-16
   3.8010000e+03   1.3147840e-05   3.2532877e-04   9.9966152e-01
   3.8150000e+03   9.9958053e-01   4.0354391e-04   1.5929600e-05
   3.7840000e+03   9.2602208e-05   1.9155555e-04   9.9971584e-01
   3.8620000e+03   2.3740846e-05   2.7215021e-04   9.9970411e-01
   3.8170000e+03   3.4392524e-04   9.9964409e-01   1.1983823e-05
   3.8600000e+03   9.9978600e-01   6.7791988e-05   1.4620864e-04
   3.7820000e+03   1.8764344e-04   1.7817532e-04   9.9963418e-01
   3.8660000e+03   1.6323768e-04   1.7472660e-04   9.9966204e-01
   3.8190000e+03   2.1134824e-04   9.9976090e-01   2.7753423e-05
   3.8640000e+03   9.9982476e-01   1.2742415e-04   4.7811789e-05
   3.7800000e+03   1.9264717e-04   1.9232312e-04   9.9961503e-01
   3.8720000e+03   1.1795702e-04   1.6228607e-04   9.9971976e-01
   3.8210000e+03   1.6232420e-04   9.9975738e-01   8.0296978e-05
   3.8670000e+03   9.9980335e-01   3.5851085e-05   1.6079778e-04
   3.8950000e+03   3.2293642e-04   9.9967706e-01   1.8495223e-15
   3.8920000e+03   3.7404975e-16   9.9960490e-01   3.9509958e-04
   3.8750000e+03   9.9978531e-01   5.3788114e-05   1.6090445e-04
   3.7780000e+03   1.6750195e-04   9.9979003e-01   4.2463267e-05
   3.8740000e+03   1.3059968e-04   1.5728062e-04   9.9971212e-01
   3.8260000e+03   9.9983797e-01   1.2790273e-04   3.4130794e-05
   3.8400000e+03   1.9644235e-04   2.9015486e-04   9.9951340e-01
   3.8960000e+03   1.9991604e-15   9.9973358e-01   2.6642415e-04
   3.8800000e+03   2.1622683e-04   2.2586246e-04   9.9955791e-01
   3.8290000e+03   2.5319570e-04   9.9953196e-01   2.1484155e-04
   3.8820000e+03   3.1753246e-04   1.8433249e-04   9.9949814e-01
   3.8310000e+03   2.0228059e-04   9.9951953e-01   2.7819314e-04
   3.8340000e+03   3.0350325e-04   1.6259427e-04   9.9953390e-01
   3.8690000e+03   1.5605902e-04   9.9954488e-01   2.9905674e-04
   3.8840000e+03   2.8112645e-04   1.7325871e-04   9.9954561e-01
   3.8350000e+03   9.9971838e-01   1.0773192e-04   1.7388395e-04
   3.9130000e+03   1.4330163e-04   9.9927600e-01   5.8069943e-04
   3.9030000e+03   1.4169832e-04   9.9937116e-01   4.8714493e-04
   3.7780000e+03   6.3059319e-04   8.1787317e-03   9.9119068e-01
   3.9050000e+03   1.4990119e-04   9.9960620e-01   2.4390059e-04
   3.9010000e+03   2.4396404e-04   9.9953027e-01   2.2576548e-04
   4.0630000e+03   9.9941313e-01   4.4710067e-04   1.3977029e-04
   3.9150000e+03   4.0153659e-04   3.9678219e-04   9.9920168e-01
   3.9190000e+03   2.6057673e-04   4.5700988e-05   9.9969372e-01
   4.8410000e+03   1.8688071e-02   9.1221081e-01   6.9101121e-02
   4.6540000e+03   2.5745234e-04   9.9931176e-01   4.3078290e-04
   4.8390000e+03   4.0790226e-04   4.4079462e-04   9.9915130e-01
   4.5630000e+03   3.1569070e-04   4.5474918e-04   9.9922956e-01
   4.9340000e+03   3.1574136e-15   9.9975387e-01   2.4612891e-04
   4.1090000e+03  -8.8091427e-18   9.9990830e-01   9.1704799e-05
   4.7450000e+03   2.1928450e-05   2.1005126e-04   9.9976802e-01
   4.6070000e+03   3.3076782e-05   1.4479880e-04   9.9982212e-01
   4.6560000e+03   9.9846196e-01   1.5380433e-03   0.0000000e+00
   4.6030000e+03   2.1973335e-04   1.1771780e-03   9.9860309e-01
   4.7510000e+03   9.9879223e-01   0.0000000e+00   1.2077682e-03
   4.6570000e+03   0.0000000e+00   1.4570026e-03   9.9854300e-01
   4.6080000e+03   9.9869916e-01   1.3008418e-03   5.3149690e-16
   4.7400000e+03   9.9854493e-01   1.4550717e-03   7.6464982e-16
   4.7270000e+03   2.3314684e-15   1.0121836e-03   9.9898782e-01
   4.6190000e+03   1.8530122e-04   1.2881690e-03   9.9852653e-01
   4.6460000e+03   2.1527634e-01   7.5905260e-01   2.5671065e-02
   4.6600000e+03   2.1022319e-03   9.9789777e-01   0.0000000e+00
   4.6610000e+03   2.9431752e-15   9.9868733e-01   1.3126660e-03
   4.6090000e+03   1.7477034e-04   1.4750343e-03   9.9835020e-01
   4.5710000e+03   3.7665853e-04   1.5869847e-03   9.9803636e-01
   4.9670000e+03   4.2360381e-04   7.3681123e-16   9.9957640e-01
   4.9660000e+03   4.0679187e-05   4.5687928e-04   9.9950244e-01
   4.6640000e+03   8.2395467e-05   6.2660013e-04   9.9929100e-01
   4.7200000e+03   6.8709200e-04   9.9931291e-01   0.0000000e+00
   4.8220000e+03   2.9646892e-04   3.2198404e-04   9.9938155e-01
   4.6660000e+03   7.0189813e-04   9.9900641e-01   2.9169156e-04
   4.7330000e+03   2.3501398e-04   7.1199317e-04   9.9905299e-01
   4.9200000e+03   2.0192866e-04   3.8953027e-04   9.9940854e-01
   4.6060000e+03   9.9986887e-01   1.2495822e-04   6.1744903e-06
   4.7440000e+03   9.9979748e-01   1.8157164e-04   2.0953306e-05
   4.9500000e+03   1.7820044e-04   9.9976283e-01   5.8971001e-05
   4.5550000e+03   8.9398632e-02   2.0805392e-01   7.0254745e-01
   4.5570000e+03   5.8074555e-02   6.3790335e-01   3.0402209e-01
   4.6710000e+03   9.9914093e-01   2.1871068e-04   6.4035559e-04
   4.7800000e+03   7.3967094e-04   9.9915095e-01   1.0937733e-04
   4.7570000e+03   8.8817842e-16   1.0235728e-03   9.9897643e-01
   4.6010000e+03   0.0000000e+00   1.1423123e-03   9.9885769e-01
   4.6290000e+03   2.2768246e-15   9.9897780e-01   1.0221962e-03
   4.7250000e+03   7.4593109e-16   9.9893323e-01   1.0667734e-03
   4.7550000e+03   1.9606294e-02   1.5054958e-02   9.6533875e-01
   4.7590000e+03   0.0000000e+00   1.2763814e-03   9.9872362e-01
   4.7290000e+03   4.5996136e-03   5.5885102e-01   4.3654937e-01
   4.5960000e+03   8.3817549e-02   5.5827781e-02   8.6035467e-01
   4.8000000e+03   1.1533458e-04   9.9937689e-01   5.0777858e-04
   4.5830000e+03   4.6458130e-04  -0.0000000e+00   9.9953542e-01
   4.6760000e+03   1.7013167e-04   2.6792441e-04   9.9956194e-01
   4.6770000e+03   6.0658070e-04   1.0544688e-15   9.9939342e-01
   4.8040000e+03   1.0094117e-04   9.9932903e-01   5.7002433e-04
   4.0960000e+03   7.3551225e-04   5.5965813e-05   9.9920852e-01
   4.7930000e+03   1.6155395e-05   9.9939976e-01   5.8408463e-04
   4.6790000e+03   5.7066267e-04   9.3538382e-05   9.9933580e-01
   4.9370000e+03   9.9974539e-01   8.4701873e-05   1.6990957e-04
   4.1110000e+03   9.9978930e-01   2.4325075e-05   1.8637300e-04
   4.9560000e+03   1.1725596e-04   9.9977935e-01   1.0339710e-04
   4.1080000e+03   9.9981871e-01   9.1282101e-06   1.7215763e-04
   4.9490000e+03   8.2030736e-16   9.9969602e-01   3.0397933e-04
   4.9780000e+03   1.0885506e-04   9.9975436e-01   1.3678469e-04
   4.9380000e+03   5.2959904e-05   9.9989604e-01   5.0995783e-05
   4.9270000e+03   1.0164395e-17   9.9976856e-01   2.3144484e-04
   4.9530000e+03   9.9973002e-01   1.9523920e-04   7.4744642e-05
   4.9420000e+03   1.5578969e-04   9.9968373e-01   1.6048514e-04
   4.9580000e+03   3.1905151e-04   9.9962046e-01   6.0486219e-05
   4.9260000e+03   3.0456939e-04   9.9960913e-01   8.6299612e-05
   4.9440000e+03   9.9962628e-01   2.3804048e-04   1.3568431e-04
   4.9720000e+03   6.9659560e-05   9.9959657e-01   3.3376621e-04
   4.9730000e+03   9.9959451e-01   3.1382624e-16   4.0549134e-04
   4.9610000e+03   5.4140712e-05   9.9952915e-01   4.1671110e-04
   4.9180000e+03   9.9975424e-01   1.2059073e-04   1.2517043e-04
   4.9740000e+03   9.9972209e-01   6.2462707e-05   2.1544772e-04
   4.9460000e+03   1.4733367e-04   1.9291792e-04   9.9965975e-01
   4.9710000e+03   1.8034326e-04   2.1950751e-04   9.9960015e-01
   4.6810000e+03   9.9877991e-01   5.2141987e-04   6.9867427e-04
   4.9030000e+03   1.3594676e-03   9.9860007e-01   4.0462739e-05
   4.6210000e+03   9.9909045e-01   4.2410963e-05   8.6713885e-04
   4.7230000e+03   9.9912573e-01   1.4459532e-04   7.2967012e-04
   4.9050000e+03   1.1135796e-03   9.9863168e-01   2.5473830e-04
   4.6820000e+03   1.1726782e-03   9.9882732e-01   3.8047003e-16
   4.7240000e+03   1.1244253e-03   9.9884112e-01   3.4450942e-05
   4.6280000e+03   1.5597918e-03   9.9837818e-01   6.2032252e-05
   4.6420000e+03   1.1523215e-04   7.7429552e-04   9.9911047e-01
   4.9090000e+03   8.3825447e-02   8.1382608e-01   1.0234847e-01
   4.9080000e+03   7.7455077e-05   9.9834795e-01   1.5745963e-03
   4.7380000e+03   1.3563039e-03   9.9864036e-01   3.3391742e-06
   4.7190000e+03   9.9921227e-01   3.6494323e-04   4.2279019e-04
   4.6860000e+03   7.3476826e-04   9.9894327e-01   3.2196032e-04
   4.7340000e+03   9.3165083e-04   9.9858619e-01   4.8215558e-04
   4.6240000e+03   8.2584526e-04   9.9887384e-01   3.0031840e-04
   4.9230000e+03   3.5669166e-04   9.9959472e-01   4.8585716e-05
   4.8290000e+03   3.1385885e-04   9.9964385e-01   4.2289412e-05
   4.6880000e+03   3.0202754e-04   1.9556086e-04   9.9950241e-01
   4.9640000e+03   4.2831690e-04   9.9933299e-01   2.3869787e-04
   4.9630000e+03   9.9954271e-01   0.0000000e+00   4.5728604e-04
   4.8330000e+03   1.3896290e-04   9.9959976e-01   2.6127510e-04
   4.6910000e+03   2.4294100e-04   9.9960647e-01   1.5059345e-04
   4.9620000e+03   2.3454087e-04   9.9936238e-01   4.0307415e-04
   4.9760000e+03   1.4927056e-04   1.8308891e-04   9.9966764e-01
   4.8870000e+03   3.9100605e-04   9.9940967e-01   1.9932140e-04
   4.8320000e+03   3.8642412e-04   9.9960698e-01   6.5950549e-06
   4.9600000e+03   5.3599561e-04   9.9941852e-01   4.5482072e-05
   4.9250000e+03   7.8788064e-05   3.5233887e-04   9.9956887e-01
   4.1000000e+03   9.9952715e-01   3.9218383e-05   4.3363492e-04
   4.8360000e+03   2.7873454e-04   9.9941182e-01   3.0944707e-04
   4.0980000e+03   9.9969590e-01   0.0000000e+00   3.0409751e-04
   4.8100000e+03   7.5786835e-05   2.5432795e-04   9.9966989e-01
   4.8020000e+03   9.9941866e-01   4.2420526e-04   1.5713333e-04
   4.8460000e+03   1.4065022e-02   5.0530759e-01   4.8062739e-01
   4.8430000e+03   5.5177159e-04   3.1731158e-04   9.9913092e-01
   4.8430000e+03   6.1610318e-02   7.5496617e-01   1.8342351e-01
   4.8020000e+03   4.2114509e-02   6.9887823e-01   2.5900726e-01
   4.6930000e+03   9.9940602e-01   1.4805503e-15   5.9398333e-04
   4.6920000e+03   6.7816846e-16   9.9930046e-01   6.9953905e-04
   4.8450000e+03   1.0864089e-03   9.9817054e-01   7.4305069e-04
