   3.1300000e+02   8.6283932e-05   9.9952138e-01   3.9233581e-04
   1.2300000e+02   1.5944551e-04   9.9927840e-01   5.6215243e-04
   1.2200000e+02   6.8043977e-04   9.9931956e-01   0.0000000e+00
   9.6000000e+01   3.8845774e-04   1.4928694e-04   9.9946226e-01
   3.1900000e+02   3.1069992e-01   5.5048761e-01   1.3881248e-01
   1.2400000e+02   1.4454047e-05   9.9847281e-01   1.5127406e-03
   1.9200000e+02   9.9811141e-01   1.7449838e-03   1.4360143e-04
   1.9100000e+02   2.8286964e-01   5.1961535e-02   6.6516882e-01
   9.8000000e+01   4.0791248e-02   2.4599804e-01   7.1321071e-01
   1.2600000e+02   6.3476410e-02   2.0446186e-01   7.3206173e-01
   2.1900000e+02   1.5801633e-02   9.6417796e-01   2.0020409e-02
   1.2800000e+02   7.3945901e-04   1.2962845e-03   9.9796426e-01
   1.9900000e+02   9.9942031e-01   3.9857704e-04   1.8111090e-04
   9.2000000e+01   3.3052214e-04   8.2545643e-04   9.9884402e-01
   2.9100000e+02   1.0165902e-03   9.9867504e-01   3.0836855e-04
   1.3000000e+02   1.9192677e-04   1.0340259e-03   9.9877405e-01
   2.0100000e+02   9.9932361e-01   3.0601476e-04   3.7037877e-04
   9.0000000e+01   3.2118065e-04   3.3607440e-04   9.9934274e-01
   2.8100000e+02   8.3875232e-04   9.9895290e-01   2.0834326e-04
   2.6800000e+02   4.1591897e-04   9.9868168e-01   9.0240588e-04
   1.3100000e+02   2.4939729e-04   2.3796705e-15   9.9975060e-01
   2.0200000e+02   9.9958126e-01   1.4236500e-04   2.7637296e-04
   2.5200000e+02   3.5386841e-02   9.5714797e-01   7.4651872e-03
   1.3300000e+02   0.0000000e+00   0.0000000e+00   1.0000000e+00
   2.0400000e+02   3.0953972e-17   9.9978412e-01   2.1587670e-04
   1.0500000e+02   8.2030696e-05   2.4937899e-04   9.9966859e-01
   3.9900000e+02   1.7255490e-04   1.6832846e-04   9.9965912e-01
   1.3700000e+02   4.9553839e-02   1.0779787e-01   8.4264829e-01
   2.1000000e+02   7.3677944e-05   9.9927404e-01   6.5228414e-04
   1.0000000e+02   8.1346849e-02   8.7842821e-01   4.0224943e-02
   2.1100000e+02   2.4787878e-04   3.1937387e-04   9.9943275e-01
   2.1200000e+02   2.3172320e-03   2.5666095e-02   9.7201667e-01
   9.4000000e+01   4.3900978e-04   3.4462740e-04   9.9921636e-01
   3.7100000e+02   2.8156560e-02   8.6214233e-01   1.0970111e-01
   3.3600000e+02   2.2782975e-04   7.1451135e-05   9.9970072e-01
   4.3000000e+01   9.9966444e-01   8.1402997e-16   3.3556010e-04
   1.3900000e+02   4.4314271e-04   3.0751492e-04   9.9924934e-01
   3.1000000e+02   1.7829359e-04   9.9955003e-01   2.7167943e-04
   8.0000000e+01   4.6132837e-04   3.9813566e-04   9.9914054e-01
   2.2100000e+02   3.7129706e-04   5.6806712e-04   9.9906064e-01
   2.8800000e+02   9.9958785e-01   4.1215279e-04   6.5768983e-16
   2.8600000e+02   3.0514300e-04   1.1593141e-04   9.9957893e-01
   1.4100000e+02   9.9966649e-01   3.3351101e-04   1.8120670e-15
   2.3200000e+02   2.5405715e-04   8.6832320e-05   9.9965911e-01
   7.6000000e+01   9.9968124e-01   3.1876080e-04   0.0000000e+00
   2.2600000e+02   3.0985394e-04   9.9947779e-01   2.1235971e-04
   1.4200000e+02   9.9967773e-01   4.3655754e-17   3.2226677e-04
   4.0800000e+02   3.4271860e-04   9.9962506e-01   3.2222002e-05
   2.2200000e+02   9.9959231e-01   9.9757215e-05   3.0792968e-04
   2.2400000e+02   3.5647243e-04   9.9931004e-01   3.3348475e-04
   1.4500000e+02   9.9962872e-01   2.6983072e-04   1.0145094e-04
   4.0600000e+02   3.8050944e-04   9.9940866e-01   2.1083176e-04
   1.1300000e+02   3.5227913e-04   9.9901324e-01   6.3447647e-04
   4.1300000e+02   1.6431371e-04   1.2983696e-04   9.9970585e-01
   4.1600000e+02   3.1258558e-04   9.9950671e-01   1.8070227e-04
   2.4300000e+02   0.0000000e+00   3.2147886e-04   9.9967852e-01
   3.9700000e+02   3.4058627e-05   2.7799239e-04   9.9968795e-01
   1.0300000e+02   1.5998999e-06   2.4237154e-04   9.9975603e-01
   1.0700000e+02   1.9120684e-04   1.6252781e-04   9.9964627e-01
   2.3500000e+02   2.1735561e-04   3.4108344e-04   9.9944156e-01
   6.7000000e+01   1.8292755e-04   1.4447924e-04   9.9967259e-01
   2.3100000e+02   1.6714415e-04   3.1862204e-04   9.9951423e-01
   6.9000000e+01   2.3549767e-04   1.0535645e-04   9.9965915e-01
   8.7000000e+01   0.0000000e+00   4.9764925e-17   1.0000000e+00
   2.4400000e+02   7.3297730e-05   0.0000000e+00   9.9992670e-01
   4.0100000e+02   4.7419384e-05   2.7403120e-04   9.9967855e-01
   1.0900000e+02   2.2888708e-04   3.1932426e-04   9.9945179e-01
   2.4000000e+02   9.9977913e-01   1.5325446e-04   6.7614431e-05
   1.6500000e+02   4.0149193e-04   2.0537211e-04   9.9939314e-01
   4.9000000e+02   1.6212758e-04   9.9962830e-01   2.0957206e-04
   4.3300000e+02   3.0528364e-05   9.9960251e-01   3.6696489e-04
   4.8700000e+02   1.5225613e-04   9.9945555e-01   3.9219319e-04
   1.6700000e+02   3.6090180e-04   1.8696449e-15   9.9963910e-01
   2.9900000e+02   9.9957618e-01   0.0000000e+00   4.2381935e-04
   5.4000000e+01   3.0969754e-04   9.9958561e-01   1.0469539e-04
   2.9800000e+02   3.8487788e-04   9.4943479e-05   9.9952018e-01
   3.2200000e+02   1.6680770e-04   9.9933071e-01   5.0248262e-04
   4.9000000e+01   5.7377058e-05   9.9953196e-01   4.1066256e-04
   3.1200000e+02   4.0127140e-04   4.2108046e-05   9.9955662e-01
   3.8000000e+01   3.4792880e-04   1.5951686e-04   9.9949255e-01
   3.0800000e+02   3.6113091e-04   1.4710020e-04   9.9949177e-01
   3.9500000e+02   9.9925697e-01   7.0656961e-04   3.6457864e-05
   1.7100000e+02   8.1958517e-05   1.3851405e-03   9.9853290e-01
   4.8000000e+01   3.1830539e-04   9.9875767e-01   9.2401990e-04
   9.7000000e+01   9.3873199e-05   9.0203738e-04   9.9900409e-01
   1.8000000e+01   4.0342441e-05   3.5998361e-04   9.9959967e-01
   4.7600000e+02   3.8726094e-04   4.6046096e-05   9.9956669e-01
   4.5700000e+02   9.9961466e-01   2.6463716e-04   1.2070342e-04
   4.5900000e+02   3.7443641e-05   3.1438546e-04   9.9964817e-01
   4.2900000e+02   1.4979323e-06   9.9957364e-01   4.2486355e-04
   4.7800000e+02   4.4638004e-04   1.9712947e-05   9.9953391e-01
   2.0900000e+02   4.4523430e-04   9.9925608e-01   2.9869054e-04
   1.7900000e+02   2.7717534e-04   1.3190972e-04   9.9959091e-01
   8.5000000e+01   3.0714488e-04   3.3074032e-04   9.9936211e-01
   3.3000000e+02   3.5643017e-04   9.9937169e-01   2.7188013e-04
   1.8200000e+02   9.9964551e-01   2.5260114e-04   1.0188646e-04
   3.4000000e+02   9.9964456e-01   0.0000000e+00   3.5543848e-04
   3.9000000e+01   2.8511185e-04   1.0351347e-04   9.9961137e-01
   3.3900000e+02   2.7677584e-04   3.2748316e-04   9.9939574e-01
   1.8300000e+02   9.9967924e-01   0.0000000e+00   3.2075736e-04
   1.8600000e+02   9.9960037e-01   2.4503532e-04   1.5459646e-04
   4.1900000e+02   1.9375912e-04   2.1106326e-04   9.9959518e-01
   3.4500000e+02   2.3887773e-04   4.1273408e-04   9.9934839e-01
   1.8800000e+02   9.9960052e-01   2.7131948e-04   1.2816135e-04
   5.1500000e+02   4.6296026e-05   1.8687535e-04   9.9976683e-01
   4.6400000e+02   9.9969637e-01   1.2656706e-04   1.7706487e-04
   5.1200000e+02   9.9981010e-01   1.5151640e-04   3.8381415e-05
   4.1700000e+02   1.1102230e-16   2.2038548e-04   9.9977961e-01
   5.1000000e+02   2.1231075e-04   3.1711929e-04   9.9947057e-01
   4.6600000e+02   9.9966519e-01   2.7149316e-04   6.3319198e-05
   4.3500000e+02   3.0308817e-04   9.9969691e-01   1.5638269e-15
   5.1300000e+02   2.6743362e-04   9.9973257e-01   4.6440762e-17
   4.6700000e+02   2.0421285e-04   9.9970607e-01   8.9721251e-05
   4.7200000e+02   9.9973691e-01   7.6869911e-05   1.8622228e-04
   4.9700000e+02   2.9256967e-04   9.9967923e-01   2.8202511e-05
   4.6900000e+02   1.1952908e-05   2.6149059e-04   9.9972656e-01
   4.3600000e+02   3.9242698e-16   9.9968470e-01   3.1530291e-04
   4.7900000e+02  -5.7462715e-17   9.9965424e-01   3.4575565e-04
   3.5600000e+02   5.2440745e-01   4.7366258e-01   1.9299651e-03
   3.8100000e+02   1.3773205e-03   3.7516768e-03   9.9487100e-01
   8.7000000e+01   1.0000000e+00  -0.0000000e+00   0.0000000e+00
   2.8900000e+02   1.6616525e-04   8.1003757e-04   9.9902380e-01
   5.7000000e+01   1.5685121e-04   6.0784321e-04   9.9923531e-01
   2.9300000e+02   3.9113126e-04   8.8399068e-04   9.9872488e-01
   2.9400000e+02   8.8760421e-04   1.2929623e-04   9.9898310e-01
   4.1000000e+01   2.1162760e-04   6.8412315e-05   9.9971996e-01
   7.3000000e+01   8.5543841e-05   9.9975625e-01   1.5820715e-04
   3.3200000e+02   2.5469559e-04   1.2066299e-04   9.9962464e-01
   8.3000000e+01   2.5445341e-04   1.9415143e-04   9.9955140e-01
   2.7400000e+02   2.7738876e-05   9.9964024e-01   3.3202574e-04
   2.7500000e+02   9.9957876e-01   1.6608962e-15   4.2123783e-04
   2.7200000e+02   1.9160021e-15   9.9969811e-01   3.0188552e-04
   2.7300000e+02   9.9964857e-01   3.3178180e-04   1.9647165e-05
   2.2800000e+02   1.2603894e-04   1.5284165e-04   9.9972112e-01
   2.2900000e+02   3.3603892e-04   7.5753806e-04   9.9890642e-01
   2.8400000e+02   2.2468341e-04   9.9966607e-01   1.0924744e-04
   2.7000000e+02   4.0868410e-04   0.0000000e+00   9.9959132e-01
   7.7000000e+01   2.5627840e-04   9.9927923e-01   4.6449026e-04
   7.1000000e+01   8.8240023e-05   1.8939633e-04   9.9972236e-01
   4.4200000e+02   1.4970880e-02   7.6690484e-01   2.1812428e-01
   4.3800000e+02   9.9974688e-01   1.4616198e-04   1.0695746e-04
   4.3900000e+02   1.1831377e-04   1.4402197e-04   9.9973766e-01
   4.4300000e+02   1.4154714e-05   1.7838063e-04   9.9980746e-01
   4.8100000e+02   2.0260133e-04   9.9961635e-01   1.8105205e-04
   4.4500000e+02   1.9343113e-04   2.5093371e-05   9.9978148e-01
   4.2800000e+02   2.6328906e-04   2.5836662e-04   9.9947834e-01
   4.4800000e+02   2.4098861e-04   9.9965385e-01   1.0515726e-04
   4.8300000e+02   4.6661488e-04   9.9897810e-01   5.5528308e-04
   4.5000000e+02   3.6231087e-04   9.9937833e-01   2.5935643e-04
   5.0600000e+02   9.9965396e-01   1.6335918e-04   1.8268559e-04
   4.5100000e+02   2.4910283e-01   7.4928669e-01   1.6104817e-03
   4.0400000e+02   3.2068368e-04   9.9902746e-01   6.5186058e-04
   4.0000000e+02   9.7927468e-01   6.1881027e-03   1.4537222e-02
   1.0500000e+02   9.8692612e-01   5.3427638e-03   7.7311118e-03
   1.0400000e+02   1.9811522e-04   9.8052232e-05   9.9970383e-01
   1.1500000e+02   3.2149201e-04   9.9898413e-01   6.9437835e-04
   4.1000000e+02   4.1531964e-04   9.9897601e-01   6.0866812e-04
   2.3900000e+02   9.6980060e-04   3.2627051e-04   9.9870393e-01
   2.3800000e+02   1.1454591e-02   4.2172120e-01   5.6682421e-01
   6.5000000e+01   4.2880482e-01   5.6936786e-01   1.8273202e-03
   4.0300000e+02   9.9208928e-01   4.0440903e-03   3.8666268e-03
   1.1900000e+02   2.9726206e-04   9.9876240e-01   9.4034059e-04
   4.5400000e+02   9.9973104e-01   1.7480590e-04   9.4152617e-05
   4.8500000e+02   7.3842058e-05   1.9151562e-04   9.9973464e-01
   4.1200000e+02   2.2944737e-04   9.8251409e-05   9.9967230e-01
   1.1700000e+02   2.1257160e-04   9.1391035e-16   9.9978743e-01
   5.5100000e+02   5.3041497e-03   9.9376376e-01   9.3208577e-04
   7.0700000e+02   9.7749375e-01   1.3743672e-02   8.7625821e-03
   3.5900000e+02   4.9975076e-01   5.0024924e-01  -0.0000000e+00
   3.6100000e+02   9.9967534e-01   3.2466024e-04   0.0000000e+00
   8.4400000e+02   2.3264731e-04   9.9963109e-01   1.3626496e-04
   8.4900000e+02   1.4166263e-02   4.5263540e-01   5.3319833e-01
   3.5500000e+02   1.7763568e-15   2.1013952e-03   9.9789860e-01
   8.3500000e+02   5.0030533e-01   4.9969467e-01  -0.0000000e+00
   3.7300000e+02   3.4416914e-15   4.7462051e-04   9.9952538e-01
   3.7500000e+02   2.6571095e-04   1.2179182e-03   9.9851637e-01
   8.5600000e+02   3.6972759e-04   9.9928559e-01   3.4468721e-04
   3.5200000e+02   4.9970240e-01   5.0029760e-01  -0.0000000e+00
   3.6200000e+02   9.9975944e-01   2.3770372e-04   2.8585985e-06
   2.8000000e+02   4.3786949e-04   9.9956213e-01   1.6712661e-15
   8.5600000e+02   1.0600014e-02   6.6326884e-03   9.8276730e-01
   5.3000000e+02   1.5705626e-04   6.3765197e-04   9.9920529e-01
   8.0000000e+02   2.4421610e-04   3.9150672e-04   9.9936428e-01
   6.0400000e+02   1.8680813e-04   4.9741361e-04   9.9931578e-01
   7.9300000e+02   9.9073316e-05   5.7555282e-04   9.9932537e-01
   6.7300000e+02   4.8207209e-02   5.2860136e-02   8.9893266e-01
   5.2700000e+02   5.4563423e-04   1.2695230e-04   9.9932741e-01
   7.9700000e+02   9.9909482e-01   5.6523346e-04   3.3994712e-04
   5.7900000e+02   4.4868861e-02   1.9767097e-01   7.5746017e-01
   6.9600000e+02   4.8709648e-04   7.5629679e-04   9.9875661e-01
   6.9500000e+02   2.3704255e-02   3.2428989e-01   6.5200586e-01
   6.7000000e+02   4.6952108e-02   9.2702234e-01   2.6025547e-02
   6.5200000e+02   9.7336969e-01   9.3195535e-03   1.7310755e-02
   7.7200000e+02   2.5825703e-04   0.0000000e+00   9.9974174e-01
   6.0700000e+02   1.2812139e-03   9.9871879e-01   0.0000000e+00
   7.7100000e+02   3.6349402e-04   3.8485735e-04   9.9925165e-01
   5.3600000e+02   3.5380605e-04   3.7258630e-05   9.9960894e-01
   6.0900000e+02   9.9972061e-01   3.5279623e-05   2.4410905e-04
   6.0900000e+02   2.3522850e-15   9.9971017e-01   2.8982915e-04
   7.6100000e+02   2.8418364e-04   1.4580170e-04   9.9957001e-01
   7.6000000e+02   1.4631743e-04   0.0000000e+00   9.9985368e-01
   7.4700000e+02   7.5903947e-05   4.9124604e-04   9.9943285e-01
   6.1100000e+02   2.9316806e-04   9.9969858e-01   8.2489019e-06
   6.8300000e+02   1.4246009e-05   2.8601825e-04   9.9969974e-01
   8.5400000e+02   4.2696362e-04   9.9956778e-01   5.2523620e-06
   7.5900000e+02   0.0000000e+00   3.6767155e-04   9.9963233e-01
   7.3200000e+02   1.3322676e-15   5.6370852e-05   9.9994363e-01
   5.8600000e+02   2.1089042e-04   9.9963331e-01   1.5580037e-04
   8.7700000e+02   1.7968157e-04   9.9966168e-01   1.5863662e-04
   6.7000000e+02   8.4950672e-01   2.6584087e-02   1.2390920e-01
   6.1700000e+02   1.0297280e-04   9.9963582e-01   2.6120879e-04
   8.6400000e+02   1.1476180e-05   9.9820431e-01   1.7842149e-03
   8.6400000e+02   6.0244414e-03   5.8757450e-02   9.3521811e-01
   3.7800000e+02   1.7151653e-04   2.4193794e-04   9.9958655e-01
   3.6600000e+02   2.0199526e-04   7.1441939e-05   9.9972656e-01
   6.7900000e+02   9.9917688e-01   3.9398945e-04   4.2912833e-04
   6.1800000e+02   9.1375622e-04   9.9874326e-01   3.4298108e-04
   6.9900000e+02   6.2210576e-04   9.9901408e-01   3.6381540e-04
   5.7100000e+02   4.5112197e-04   9.9920166e-01   3.4721329e-04
   7.6700000e+02   0.0000000e+00   2.7892952e-04   9.9972107e-01
   5.6900000e+02   3.1129347e-04   9.9944370e-01   2.4500195e-04
   6.2100000e+02   1.1102230e-16   2.9647329e-04   9.9970353e-01
   6.2200000e+02   9.9990844e-01   0.0000000e+00   9.1563423e-05
   6.2200000e+02   7.9160311e-17   9.9991202e-01   8.7981630e-05
   5.5300000e+02   9.9983455e-01   0.0000000e+00   1.6544639e-04
   5.5200000e+02   1.8145990e-04   7.3409239e-07   9.9981781e-01
   8.8600000e+02   1.0822227e-04   9.9989178e-01   6.7274824e-16
   7.0200000e+02   3.5379338e-05   3.7917746e-05   9.9992670e-01
   5.5600000e+02   9.9997748e-01   2.2516987e-05   2.8947611e-15
   7.1100000e+02   1.5554028e-05   8.6339255e-06   9.9997581e-01
   8.8400000e+02   8.4934255e-05   9.9981924e-01   9.5828864e-05
   5.9500000e+02   5.8290685e-04   9.9923812e-01   1.7897698e-04
   8.9100000e+02   1.6707900e-04   9.9962401e-01   2.0891392e-04
   7.1800000e+02   1.6094392e-03   2.1557383e-02   9.7683318e-01
   7.2800000e+02   4.3205457e-16   9.9973522e-01   2.6477519e-04
   7.3400000e+02   9.9974390e-01   0.0000000e+00   2.5609928e-04
   7.2500000e+02   9.9977141e-01   2.2753495e-04   1.0503393e-06
   7.2100000e+02   9.9975462e-01   1.9991726e-04   4.5459471e-05
   5.4400000e+02   1.1328829e-15   9.9946635e-01   5.3365426e-04
   8.7500000e+02   1.7560970e-04   9.9964851e-01   1.7587669e-04
   5.8400000e+02   9.1399803e-05   9.9974039e-01   1.6820834e-04
   7.1600000e+02   7.8356264e-05   9.9990276e-01   1.8886544e-05
   5.8800000e+02   1.1214352e-04   9.9973645e-01   1.5140705e-04
   7.1400000e+02   9.9996965e-01   0.0000000e+00   3.0347202e-05
   5.4700000e+02   5.7248359e-05   9.9989702e-01   4.5735737e-05
   5.5100000e+02   2.9314325e-06   1.5203675e-04   9.9984503e-01
   7.0900000e+02   7.3051239e-05   9.9992695e-01   0.0000000e+00
   6.4000000e+02   6.1154424e-16   9.9980037e-01   1.9963073e-04
   5.6700000e+02   2.8346630e-04   9.9971653e-01   0.0000000e+00
   7.2900000e+02   8.2778836e-17   9.9979574e-01   2.0425822e-04
   6.4300000e+02   2.6306712e-04   3.1786639e-05   9.9970515e-01
   8.6700000e+02  -9.6548203e-17   9.9983184e-01   1.6815750e-04
   8.7900000e+02   2.8763123e-04   9.9947059e-01   2.4177801e-04
   5.9000000e+02   9.9983060e-01   0.0000000e+00   1.6940184e-04
   7.2000000e+02   2.3314684e-15   1.6541861e-04   9.9983458e-01
   7.7900000e+02   9.9940067e-01   1.5039896e-04   4.4893602e-04
   6.4400000e+02   4.8039424e-04   9.9933038e-01   1.8922702e-04
   9.6500000e+02   2.2749570e-04   6.4855574e-04   9.9912395e-01
   5.3300000e+02   2.0607226e-04   5.0110420e-04   9.9929282e-01
   7.8800000e+02   2.5785117e-04   5.1218817e-04   9.9922996e-01
   6.4600000e+02   6.3263225e-04   9.9921484e-01   1.5253004e-04
   7.7600000e+02   5.9232590e-04   9.9919511e-01   2.1256621e-04
   5.5900000e+02   7.0748147e-04   9.9905974e-01   2.3277904e-04
   6.4800000e+02   9.9943870e-01   2.1207159e-04   3.4923235e-04
   7.9000000e+02   9.1961968e-04   9.9886488e-01   2.1549835e-04
   5.7300000e+02   1.4079542e-03   9.9833413e-01   2.5791918e-04
   7.8600000e+02   3.8152779e-04   9.9945808e-01   1.6039607e-04
   5.7500000e+02   5.4496109e-04   9.9935318e-01   1.0185974e-04
   6.7500000e+02   9.9941277e-01   1.6479101e-04   4.2243980e-04
   6.7300000e+02   9.9916859e-01   2.5751626e-04   5.7389645e-04
   8.7400000e+02   9.9965127e-01   1.3038969e-04   2.1834186e-04
   6.5100000e+02   9.9915598e-01   3.5962348e-04   4.8440068e-04
   7.9400000e+02   7.1793009e-04   9.9884782e-01   4.3425383e-04
   6.9700000e+02   1.3087996e-02   9.7802751e-01   8.8844947e-03
   7.8200000e+02   2.5512663e-04   9.9956178e-01   1.8309392e-04
   5.7700000e+02   5.4712976e-04   9.9918284e-01   2.7003362e-04
   6.7200000e+02   9.9942290e-01   5.7710284e-04   0.0000000e+00
   6.5500000e+02   8.5119493e-05   2.9664222e-04   9.9961824e-01
   6.5600000e+02   9.9973350e-01   0.0000000e+00   2.6650498e-04
   9.6800000e+02   2.5010147e-04   9.9958799e-01   1.6191009e-04
   5.1700000e+02   2.7910609e-04   9.9953841e-01   1.8248225e-04
   7.8400000e+02   9.9974137e-01   0.0000000e+00   2.5862845e-04
   9.3400000e+02   9.9980255e-01   4.8664672e-16   1.9745094e-04
   9.1100000e+02   2.4106780e-04   3.6887551e-04   9.9939006e-01
   9.6600000e+02   2.1141949e-04   8.7664891e-05   9.9970092e-01
   9.7200000e+02   1.9284387e-04   7.6938399e-06   9.9979946e-01
   9.3600000e+02   1.5853608e-04   9.9970773e-01   1.3373818e-04
   9.5400000e+02   1.2235380e-04   9.9965614e-01   2.2150585e-04
   9.0900000e+02   2.0194037e-04   9.9976755e-01   3.0511101e-05
   9.3900000e+02   9.9974236e-01   1.2001629e-15   2.5763848e-04
   9.7600000e+02   1.6949861e-04   9.9975239e-01   7.8114622e-05
   9.0200000e+02   1.4392366e-04   5.6228709e-05   9.9979985e-01
   9.7100000e+02   9.9977645e-01   2.2355464e-04   8.4612337e-16
   7.8000000e+02   9.9979139e-01   0.0000000e+00   2.0861080e-04
   8.0800000e+02   4.1470520e-05   9.9980958e-01   1.4894940e-04
   2.9000000e+01   4.7669867e-05   9.9971193e-01   2.4040252e-04
   8.0300000e+02   1.4292391e-04   9.9969846e-01   1.5861319e-04
   5.3100000e+02   1.4089472e-04   9.9969986e-01   1.5924901e-04
   5.6400000e+02   2.3697198e-04   9.9973836e-01   2.4670995e-05
   8.1100000e+02   2.2334955e-04   4.7439099e-06   9.9977191e-01
   6.6100000e+02   1.2477384e-04   9.9980002e-01   7.5202303e-05
   6.9100000e+02   2.2519183e-04   6.7928624e-05   9.9970688e-01
   6.6200000e+02   9.9987030e-01   5.3787539e-16   1.2970304e-04
   8.1000000e+02   1.5049005e-04   1.3903551e-04   9.9971047e-01
   5.2300000e+02   9.9978808e-01   5.1468117e-16   2.1192015e-04
   8.1500000e+02   1.3221377e-04   6.8741492e-05   9.9979904e-01
   6.6400000e+02   9.9989825e-01   0.0000000e+00   1.0174952e-04
   8.1700000e+02   9.0726429e-05   9.9985631e-01   5.2965043e-05
   5.2100000e+02   7.7623744e-05   9.9574773e-05   9.9982280e-01
   8.1300000e+02   9.9981847e-01   0.0000000e+00   1.8152595e-04
   6.6700000e+02   9.9990915e-01   9.0847054e-05   1.4987589e-15
   8.0600000e+02   1.9991763e-04   0.0000000e+00   9.9980008e-01
   5.2600000e+02   9.9985297e-01   1.4702611e-04   3.6106883e-15
   8.2200000e+02   8.1133673e-05   9.9991106e-01   7.8046768e-06
   8.2300000e+02   4.5810157e-06   9.9994953e-01   4.5887257e-05
   5.2000000e+02  -1.9718927e-17   9.9990524e-01   9.4762559e-05
   8.1900000e+02   9.9996451e-01   2.3353025e-15   3.5493952e-05
   9.9200000e+02   8.4735619e-05   9.9984738e-01   6.7888542e-05
   9.0100000e+02   9.9989891e-01   6.6060021e-05   3.5026713e-05
   9.8000000e+02   2.6052713e-05   9.8986085e-05   9.9987496e-01
   9.4100000e+02   2.7755576e-15   1.3439628e-04   9.9986560e-01
   9.8900000e+02   9.0535031e-05   1.8541112e-05   9.9989092e-01
   8.9400000e+02   6.7493739e-05   9.9985155e-01   8.0960110e-05
   9.8700000e+02   9.9990959e-01   5.4034683e-05   3.6378217e-05
   9.4300000e+02   0.0000000e+00   9.7607963e-05   9.9990239e-01
   9.9100000e+02   5.8969404e-05   9.9988292e-01   5.8113705e-05
   9.4500000e+02   2.3663305e-05   9.9987096e-01   1.0537676e-04
   9.7500000e+02   9.2292540e-05   9.9987891e-01   2.8793206e-05
   9.4600000e+02   6.6292996e-05   9.9981853e-01   1.1517280e-04
   9.5700000e+02   1.7735656e-04   5.4352172e-05   9.9976829e-01
   9.0700000e+02   1.8368212e-04   7.3109090e-05   9.9974321e-01
   2.8000000e+01   3.3258970e-04   9.9966070e-01   6.7080620e-06
   8.5700000e+02   3.1719175e-04   9.9968281e-01   1.1979133e-15
   8.5200000e+02   4.8111471e-17   9.9975887e-01   2.4112832e-04
   5.3700000e+02   8.4871346e-16   9.9965265e-01   3.4734663e-04
   8.4700000e+02   2.1878849e-04   9.9940571e-01   3.7550585e-04
   8.4200000e+02   2.3259844e-04   9.9967184e-01   9.5561872e-05
   8.1100000e+02   4.8334369e-01   5.0654957e-01   1.0106742e-02
   8.3600000e+02   1.8864230e-05   9.9998114e-01   0.0000000e+00
   3.5900000e+02   9.9990412e-01   9.5884540e-05   1.6255525e-15
   5.4000000e+02   9.7030559e-05   9.9966676e-01   2.3620592e-04
   3.5200000e+02   1.0000000e+00  -0.0000000e+00   0.0000000e+00
   7.6200000e+02   2.9004643e-04   9.9963926e-01   7.0689865e-05
   7.4900000e+02   0.0000000e+00   1.0000000e+00  -0.0000000e+00
   5.5800000e+02   7.1123542e-05   9.9988868e-01   4.0199101e-05
   3.5000000e+02   2.6834004e-17   9.9968849e-01   3.1151112e-04
   3.8400000e+02   2.7268100e-04   6.8572012e-04   9.9904160e-01
   3.5000000e+02   9.9935585e-01   2.3289577e-04   4.1125382e-04
   8.6900000e+02   9.9899914e-01   9.6749859e-04   3.3359215e-05
   8.6700000e+02   9.9910943e-01   7.1808966e-04   1.7248317e-04
   6.0200000e+02   9.9940882e-01   5.1352056e-04   7.7654806e-05
   8.6000000e+02   5.7507636e-05   9.9965177e-01   2.9071979e-04
   5.8200000e+02   9.9971861e-01   2.6086796e-04   2.0518526e-05
   9.1600000e+02   1.3590271e-04   9.9970751e-01   1.5659168e-04
   9.5900000e+02   3.4753915e-05   9.9986390e-01   1.0134833e-04
   9.2200000e+02   1.4308356e-04   9.9972606e-01   1.3085947e-04
   9.0500000e+02   9.9988917e-01   1.1083233e-04   6.2568414e-15
   9.2400000e+02   2.0909872e-04   9.9967923e-01   1.1167354e-04
   9.6100000e+02   1.7981839e-05   9.9987085e-01   1.1116731e-04
   7.0100000e+02   9.8883115e-01   1.0234873e-02   9.3397694e-04
   6.6800000e+02   9.9998983e-01   0.0000000e+00   1.0167180e-05
   9.2900000e+02   1.1775731e-02   8.0088823e-01   1.8733604e-01
   8.8300000e+02   4.8640817e-04   9.9934146e-01   1.7212988e-04
   7.1700000e+02   2.1526506e-02   9.7417826e-01   4.2952367e-03
   5.9400000e+02   4.1102669e-03   9.8460073e-01   1.1289002e-02
   5.8500000e+02   9.9983959e-01   1.2430513e-05   1.4798055e-04
   5.9700000e+02   4.8253432e-04   9.9936184e-01   1.5562380e-04
   7.1800000e+02   9.9973280e-01   1.7656451e-04   9.0639726e-05
   5.9200000e+02   9.9982802e-01   2.8069463e-15   1.7197801e-04
   8.8000000e+02   9.9979806e-01   3.5664349e-05   1.6628005e-04
   6.0100000e+02   7.6503238e-04   9.9909252e-01   1.4245117e-04
   9.3100000e+02   6.8922751e-03   3.8580931e-01   6.0729841e-01
   9.6200000e+02   1.2285057e-04   9.9973031e-01   1.4684428e-04
   9.3300000e+02   1.5860640e-04   2.8670633e-05   9.9981272e-01
   1.0130000e+03   9.9974259e-01   2.5741327e-04   0.0000000e+00
   1.0410000e+03   1.8896006e-04   1.7038823e-15   9.9981104e-01
   2.2000000e+01   1.1102230e-16   1.0000000e+00  -0.0000000e+00
   1.0320000e+03   1.0371674e-04   3.4206741e-04   9.9955422e-01
   1.0100000e+03   9.9953588e-01   4.1722661e-16   4.6411638e-04
   1.0440000e+03   8.3939079e-03   6.5820673e-02   9.2578542e-01
   1.0430000e+03   1.5299935e-02   2.7190305e-01   7.1279701e-01
   1.0410000e+03   9.3971063e-03   6.3522079e-01   3.5538210e-01
   1.0200000e+03   9.9989585e-01   2.4634114e-15   1.0414688e-04
   1.0190000e+03   1.1124149e-04   9.9984033e-01   4.8431509e-05
   1.0430000e+03   1.3938076e-06   9.9993557e-01   6.3035471e-05
   1.0090000e+03   4.8849813e-15   2.0124640e-04   9.9979875e-01
   1.0210000e+03   9.9994462e-01   3.1530808e-17   5.5378300e-05
   7.5400000e+02   9.9984601e-01   9.7462002e-16   1.5399115e-04
   2.1000000e+01   0.0000000e+00   1.8778493e-05   9.9998122e-01
   1.0070000e+03   4.8712847e-05   0.0000000e+00   9.9995129e-01
   7.5600000e+02   9.9974630e-01   2.5369975e-04   1.5184736e-15
   7.6400000e+02   2.0588694e-04   9.9949826e-01   2.9585076e-04
   1.1390000e+03   2.2281047e-04   3.1314786e-04   9.9946404e-01
   1.0910000e+03   4.9643186e-04   9.9925866e-01   2.4490645e-04
   1.1300000e+03   2.2852346e-04   5.4927357e-04   9.9922220e-01
   1.0700000e+03   9.9950825e-01   2.2455628e-04   2.6719115e-04
   9.9400000e+02   3.2096157e-04   9.9941177e-01   2.6726671e-04
   1.0400000e+03   9.9988126e-01   1.1873617e-04   0.0000000e+00
   6.4100000e+02   1.1102230e-16   1.2489678e-17   1.0000000e+00
   9.9600000e+02   0.0000000e+00   1.0000000e+00   0.0000000e+00
   1.0150000e+03   0.0000000e+00   5.7108482e-05   9.9994289e-01
   1.0280000e+03   9.9991304e-01   2.4996579e-16   8.6957733e-05
   1.0010000e+03   1.7090494e-04   2.0270434e-04   9.9962639e-01
   1.1190000e+03   4.5773333e-05   1.9757023e-04   9.9975666e-01
   6.8200000e+02   9.9976557e-01   1.8415851e-04   5.0266497e-05
   1.0470000e+03   2.3078245e-04   9.9955141e-01   2.1780408e-04
   1.1340000e+03   1.9341063e-04   2.0020077e-04   9.9960639e-01
   1.0300000e+03   4.8820189e-05   0.0000000e+00   9.9995118e-01
   1.0300000e+03   1.7349809e-04   9.9982650e-01   0.0000000e+00
   1.1610000e+03   2.1307301e-04   2.1173717e-04   9.9957519e-01
   1.0990000e+03   4.9683267e-04   9.9927229e-01   2.3087274e-04
   1.1310000e+03   4.8241288e-04   9.9930829e-01   2.0929529e-04
   1.1620000e+03   2.7555369e-04   9.8491153e-16   9.9972445e-01
   1.0240000e+03   9.9935460e-01   1.5503481e-04   4.9036356e-04
   1.1640000e+03   2.5605485e-04   5.0542079e-04   9.9923852e-01
   7.6600000e+02  -9.0422461e-17   9.9944145e-01   5.5855331e-04
   7.6600000e+02   9.9981435e-01   1.8565471e-04   0.0000000e+00
   1.0650000e+03   2.2446645e-04   3.2735081e-04   9.9944818e-01
   1.1650000e+03   2.3275737e-04   4.6466213e-04   9.9930258e-01
   1.1010000e+03   2.4324047e-04   3.6595303e-04   9.9939081e-01
   1.1430000e+03   5.7419403e-04   9.9918578e-01   2.4003017e-04
   1.0830000e+03   6.9551278e-04   9.9907184e-01   2.3264485e-04
   1.1410000e+03   2.4729879e-04   3.6095566e-04   9.9939175e-01
   1.0640000e+03   2.3566449e-04   6.8271136e-04   9.9908162e-01
   1.1450000e+03   2.3500994e-04   3.0552137e-04   9.9945947e-01
   1.1540000e+03   1.2733574e-04   9.9973863e-01   1.3402956e-04
   1.1240000e+03   2.8233407e-04   3.5327897e-05   9.9968234e-01
   1.0730000e+03   9.9968865e-01   1.8540284e-04   1.2594285e-04
   1.1520000e+03   2.6056783e-04   9.9972142e-01   1.8014247e-05
   1.1090000e+03   1.6696062e-04   9.9955487e-01   2.7817032e-04
   1.1260000e+03   3.2080611e-04   1.3661353e-04   9.9954258e-01
   1.0710000e+03   9.9968068e-01   6.3715549e-05   2.5560139e-04
   1.1600000e+03   6.8252700e-05   9.9976467e-01   1.6707443e-04
   1.1500000e+03   9.9976724e-01   2.2702200e-04   5.7416804e-06
   1.1130000e+03   1.2957804e-04   9.9964078e-01   2.2963894e-04
   1.1550000e+03   1.5846223e-04   9.9961223e-01   2.2930834e-04
   1.0610000e+03   2.3188086e-04   3.1547635e-05   9.9973657e-01
   1.0510000e+03   9.9971532e-01   1.7045360e-04   1.1422828e-04
   1.0260000e+03   1.1641862e-04   9.9971130e-01   1.7228204e-04
   1.1030000e+03   5.4847128e-03   9.9337377e-01   1.1415128e-03
   1.1470000e+03   2.4915900e-04   9.9951231e-01   2.3852801e-04
   1.0870000e+03   2.3607235e-04   9.3082779e-04   9.9883310e-01
   1.0880000e+03   2.8321512e-04   9.7934798e-04   9.9873744e-01
   1.1040000e+03   9.9964395e-01   2.8046468e-04   7.5588585e-05
   1.1060000e+03   9.9976648e-01   2.1977878e-04   1.3740990e-05
   1.0900000e+03   2.3233024e-04   8.9130256e-04   9.9887637e-01
   1.0540000e+03   6.1817104e-04   6.3791035e-04   9.9874392e-01
   1.0560000e+03   3.0250626e-04   5.2915638e-04   9.9916834e-01
   1.0580000e+03   3.6128944e-04   4.2288889e-04   9.9921582e-01
   8.5900000e+02   4.2609315e-04   9.9933985e-01   2.3405500e-04
   1.2810000e+03   9.9960397e-01   2.8515528e-04   1.1087322e-04
   1.6960000e+03   1.1347861e-04   9.9928364e-01   6.0288563e-04
   1.2970000e+03   2.8379681e-04   9.9943059e-01   2.8560853e-04
   1.4500000e+03   3.5039483e-04   1.9466803e-04   9.9945494e-01
   1.5800000e+03   9.9956118e-01   7.2074958e-05   3.6674416e-04
   1.5770000e+03   4.9773144e-04   9.9943046e-01   7.1806158e-05
   1.3040000e+03   5.3556254e-04   9.9879880e-01   6.6563927e-04
   1.5590000e+03   5.5073204e-04   5.9977634e-04   9.9884949e-01
   1.2260000e+03   6.0258973e-04   9.9939741e-01   5.3178682e-15
   1.5710000e+03   1.8590425e-04   9.9964372e-01   1.7037408e-04
   1.3060000e+03   3.2435853e-04   9.9920062e-01   4.7502014e-04
   1.5630000e+03   5.0960125e-04   4.3047483e-04   9.9905992e-01
   1.2230000e+03   2.3063134e-04   9.9936252e-01   4.0684931e-04
   1.4900000e+03   9.9968490e-01   2.6373042e-04   5.1365917e-05
   1.3080000e+03   1.8619615e-04   9.9950134e-01   3.1246418e-04
   1.5660000e+03   3.1000684e-04   9.9930451e-01   3.8548593e-04
   1.2670000e+03   3.2375420e-04   4.0887498e-04   9.9926737e-01
   1.2380000e+03   9.9947075e-01   2.5290930e-04   2.7634018e-04
   1.5650000e+03   2.6808963e-04   9.9954389e-01   1.8801569e-04
   1.3110000e+03   4.8984658e-04   9.9951015e-01   0.0000000e+00
   1.2370000e+03   8.8817842e-15   5.4305923e-04   9.9945694e-01
   1.4910000e+03   9.9955950e-01   5.8363680e-05   3.8213754e-04
   1.3120000e+03   2.9963612e-04   9.9927941e-01   4.2095357e-04
   1.5340000e+03   1.6445179e-15   9.9948153e-01   5.1847485e-04
   1.2650000e+03   5.2638292e-04   3.1076999e-04   9.9916285e-01
   1.5610000e+03   4.8443778e-02   4.0515062e-01   5.4640560e-01
   1.3140000e+03   6.4991769e-05   9.8137340e-04   9.9895363e-01
   1.2320000e+03   9.9933547e-01   1.6498445e-04   4.9954889e-04
   1.5460000e+03   1.4939132e-01   4.9841296e-03   8.4562455e-01
   1.2450000e+03   8.8659035e-04   4.9650227e-04   9.9861691e-01
   1.5480000e+03   5.9798575e-04   9.9925384e-01   1.4817000e-04
   1.3180000e+03   7.1412292e-04   3.9373941e-05   9.9924650e-01
   1.5250000e+03   7.8363819e-04   4.9996716e-04   9.9871639e-01
   1.1740000e+03   9.9816652e-01   0.0000000e+00   1.8334831e-03
   1.1740000e+03   8.4719301e-04   9.9835387e-01   7.9893369e-04
   1.5270000e+03   9.6418227e-04   1.1385440e-03   9.9789727e-01
   1.2430000e+03   5.4516537e-04   9.9834476e-01   1.1100744e-03
   1.5370000e+03   7.1666005e-04   9.9928334e-01   1.2870177e-14
   1.3210000e+03   6.8599964e-04   9.9849018e-01   8.2382126e-04
   1.5290000e+03   1.0354491e-03   5.2577146e-04   9.9843878e-01
   1.2420000e+03   6.7212948e-04   9.9899587e-01   3.3200293e-04
   1.5330000e+03   3.1526794e-04   9.9923456e-01   4.5016970e-04
   1.3230000e+03   5.5672702e-04   9.9876457e-01   6.7870483e-04
   1.5310000e+03   1.0959640e-03   6.4455011e-04   9.9825949e-01
   1.2400000e+03   3.7743713e-04   9.9827118e-01   1.3513854e-03
   1.4920000e+03   9.9919084e-01   5.1621167e-04   2.9295036e-04
   1.3250000e+03   3.4501475e-04   9.9887204e-01   7.8294122e-04
   1.3300000e+03   9.9118076e-01   5.1560726e-03   3.6631671e-03
   1.6790000e+03   9.8493364e-01   9.5156501e-05   1.4971200e-02
   1.6830000e+03   2.0480957e-04   1.4776396e-03   9.9831755e-01
   1.3280000e+03   3.1899080e-04   7.5084892e-04   9.9893016e-01
   1.6810000e+03   3.5599200e-02   4.7205885e-01   4.9234195e-01
   1.3300000e+03   8.8778583e-03   4.7643892e-01   5.1468322e-01
   1.6900000e+03   1.1102230e-16   1.0622088e-03   9.9893779e-01
   1.3320000e+03   4.9253279e-05   1.4681035e-03   9.9848264e-01
   1.6890000e+03   9.9902998e-01   9.0380101e-04   6.6216256e-05
   1.5240000e+03   9.5508893e-03   9.7041253e-01   2.0036577e-02
   1.6850000e+03   5.8841820e-15   1.0323415e-03   9.9896766e-01
   1.5180000e+03   9.9812449e-01   0.0000000e+00   1.8755077e-03
   1.2570000e+03   1.0655297e-03   1.1794160e-01   8.8099287e-01
   1.4980000e+03   3.7460265e-01   1.9607644e-02   6.0578971e-01
   1.3470000e+03   4.6602677e-02   3.2151962e-02   9.2124536e-01
   1.2550000e+03   9.5528447e-03   3.1906988e-01   6.7137727e-01
   1.5020000e+03   5.4375329e-01   1.9936454e-02   4.3631026e-01
   1.3380000e+03   9.9893437e-01   9.7295437e-04   9.2671469e-05
   1.6840000e+03   9.9898729e-01   3.8906119e-04   6.2364782e-04
   1.6790000e+03   3.3469727e-02   4.2076989e-01   5.4576039e-01
   1.3400000e+03   6.9562337e-02   6.0237007e-01   3.2806759e-01
   1.3420000e+03   4.9186164e-01   1.3448141e-02   4.9469022e-01
   1.3410000e+03   7.5313331e-04   9.9912450e-01   1.2236970e-04
   1.3420000e+03   1.3151830e-05   9.9918286e-01   8.0398503e-04
   1.5040000e+03   4.8524102e-05   3.8899500e-04   9.9956248e-01
   1.3430000e+03   2.2872613e-04   9.9964528e-01   1.2599870e-04
   1.5090000e+03   9.8537676e-01   4.3902077e-03   1.0233030e-02
   1.5080000e+03   6.7691687e-05   1.6973229e-04   9.9976258e-01
   1.3440000e+03   2.3326383e-04   9.9959605e-01   1.7068609e-04
   1.4900000e+03   1.1102230e-16   2.4423234e-04   9.9975577e-01
   1.5090000e+03   1.7286315e-04   2.5758992e-04   9.9956955e-01
   1.4960000e+03   9.9923184e-01   6.7760703e-04   9.0550571e-05
   1.3460000e+03   6.7623741e-04   9.9870978e-01   6.1398401e-04
   1.3480000e+03   9.9907632e-01   5.7684108e-04   3.4683550e-04
   1.6860000e+03   9.9902768e-01   6.4940833e-04   3.2291485e-04
   1.3500000e+03   9.9910629e-01   8.5594668e-04   3.7765312e-05
   1.3510000e+03   4.6019554e-04   8.3138118e-04   9.9870842e-01
   1.6920000e+03   9.9914106e-01   7.9312220e-04   6.5815350e-05
   1.3530000e+03   1.1992900e-04   9.9878270e-01   1.0973671e-03
   1.6070000e+03   9.9045058e-01   1.7711555e-03   7.7782626e-03
   1.3540000e+03   9.4601885e-05   1.4491081e-03   9.9845629e-01
   1.6760000e+03   9.9863089e-01   1.3276553e-03   4.1458109e-05
   1.6740000e+03   6.5201283e-05   1.4166196e-03   9.9851818e-01
   1.6070000e+03   3.7231463e-04   1.0445223e-03   9.9858316e-01
   1.3570000e+03   7.3533795e-04   9.9870064e-01   5.6402364e-04
   1.5060000e+03   7.1710832e-04   9.9881887e-01   4.6402391e-04
   1.2540000e+03   9.9857264e-01   1.9386359e-04   1.2334926e-03
   1.6060000e+03   9.9880964e-01   6.6579883e-04   5.2455902e-04
   1.3590000e+03   7.5381008e-04   9.9879093e-01   4.5526148e-04
   1.6110000e+03   7.1448959e-04   9.9885107e-01   4.3444161e-04
   1.2050000e+03   5.4805803e-04   8.8542255e-04   9.9856652e-01
   1.6040000e+03   9.9893749e-01   3.3544337e-04   7.2706353e-04
   1.3610000e+03   8.3567126e-04   9.9886778e-01   2.9654380e-04
   1.6150000e+03   7.8594735e-04   9.9883459e-01   3.7946228e-04
   1.2070000e+03   9.7521379e-04   9.9850593e-01   5.1885497e-04
   1.6020000e+03   9.9897692e-01   4.4755348e-04   5.7552698e-04
   1.7000000e+03   9.9912439e-01   6.4864113e-04   2.2696768e-04
   1.6190000e+03   9.1611201e-04   9.9873541e-01   3.4847301e-04
   1.2090000e+03   3.4221165e-04   7.0202072e-04   9.9895577e-01
   1.5030000e+03   9.9932034e-01   6.5461532e-04   2.5042256e-05
   1.6250000e+03   7.2592377e-04   9.9899457e-01   2.7950492e-04
   1.2120000e+03   9.9911744e-01   3.3367506e-04   5.4888333e-04
   1.2560000e+03   7.9484069e-04   1.4451080e-04   9.9906065e-01
   1.3650000e+03   9.9919599e-01   8.0400760e-04   1.0041677e-14
   1.1980000e+03   2.0796076e-04   7.0384412e-04   9.9908820e-01
   1.6280000e+03   9.9933367e-01   4.0252516e-05   6.2607338e-04
   1.5190000e+03   1.1102230e-16   1.1219267e-03   9.9887807e-01
   1.1670000e+03   1.1102230e-16   6.3804518e-04   9.9936195e-01
   1.6370000e+03   7.0236235e-04   9.9910352e-01   1.9411520e-04
   1.2000000e+03   3.0281082e-04   6.2775338e-04   9.9906944e-01
   1.6340000e+03   3.1434671e-02   9.1232406e-01   5.6241272e-02
   1.6410000e+03   6.0778784e-04   9.9906357e-01   3.2864492e-04
   1.2020000e+03   2.4950019e-04   6.1452401e-04   9.9913598e-01
   1.6170000e+03   2.6200619e-04   3.7444420e-04   9.9936355e-01
   1.3710000e+03   2.7310080e-04   6.4255264e-04   9.9908435e-01
   1.3720000e+03   9.9949360e-01   1.2268995e-04   3.8370871e-04
   1.5100000e+03   3.2870888e-04   9.9928897e-01   3.8231664e-04
   1.2530000e+03   9.9958962e-01   3.6560873e-04   4.4771073e-05
   1.6100000e+03   4.5263204e-04   9.9954737e-01   1.8893356e-15
   1.3750000e+03   9.9949217e-01   4.6496854e-04   4.2861710e-05
   1.6430000e+03   4.5158703e-04   9.9917895e-01   3.6946551e-04
   1.2040000e+03   3.0573483e-04   5.2460942e-04   9.9916966e-01
   1.6130000e+03   4.1292101e-04   1.5118493e-04   9.9943589e-01
   1.6480000e+03   3.4910591e-04   9.9955205e-01   9.8841587e-05
   1.3760000e+03   3.1781829e-04   9.9921157e-01   4.7061324e-04
   1.5160000e+03   2.3657338e-04   9.9928033e-01   4.8309380e-04
   1.2500000e+03   9.9965143e-01   6.1645001e-05   2.8692038e-04
   1.6460000e+03   9.9953330e-01   4.4349253e-04   2.3211606e-05
   1.3780000e+03   4.3818082e-04   9.9929527e-01   2.6654636e-04
   1.6530000e+03   3.6924194e-04   9.9939003e-01   2.4072375e-04
   1.1870000e+03   3.8762812e-04   1.2235414e-05   9.9960014e-01
   1.6400000e+03   9.9930824e-01   2.7461990e-04   4.1713781e-04
   1.3800000e+03   5.8496575e-04   9.9919272e-01   2.2231678e-04
   1.6590000e+03   5.3689994e-04   9.9926602e-01   1.9708132e-04
   1.1890000e+03   6.1217241e-04   9.9903841e-01   3.4941837e-04
   1.6360000e+03   9.9917242e-01   3.9608094e-04   4.3149420e-04
   1.3820000e+03   5.3864790e-04   7.8560657e-05   9.9938279e-01
   1.6640000e+03   6.1172148e-04   9.9937094e-01   1.7341416e-05
   1.1910000e+03   7.8895028e-04   9.9868737e-01   5.2367923e-04
   1.6700000e+03   8.4731374e-05   9.9934116e-01   5.7411051e-04
   1.3840000e+03   6.4426184e-04   9.9902398e-01   3.3175461e-04
   1.1930000e+03   8.3413074e-04   9.9880036e-01   3.6551307e-04
   1.5190000e+03   5.9718418e-04   9.9939081e-01   1.2009314e-05
   1.3860000e+03   3.2913116e-04   9.9901150e-01   6.5937264e-04
   1.6290000e+03   1.5522356e-05   9.9905070e-01   9.3377856e-04
   1.4580000e+03   3.7595883e-04   9.9854122e-01   1.0828209e-03
   1.3880000e+03   4.5088111e-04   9.9835118e-01   1.1979422e-03
   1.4390000e+03   3.6357396e-04   4.4895466e-04   9.9918747e-01
   1.2910000e+03   4.6769233e-04   9.9917301e-01   3.5929528e-04
   1.3910000e+03   9.9922784e-01   5.9497087e-04   1.7719264e-04
   1.5200000e+03   7.1339165e-04   9.9878453e-01   5.0207521e-04
   1.2700000e+03   7.6552568e-04   9.9872383e-01   5.1064696e-04
   1.4860000e+03   9.9919617e-01   5.9737805e-04   2.0644874e-04
   1.4620000e+03   2.0253965e-04   9.9852254e-01   1.2749177e-03
   1.3920000e+03   2.9165972e-04   9.9858253e-01   1.1258124e-03
   1.4430000e+03   3.8414241e-04   4.3642112e-04   9.9917944e-01
   1.2890000e+03   3.7658718e-04   3.9450769e-04   9.9922891e-01
   1.4440000e+03   9.3432403e-05   2.4118500e-04   9.9966538e-01
