   2.5300000e+02   1.7080504e-01   7.6605611e-01   6.3138847e-02
   6.3600000e+02   2.8072413e-01   1.5076092e-01   5.6851495e-01
   2.4700000e+02   8.9170599e-03   4.9813220e-01   4.9295074e-01
   7.4900000e+02   7.7346208e-01   4.1722712e-02   1.8481521e-01
   7.4700000e+02   7.1392580e-01   2.4150207e-01   4.4572132e-02
   8.0000000e+00   6.7802771e-03   5.6956794e-01   4.2365178e-01
   7.0000000e+00   9.7627468e-03   6.5718820e-01   3.3304906e-01
   6.8800000e+02   2.7224335e-01   7.0447738e-01   2.3279267e-02
   1.8300000e+02   6.0794440e-02   9.0130715e-01   3.7898414e-02
   1.8000000e+01   4.9918170e-01   1.1009721e-01   3.9072109e-01
   1.1000000e+01   5.3427482e-01   1.6934134e-01   2.9638384e-01
   2.8300000e+02   1.0162638e-02   2.5131136e-01   7.3852600e-01
   2.9500000e+02   1.5633055e-01   2.5398624e-01   5.8968321e-01
   1.5000000e+01   3.9279616e-02   7.7552697e-02   8.8316769e-01
   1.7500000e+02   4.1675764e-02   3.1996758e-01   6.3835666e-01
   2.2000000e+01   2.1448886e-01   6.5103593e-02   7.2040754e-01
   1.8900000e+02   1.9978963e-01   6.4969740e-01   1.5051298e-01
   2.1000000e+01   7.7450904e-02   1.9692168e-01   7.2562742e-01
   2.3000000e+01   9.3455063e-01   3.9326159e-02   2.6123206e-02
   2.9000000e+02   4.1897047e-02   9.4210074e-01   1.6002216e-02
   2.4000000e+01   3.7597422e-02   9.5934601e-01   3.0565664e-03
   2.8500000e+02   5.2520029e-03   2.0795389e-02   9.7395261e-01
   2.6000000e+01   1.4408616e-02   9.8053728e-01   5.0541014e-03
   2.8000000e+01   3.4314587e-01   5.1140680e-01   1.4544733e-01
   2.7000000e+01   7.4046877e-03   9.8796255e-01   4.6327598e-03
   3.3400000e+02   9.4667048e-01   4.3087649e-02   1.0241867e-02
   1.6924000e+04   9.5923823e-01   2.7417106e-02   1.3344668e-02
   1.1659000e+04   3.9778131e-02   1.6742684e-02   9.4347919e-01
   1.6929000e+04   5.4673297e-03   2.9290378e-02   9.6524229e-01
   3.1000000e+01   1.3742759e-02   1.1567892e-02   9.7468935e-01
   9.0000000e+01   1.7817724e-01   7.8986243e-02   7.4283651e-01
   1.6083000e+04   4.9537036e-03   1.1116285e-01   8.8388344e-01
   3.6000000e+01   4.3808711e-01   5.3149377e-01   3.0419123e-02
   3.7000000e+01   3.3766364e-01   6.1093593e-01   5.1400433e-02
   1.6933000e+04   1.7266664e-01   1.7751645e-02   8.0958172e-01
   3.0100000e+02   4.1675429e-02   1.9915428e-02   9.3840914e-01
   3.9000000e+01   3.8399489e-01   5.6637332e-01   4.9631797e-02
   1.9900000e+02   2.1452115e-02   9.5899527e-01   1.9552616e-02
   4.2000000e+01   9.4893597e-01   3.0083335e-02   2.0980698e-02
   2.0400000e+02   4.1325481e-02   9.5397951e-01   4.6950061e-03
   4.7000000e+01   2.2062948e-01   1.4890236e-01   6.3046816e-01
   1.2200000e+02   9.6304363e-03   1.3911740e-02   9.7645782e-01
   1.2100000e+02   1.1323288e-02   9.7774339e-01   1.0933326e-02
   9.5000000e+01   1.4144979e-02   3.4920361e-02   9.5093466e-01
   1.1900000e+02   8.6279421e-02   2.3585814e-03   9.1136200e-01
   1.1800000e+02   2.7838148e-01   1.3705472e-01   5.8456381e-01
   3.0600000e+02   8.8012659e-02   4.1508737e-01   4.9689997e-01
   3.0500000e+02   6.5874213e-01   2.0075711e-02   3.2118216e-01
   2.0200000e+02   9.7150132e-01   9.0018378e-03   1.9496846e-02
   6.0000000e+01   7.1421105e-01   2.5324603e-01   3.2542923e-02
   2.2300000e+02   8.3992058e-02   7.0466811e-01   2.1133984e-01
   2.2200000e+02   1.4539062e-01   1.8320863e-02   8.3628852e-01
   5.8000000e+01   4.3967791e-01   5.2767666e-01   3.2645435e-02
   1.5500000e+02   2.5305325e-01   6.9857473e-01   4.8372026e-02
   5.3000000e+01   8.8606439e-02   4.4064705e-01   4.7074651e-01
   2.5200000e+02   2.7938995e-01   1.2898411e-01   5.9162594e-01
   2.1500000e+02   8.3484664e-01   1.2632249e-01   3.8830871e-02
   5.6000000e+01   6.4917925e-02   1.9104387e-01   7.4403821e-01
   1.6700000e+02   5.3168784e-01   3.3291674e-01   1.3539542e-01
   6.0000000e+01   1.1196571e-01   8.6393455e-01   2.4099743e-02
   6.1000000e+01   4.5496680e-02   1.7613544e-01   7.7836788e-01
   6.9000000e+01   4.9212204e-01   2.8275319e-01   2.2512478e-01
   6.4000000e+01   4.0445869e-01   1.3121695e-01   4.6432435e-01
   3.0300000e+02   2.5032286e-01   5.2909983e-01   2.2057731e-01
   3.3000000e+01   4.4916710e-01   4.9458665e-01   5.6246252e-02
   7.3000000e+01   6.9412129e-03   1.2169944e-01   8.7135935e-01
   1.2700000e+02   9.6205606e-01   2.4766198e-02   1.3177746e-02
   1.3000000e+02   1.3312745e-01   5.3180610e-01   3.3506645e-01
   1.2800000e+02   1.1897125e-01   8.6844619e-01   1.2582551e-02
   1.3200000e+02   1.7867843e-02   2.6315888e-01   7.1897328e-01
   1.3600000e+02   6.4489033e-01   1.2389370e-01   2.3121596e-01
   1.3900000e+02   1.0707312e-01   3.4920271e-02   8.5800661e-01
   8.0000000e+01   8.3689148e-01   3.2570575e-03   1.5985146e-01
   8.4000000e+01   2.0180253e-02   9.3817641e-01   4.1643338e-02
   8.9000000e+01   3.3434488e-02   3.8277247e-02   9.2828826e-01
   8.6000000e+01   9.5885982e-01   5.4004411e-16   4.1140176e-02
   1.0000000e+02   3.6270748e-02   1.6648387e-02   9.4708086e-01
   8.6000000e+01   9.1475257e-02   5.8525155e-01   3.2327320e-01
   1.9100000e+02   9.5258084e-01   2.6179672e-02   2.1239486e-02
   1.0000000e+02   6.1103527e-02   6.9774284e-01   2.4115363e-01
   9.7000000e+01   2.8412457e-02   4.9214955e-02   9.2237259e-01
   1.1600000e+02   1.9357413e-02   4.9461062e-02   9.3118152e-01
   1.1300000e+02   7.9502995e-03   2.9263130e-02   9.6278657e-01
   1.0800000e+02   2.3940191e-01   7.1455307e-01   4.6045018e-02
   1.0300000e+02   2.7344517e-01   8.4961675e-02   6.4159315e-01
   1.0300000e+02   9.4516646e-01   4.2355985e-02   1.2477551e-02
   1.9300000e+02   6.6900448e-01   9.2020292e-02   2.3897522e-01
   1.1200000e+02   2.9139225e-02   2.5795022e-01   7.1291055e-01
   1.0900000e+02   6.8726178e-01   1.3171047e-01   1.8102775e-01
   1.6261000e+04   2.7170854e-02   9.7178692e-01   1.0422286e-03
   1.1000000e+02   8.6862476e-03   9.5757616e-01   3.3737589e-02
   1.6257000e+04   2.9694809e-04   2.7150644e-02   9.7255241e-01
   1.2900000e+02   4.7860302e-03   2.2405840e-02   9.7280813e-01
   1.9800000e+02   5.4144568e-01   4.5002415e-01   8.5301673e-03
   2.0500000e+02   2.8268796e-02   6.5871516e-01   3.1301604e-01
   4.4900000e+02   3.3821085e-02   1.1798050e-02   9.5438086e-01
   4.6800000e+02   2.4149430e-02   2.5428407e-02   9.5042216e-01
   1.7200000e+02   7.2448463e-02   2.7496630e-02   9.0005491e-01
   1.6200000e+02   9.7026143e-01   2.2555533e-02   7.1830400e-03
   1.4200000e+02   1.5314171e-02   9.6379045e-01   2.0895375e-02
   2.3900000e+02   2.0245920e-02   9.7812771e-01   1.6263676e-03
   1.6000000e+02   1.0563160e-02   9.6957071e-01   1.9866133e-02
   1.5000000e+02   1.1667464e-02   7.3618600e-02   9.1471394e-01
   1.4400000e+02   5.1466000e-03   9.6921602e-01   2.5637376e-02
   1.4700000e+02   1.2044250e-02   9.6952013e-01   1.8435624e-02
   2.4500000e+02   2.2039816e-02   9.7626646e-01   1.6937277e-03
   1.5600000e+02   5.2052425e-01   2.7530341e-02   4.5194541e-01
   5.4000000e+01   5.4742462e-02   4.2190811e-01   5.2334943e-01
   1.5200000e+02   2.4026901e-02   1.1845578e-02   9.6412752e-01
   1.6500000e+02   1.9702491e-04   9.2287730e-03   9.9057420e-01
   4.7900000e+02   9.2121700e-03   4.1168328e-02   9.4961950e-01
   1.0330000e+03   8.4427163e-01   1.3790782e-01   1.7820548e-02
   1.0160000e+03   2.4659967e-01   1.7734949e-01   5.7605083e-01
   2.9900000e+02   9.0153747e-02   9.0463196e-01   5.2142972e-03
   2.9400000e+02   1.0101720e-01   1.7814673e-02   8.8116813e-01
   2.9200000e+02   7.6941035e-02   6.8216174e-01   2.4089722e-01
   1.8100000e+02   7.2462560e-01   2.7228462e-01   3.0897788e-03
   2.9400000e+02   8.8956539e-01   9.6733833e-02   1.3700777e-02
   1.7600000e+02   4.0986871e-01   2.2313986e-02   5.6781731e-01
   1.8300000e+02   8.6178348e-01   9.7804100e-02   4.0412421e-02
   1.7700000e+02   5.2582633e-01   4.5511172e-01   1.9061953e-02
   1.8600000e+02   6.9796399e-01   4.8436074e-02   2.5359994e-01
   1.9400000e+02   5.2109797e-02   9.1636905e-01   3.1521156e-02
   1.8600000e+02   9.4826881e-02   2.2764912e-02   8.8240821e-01
   1.9400000e+02   6.9040284e-01   3.0636616e-01   3.2310004e-03
   1.9500000e+02   2.3085151e-03   9.5986241e-01   3.7829079e-02
   1.6452000e+04   2.2961951e-01   7.4256904e-01   2.7811445e-02
   2.2100000e+02   5.5736937e-01   1.4914991e-01   2.9348073e-01
   2.2400000e+02   1.2912161e-02   3.1608810e-02   9.5547903e-01
   2.1200000e+02   2.6250289e-01   6.1700075e-01   1.2049636e-01
   2.1400000e+02   0.0000000e+00   1.0000000e+00  -0.0000000e+00
   2.2700000e+02   8.6246292e-03   2.5478189e-02   9.6589718e-01
   2.4100000e+02   2.7017066e-03   9.7451143e-01   2.2786864e-02
   2.3200000e+02   9.3953464e-03   9.6979890e-01   2.0805752e-02
   2.3800000e+02   1.8647369e-02   9.6802047e-01   1.3332161e-02
   2.3000000e+02   2.8271308e-02   6.6229212e-01   3.0943657e-01
   5.4300000e+02   2.6840699e-02   9.7282454e-01   3.3475681e-04
   5.7700000e+02   4.3202978e-02   9.5630258e-01   4.9444142e-04
   2.5600000e+02   9.5631639e-01   1.0290901e-02   3.3392704e-02
   2.3500000e+02   9.6803932e-01   9.6822202e-03   2.2278456e-02
   2.4800000e+02   8.9460436e-01   9.4844029e-02   1.0551612e-02
   2.5000000e+02   8.8733064e-02   8.5971174e-02   8.2529576e-01
   2.4000000e+02   2.6390205e-03   9.8710152e-01   1.0259463e-02
   2.4300000e+02   6.4816863e-02   3.0144914e-02   9.0503822e-01
   2.4400000e+02   8.6232343e-03   3.8730472e-02   9.5264629e-01
   2.4800000e+02   4.2727770e-01   7.4252100e-02   4.9847020e-01
   2.5100000e+02   5.0125486e-01   3.2726270e-01   1.7148244e-01
   2.5800000e+02   1.6064054e-01   5.1461427e-02   7.8789803e-01
   2.5700000e+02   9.5562027e-01   4.2407254e-02   1.9724725e-03
   2.6100000e+02   6.5339820e-01   2.9157194e-01   5.5029866e-02
   2.5900000e+02   6.2998003e-01   3.0103910e-01   6.8980864e-02
   2.6200000e+02   1.8860227e-02   4.7486940e-01   5.0627038e-01
   6.0500000e+02   2.0413889e-02   8.8740487e-01   9.2181241e-02
   2.6700000e+02   5.6310869e-02   8.7662860e-01   6.7060531e-02
   2.6600000e+02   2.9689283e-01   6.2187474e-01   8.1232432e-02
   2.7300000e+02   4.0252146e-02   9.5506335e-01   4.6845047e-03
   2.7200000e+02   7.5355148e-01   3.3714703e-02   2.1273382e-01
   6.0400000e+02   5.8230232e-02   8.6806335e-01   7.3706418e-02
   2.7700000e+02   6.6772653e-01   1.1713374e-01   2.1513973e-01
   6.0100000e+02   2.5995160e-02   9.5431583e-01   1.9689010e-02
   6.0000000e+02   7.1429488e-02   8.7674469e-01   5.1825819e-02
   2.8700000e+02   5.8885855e-03   9.7218854e-01   2.1922871e-02
   2.8900000e+02   9.2518393e-01   8.3076822e-04   7.3985301e-02
   3.0400000e+02   5.6388265e-01   1.1638395e-02   4.2447895e-01
   1.3630000e+03   6.7122411e-02   7.7348135e-01   1.5939624e-01
   3.8600000e+02   1.5384533e-01   8.2381185e-01   2.2342820e-02
   3.1100000e+02   4.2136187e-01   5.6453478e-01   1.4103350e-02
   3.1300000e+02   6.5637790e-01   1.7389829e-02   3.2623227e-01
   4.9600000e+02   3.1927440e-02   9.0404133e-01   6.4031229e-02
   1.3000000e+03   3.0336494e-02   6.9613116e-01   2.7353234e-01
   3.2100000e+02   1.0367637e-01   5.0206536e-01   3.9425827e-01
   3.1500000e+02   2.8949976e-01   1.7033021e-01   5.4017003e-01
   6.0700000e+02   7.3741005e-01   2.4575717e-01   1.6832779e-02
   6.2100000e+02   5.8542013e-01   2.5815185e-01   1.5642802e-01
   4.8700000e+02   6.4026718e-01   3.2559211e-01   3.4140707e-02
   3.1900000e+02   8.8436833e-01   8.3737898e-02   3.1893774e-02
   3.2400000e+02   6.0167286e-02   2.1628064e-01   7.2355207e-01
   3.8700000e+02   1.3011813e-03   1.5989637e-03   9.9709986e-01
   3.2800000e+02   2.9245303e-02   3.4870126e-02   9.3588457e-01
   6.1500000e+02   1.0018873e-02   9.5028007e-01   3.9701052e-02
   6.1100000e+02   9.6746849e-01   2.3100196e-02   9.4313146e-03
   3.3300000e+02   9.3894639e-01   2.5788091e-02   3.5265521e-02
   1.3740000e+03   4.7917229e-02   7.2834254e-01   2.2374023e-01
   3.5600000e+02   5.4088212e-02   3.8763030e-01   5.5828149e-01
   1.1955000e+04   2.7761934e-01   6.8080718e-01   4.1573475e-02
   5.3100000e+02   2.1430470e-02   8.2658183e-01   1.5198770e-01
   3.4200000e+02   3.8767993e-01   3.2375945e-01   2.8856062e-01
   5.1300000e+02   1.1079528e-02   9.6831929e-01   2.0601186e-02
   3.4700000e+02   2.0477418e-02   2.7053685e-02   9.5246890e-01
   3.7000000e+02   3.8882281e-03   9.8926735e-01   6.8444171e-03
   3.4900000e+02   3.6123056e-02   5.2793709e-01   4.3593986e-01
   3.5200000e+02   1.3939667e-02   9.7528393e-01   1.0776407e-02
   4.2900000e+02   9.4043142e-03   9.7666904e-01   1.3926641e-02
   4.0300000e+02   2.1099153e-01   1.8055659e-02   7.7095281e-01
   1.4610000e+03   9.7340363e-01   1.8568273e-02   8.0280967e-03
   4.2700000e+02   9.6289195e-01   1.5843527e-02   2.1264522e-02
   6.3200000e+02   9.6279104e-01   5.0223517e-03   3.2186607e-02
   6.2800000e+02   1.2318427e-02   9.5563026e-01   3.2051312e-02
   5.1200000e+02   7.5537887e-02   6.3507694e-01   2.8938517e-01
   6.2600000e+02   3.9736828e-01   6.7837511e-02   5.3479421e-01
   3.6900000e+02   5.0091871e-01   3.4012915e-01   1.5895214e-01
   3.6700000e+02   7.3082720e-02   6.9259029e-01   2.3432699e-01
   3.6600000e+02   3.2712890e-02   5.2605745e-01   4.4122966e-01
   4.6400000e+02   4.9554038e-02   6.9737319e-01   2.5307277e-01
   5.6800000e+02   1.2711686e-01   2.8197664e-01   5.9090650e-01
   5.2700000e+02   1.1921886e-01   8.4351854e-01   3.7262598e-02
   3.6100000e+02   4.4092867e-01   8.7478487e-02   4.7159284e-01
   3.6400000e+02   1.9238326e-01   6.5118781e-02   7.4249796e-01
   4.7800000e+02   3.3191430e-01   5.3347153e-01   1.3461418e-01
   3.6800000e+02   8.6434599e-01   1.1089128e-01   2.4762733e-02
   3.6900000e+02   1.7549894e-01   4.5053364e-02   7.7944769e-01
   3.7900000e+02   2.8069145e-01   4.9080267e-01   2.2850589e-01
   3.7000000e+02   1.9354137e-01   7.5775700e-02   7.3068293e-01
   6.3000000e+02   4.8376891e-01   4.4062692e-01   7.5604175e-02
   5.2000000e+02   2.6712201e-02   3.4786878e-01   6.2541902e-01
   3.7200000e+02   5.1074756e-01   9.3794744e-02   3.9545769e-01
   3.7800000e+02   9.4836125e-01   4.9982400e-02   1.6563481e-03
   3.8200000e+02   1.2059945e-01   1.2551892e-02   8.6684866e-01
   4.3600000e+02   1.4773282e-02   8.5950809e-01   1.2571863e-01
   4.3800000e+02   5.1724659e-01   1.4231861e-01   3.4043480e-01
   4.3400000e+02   1.6846502e-02   1.6115144e-02   9.6703835e-01
   3.8500000e+02   3.4795336e-02   7.5674455e-01   2.0846011e-01
   4.4200000e+02   1.5172470e-01   6.9886967e-01   1.4940563e-01
   4.4000000e+02   2.6575698e-01   2.1406186e-02   7.1283683e-01
   3.8800000e+02   1.9969542e-02   8.9204448e-01   8.7985979e-02
   3.9600000e+02   6.1644047e-02   9.1117177e-01   2.7184181e-02
   3.9300000e+02   3.9230444e-02   2.7398684e-02   9.3337087e-01
   5.0100000e+02   1.9738070e-02   9.5640248e-01   2.3859447e-02
   4.0800000e+02   9.5088478e-01   1.9417173e-02   2.9698049e-02
   4.0800000e+02   2.4452830e-01   7.0067991e-01   5.4791790e-02
   3.9500000e+02   3.5036664e-02   9.5912653e-01   5.8368092e-03
   3.9400000e+02   3.2195017e-01   5.8117703e-01   9.6872795e-02
   4.0600000e+02   9.3998623e-01   1.6430103e-02   4.3583667e-02
   4.0500000e+02   2.4934048e-01   6.1703740e-01   1.3362212e-01
   4.2500000e+02   5.2588627e-02   1.5003944e-02   9.3240743e-01
   4.2300000e+02   9.7225597e-01   2.0885679e-02   6.8583523e-03
   4.1500000e+02   4.0099600e-02   7.1253436e-01   2.4736604e-01
   4.1000000e+02   7.9224379e-02   2.7619745e-01   6.4457817e-01
   5.0400000e+02   8.5772461e-02   6.7201443e-01   2.4221311e-01
   4.1000000e+02   3.6227535e-02   9.4848992e-01   1.5282543e-02
   4.2000000e+02   7.0667446e-01   2.7411598e-01   1.9209559e-02
   4.2100000e+02   3.4255078e-01   9.7971344e-02   5.5947788e-01
   4.1800000e+02   3.6210078e-01   1.4552508e-01   4.9237413e-01
   4.1700000e+02   9.6090431e-01   1.0911202e-02   2.8184488e-02
   4.3300000e+02   1.8566201e-04   2.0162496e-02   9.7965184e-01
   4.3500000e+02   2.0649218e-01   6.9578901e-01   9.7718802e-02
   5.1000000e+02   1.4891635e-02   4.3974907e-01   5.4535930e-01
   4.4300000e+02   6.5586863e-03   9.7025653e-01   2.3184780e-02
   4.5100000e+02   7.7114903e-01   1.7245947e-01   5.6391503e-02
   4.7200000e+02   4.4986756e-03   2.3064702e-02   9.7243662e-01
   5.5300000e+02   4.8258005e-03   9.7566116e-01   1.9513040e-02
   4.7100000e+02   9.7018705e-01   7.4254141e-03   2.2387540e-02
   4.6000000e+02   9.1484883e-01   7.6249156e-02   8.9020138e-03
   4.5400000e+02   9.7025379e-01   2.4031471e-03   2.7343067e-02
   5.6100000e+02   3.2349173e-03   9.7646680e-01   2.0298287e-02
   4.5500000e+02   9.7272052e-01   9.1023006e-03   1.8177183e-02
   3.6200000e+02   5.2251028e-01   4.2205841e-01   5.5431305e-02
   4.6600000e+02   3.0068039e-02   5.1804353e-01   4.5188843e-01
   4.5800000e+02   8.6648527e-03   2.4345684e-02   9.6698946e-01
   4.7400000e+02   9.9094601e-01   7.0415557e-03   2.0124370e-03
   4.8400000e+02   4.1112846e-01   5.6877718e-01   2.0094367e-02
   1.6150000e+03   1.7372739e-01   2.4701214e-01   5.7926047e-01
   1.6360000e+03   2.0480508e-02   1.3710016e-01   8.4241933e-01
   6.2400000e+02   9.0674882e-01   9.1825537e-02   1.4256443e-03
   6.1900000e+02   8.8568037e-01   1.4083773e-02   1.0023586e-01
   4.9400000e+02   8.5494988e-03   2.6827721e-01   7.2317329e-01
   6.1700000e+02   2.4651895e-01   6.8201155e-01   7.1469501e-02
   6.1900000e+02   1.8328579e-02   9.3236158e-02   8.8843526e-01
   4.8800000e+02   2.9573043e-02   4.0923532e-01   5.6119163e-01
   4.9600000e+02   3.4503639e-02   1.0039144e-01   8.6510492e-01
   4.8900000e+02   2.5766491e-02   4.5079693e-01   5.2343658e-01
   4.9800000e+02   4.2277572e-02   6.9683920e-01   2.6088323e-01
   5.0600000e+02   2.7731574e-02   9.1966684e-01   5.2601585e-02
   4.9800000e+02   1.6723181e-02   9.3800170e-02   8.8947665e-01
   4.9700000e+02   6.9247215e-01   3.0481468e-01   2.7131657e-03
   5.0700000e+02   9.6036172e-01   5.3503290e-03   3.4287952e-02
   1.2337000e+04   2.0350805e-02   7.4755810e-01   2.3209110e-01
   5.3300000e+02   2.0049382e-01   3.1535873e-01   4.8414745e-01
   5.3600000e+02   3.4109055e-02   1.2492668e-02   9.5339828e-01
   5.2400000e+02   6.1139376e-01   2.6361943e-01   1.2498681e-01
   5.2700000e+02   3.1321587e-01   7.2403754e-02   6.1438038e-01
   6.3300000e+02   1.5294460e-01   7.7308193e-01   7.3973470e-02
   5.3700000e+02   9.6586566e-01   2.3973859e-02   1.0160482e-02
   5.5900000e+02   2.4298246e-02   9.7452469e-01   1.1770673e-03
   5.4800000e+02   1.3390243e-02   9.7019570e-01   1.6414057e-02
   5.5000000e+02   9.6870469e-01   1.9689352e-02   1.1605959e-02
   5.4600000e+02   5.0482127e-03   2.8495243e-02   9.6645654e-01
   5.7800000e+02   2.3015892e-03   9.5810704e-01   3.9591375e-02
   5.4400000e+02   7.6655085e-03   9.7240224e-01   1.9932248e-02
   5.5200000e+02   1.3022881e-02   2.1113037e-02   9.6586408e-01
   5.7200000e+02   1.2557089e-02   9.5671917e-01   3.0723739e-02
   5.6600000e+02   9.2472616e-02   8.9876492e-01   8.7624673e-03
   5.6300000e+02   8.2301325e-01   8.3847367e-02   9.3139383e-02
   5.6500000e+02   4.5629518e-01   5.0747829e-01   3.6226533e-02
   5.5600000e+02   1.0395173e-03   9.8766908e-01   1.1291405e-02
   5.5700000e+02   9.0505565e-01   2.8754898e-02   6.6189447e-02
   5.6000000e+02   3.8385676e-02   9.9694350e-03   9.5164489e-01
   5.6200000e+02   4.5454264e-01   1.1934291e-02   5.3352307e-01
   5.6700000e+02   1.7867843e-01   3.1645465e-01   5.0486692e-01
   5.7400000e+02   3.6942966e-02   3.6510065e-01   5.9795638e-01
   5.9200000e+02   1.7924695e-02   9.6256237e-01   1.9512938e-02
   5.7500000e+02   1.2405276e-02   7.2277153e-01   2.6482320e-01
   5.9900000e+02   1.2938362e-01   1.7059814e-01   7.0001823e-01
   5.8000000e+02   9.1660283e-01   3.2691573e-02   5.0705595e-02
   6.0600000e+02   3.2111845e-02   9.3627850e-01   3.1609656e-02
   5.8400000e+02   8.6349162e-01   5.3597888e-02   8.2910495e-02
   5.9200000e+02   1.6718912e-02   1.1361625e-03   9.8214493e-01
   5.9600000e+02   7.7214979e-01   8.4674958e-02   1.4317525e-01
   6.0400000e+02   2.5217869e-01   9.4093595e-02   6.5372771e-01
   5.9600000e+02   5.2468373e-02   5.6485583e-01   3.8267580e-01
   6.1200000e+02   1.5182825e-02   9.7369065e-01   1.1126524e-02
   6.1400000e+02   7.6501055e-03   9.1646635e-01   7.5883545e-02
   6.3000000e+02   1.0427480e-02   5.6329773e-01   4.2627479e-01
   6.3800000e+02   2.9289307e-02   2.7842380e-01   6.9228690e-01
   6.3800000e+02   4.3041674e-01   4.0309637e-01   1.6648689e-01
   2.7400000e+02   2.6326304e-02   8.8530491e-01   8.8368784e-02
   6.4200000e+02   3.0871621e-02   3.5828465e-01   6.1084373e-01
   1.1756000e+04   3.2423782e-01   4.8477459e-01   1.9098759e-01
   6.4000000e+02   9.2360093e-01   1.4556349e-02   6.1842717e-02
   1.5903000e+04   8.2200331e-01   1.1032089e-02   1.6696460e-01
   6.8900000e+02   8.9171472e-02   7.1525237e-01   1.9557615e-01
   1.4000000e+01   1.0270796e-02   3.4733109e-01   6.4239811e-01
   1.2030000e+03   5.5574723e-02   8.3769504e-01   1.0673024e-01
   4.0000000e+01   3.2625160e-02   9.3883131e-01   2.8543530e-02
   7.9300000e+02   1.4283496e-01   4.1904933e-01   4.3811571e-01
   7.7300000e+02   2.6012484e-01   2.3201555e-02   7.1667361e-01
   2.8200000e+02   3.0649094e-02   9.1054319e-01   5.8807719e-02
   1.3730000e+03   7.6217304e-01   2.2073935e-01   1.7087612e-02
   1.3010000e+03   7.1605194e-01   8.2824859e-02   2.0112321e-01
   3.1600000e+02   6.3833167e-01   3.4816408e-01   1.3504246e-02
   1.8030000e+03   8.4019722e-01   4.8298049e-02   1.1150473e-01
   3.5000000e+02   9.4279653e-01   3.1878395e-02   2.5325074e-02
   3.5200000e+02   2.7759584e-03   8.2004996e-03   9.8902354e-01
   4.8000000e+02   5.0307765e-02   9.4467893e-01   5.0133031e-03
   1.6200000e+03   5.4474683e-03   1.2926612e-01   8.6528641e-01
   6.0800000e+02   9.1089553e-01   3.4797806e-02   5.4306661e-02
   9.2900000e+02   1.5522161e-01   5.8563602e-01   2.5914237e-01
   6.5100000e+02   2.2463208e-02   4.4919193e-02   9.3261760e-01
   9.4800000e+02   7.8204532e-01   6.8804496e-02   1.4915019e-01
   7.2100000e+02   7.0908701e-01   2.8900959e-01   1.9033979e-03
   6.5300000e+02   1.0218419e-01   5.2846909e-01   3.6934672e-01
   6.6900000e+02   9.6144816e-01   1.0832563e-02   2.7719279e-02
   6.7800000e+02   2.1223893e-02   2.1231212e-02   9.5754490e-01
   6.5700000e+02   3.1750434e-04   9.7057131e-01   2.9111182e-02
   6.7100000e+02   5.8552821e-03   9.7911355e-01   1.5031165e-02
   6.5900000e+02   3.4612774e-01   2.6445134e-01   3.8942092e-01
   7.3700000e+02   1.8336975e-01   1.9563365e-01   6.2099660e-01
   6.7100000e+02   4.2029066e-03   6.4765258e-02   9.3103184e-01
   6.7700000e+02   5.1541916e-01   3.4610334e-01   1.3847750e-01
   6.6300000e+02   9.1862427e-01   4.6008522e-02   3.5367205e-02
   6.6000000e+02   1.1754722e-01   8.1580842e-01   6.6644359e-02
   6.6900000e+02   9.4784652e-03   1.8145591e-02   9.7237594e-01
   1.1390000e+03   4.6756466e-02   7.9820434e-02   8.7342310e-01
   6.6000000e+02   9.8510449e-01   1.1927454e-02   2.9680558e-03
   6.6400000e+02   3.7257587e-03   9.5703304e-01   3.9241202e-02
   6.6600000e+02   5.5618439e-01   2.0284804e-01   2.4096757e-01
   6.8300000e+02   1.7739535e-02   9.7614978e-01   6.1106892e-03
   1.2100000e+03   7.2907776e-03   9.8129185e-01   1.1417372e-02
   6.7200000e+02   2.0541311e-02   1.5904705e-02   9.6355398e-01
   1.2560000e+03   9.7502076e-01   1.1325479e-02   1.3653764e-02
   6.7500000e+02   8.1429412e-02   7.7637683e-01   1.4219375e-01
   6.9100000e+02   6.7764078e-01   2.3967071e-02   2.9839215e-01
   1.2130000e+03   2.9700518e-02   8.6951770e-01   1.0078178e-01
   1.2120000e+03   1.1338941e-01   1.2703428e-02   8.7390716e-01
   6.9500000e+02   3.7948676e-01   1.7918454e-01   4.4132870e-01
   6.8400000e+02   3.7827238e-01   4.1100911e-02   5.8062671e-01
   6.8500000e+02   4.6485535e-03   9.0429746e-01   9.1053991e-02
   6.8600000e+02   1.4345407e-03   1.3308649e-01   8.6547896e-01
   6.9400000e+02   7.0140175e-01   4.6317632e-02   2.5228062e-01
   1.1790000e+03   4.5012848e-02   9.3254588e-01   2.2441274e-02
   1.2410000e+03   7.6322723e-01   9.9432933e-02   1.3733984e-01
   6.9700000e+02   1.8618511e-02   9.7475808e-01   6.6234126e-03
   6.9800000e+02   7.4008121e-02   3.9755233e-02   8.8623665e-01
   1.2500000e+03   9.8886662e-01   9.3537818e-03   1.7795958e-03
   7.0000000e+02   5.3778552e-04   9.8304902e-01   1.6413193e-02
   1.0670000e+03   6.7353298e-01   2.1556442e-01   1.1090259e-01
   1.0900000e+03   1.6153123e-01   3.8827394e-01   4.5019483e-01
   8.1600000e+02   9.8130561e-01   1.4370264e-02   4.3241233e-03
   9.5200000e+02   9.6537009e-01   3.9875868e-03   3.0642319e-02
   9.9400000e+02   6.6673896e-01   2.8935338e-01   4.3907652e-02
   1.3160000e+03   8.2495224e-01   4.5779557e-02   1.2926820e-01
   9.9900000e+02   3.3467771e-03   3.8138354e-03   9.9283939e-01
   1.0210000e+03   1.2620994e-02   1.3636460e-02   9.7374255e-01
   1.0050000e+03   7.8817488e-02   5.1233829e-01   4.0884422e-01
   1.0300000e+03   5.9673469e-03   2.9740410e-02   9.6429224e-01
   1.3310000e+03   2.3058020e-01   4.4235449e-01   3.2706531e-01
   7.1000000e+02   2.6098402e-01   1.3227080e-02   7.2578890e-01
   1.0280000e+03   1.7079062e-02   9.8181936e-01   1.1015804e-03
   7.0800000e+02   1.6861981e-04   9.6085792e-01   3.8973460e-02
   7.1200000e+02   4.4781790e-01   4.1222228e-01   1.3995983e-01
   7.1200000e+02   2.3078346e-02   3.3620863e-03   9.7355957e-01
   7.1400000e+02   6.5523440e-02   1.2582948e-01   8.0864708e-01
   1.3290000e+03   7.5460866e-01   2.0353637e-01   4.1854965e-02
   1.3270000e+03   9.1522497e-02   8.9931410e-01   9.1634049e-03
   1.0320000e+03   1.3846959e-02   9.4381808e-01   4.2334961e-02
   8.4500000e+02   7.0764974e-01   1.6333906e-01   1.2901121e-01
   8.4400000e+02   9.3507733e-01   1.6579283e-03   6.3264746e-02
   7.5200000e+02   7.4474313e-02   5.0070210e-01   4.2482359e-01
   7.2800000e+02   3.9521680e-02   4.8204733e-03   9.5565785e-01
   7.2700000e+02   1.9387669e-03   3.2468446e-01   6.7337678e-01
   7.2400000e+02   9.7748254e-01   1.6084163e-02   6.4332929e-03
   7.2700000e+02   6.7293771e-01   3.1178036e-01   1.5281936e-02
   8.3800000e+02   3.3619828e-01   2.9040495e-01   3.7339677e-01
   7.5900000e+02   2.7464818e-01   2.2731083e-01   4.9804099e-01
   7.2900000e+02   3.1040603e-02   3.9715841e-01   5.7180099e-01
   7.3400000e+02   2.2673034e-02   7.0673978e-03   9.7025957e-01
   7.3500000e+02   2.3455018e-02   3.1217308e-01   6.6437190e-01
   7.4800000e+02   4.5316615e-02   2.5964950e-01   6.9503389e-01
   7.4200000e+02   9.6557217e-02   6.4977439e-01   2.5366840e-01
   7.4600000e+02   1.1859710e-02   7.1931701e-03   9.8094712e-01
   1.0990000e+03   2.7756307e-01   1.0229763e-01   6.2013929e-01
   7.5300000e+02   9.6771447e-01   7.9142985e-03   2.4371236e-02
   7.6200000e+02   9.7803484e-01   8.6611804e-03   1.3303980e-02
   7.6100000e+02   6.3476242e-01   3.0876694e-01   5.6470637e-02
   7.6100000e+02   7.9678708e-02   9.1864607e-01   1.6752251e-03
   8.4900000e+02   7.9551543e-03   1.8472105e-01   8.0732380e-01
   7.9500000e+02   5.0929951e-01   5.4333055e-02   4.3636744e-01
   7.9400000e+02   9.6097599e-01   3.7222475e-02   1.8015352e-03
   7.6700000e+02   3.9843865e-02   9.3908506e-01   2.1071076e-02
   7.7100000e+02   5.8657279e-01   3.8712613e-01   2.6301081e-02
   7.7200000e+02   1.6957445e-02   9.6100429e-01   2.2038261e-02
   7.7900000e+02   7.7103218e-02   7.2299578e-01   1.9990100e-01
   7.7500000e+02   3.6645182e-02   5.5602872e-03   9.5779453e-01
   7.7400000e+02   1.3701869e-03   5.7682195e-02   9.4094762e-01
   7.9700000e+02   3.5594862e-03   9.6414193e-01   3.2298585e-02
   7.7900000e+02   3.0649297e-02   9.4121950e-03   9.5993851e-01
   9.1700000e+02   3.9793361e-01   4.0729674e-01   1.9476964e-01
   7.8300000e+02   6.4485744e-04   3.2472092e-02   9.6688305e-01
   8.1100000e+02   1.8847625e-03   9.6484457e-01   3.3270663e-02
   7.8600000e+02   2.0753403e-02   6.3507145e-01   3.4417515e-01
   8.4000000e+02   1.9227106e-02   9.4331112e-01   3.7461769e-02
   8.3900000e+02   1.0337582e-03   5.2308467e-01   4.7588157e-01
   7.8900000e+02   1.0565265e-02   9.6118528e-01   2.8249454e-02
   8.4600000e+02   9.8443619e-02   8.2417157e-01   7.7384816e-02
   8.2500000e+02   5.6182603e-01   3.5171643e-01   8.6457540e-02
   8.0300000e+02   9.4568500e-01   3.9142452e-02   1.5172545e-02
   8.0000000e+02   2.0093585e-02   3.8226009e-02   9.4168041e-01
   8.0900000e+02   9.3976372e-01   2.8397964e-02   3.1838317e-02
   8.0100000e+02   1.5733632e-03   9.6670409e-01   3.1722543e-02
   8.0500000e+02   2.4283120e-02   1.2853182e-02   9.6286370e-01
   8.2800000e+02   1.0900282e-02   9.5428013e-01   3.4819590e-02
   8.2100000e+02   7.3516545e-03   9.6732806e-01   2.5320288e-02
   8.1400000e+02   3.0530340e-02   4.6821143e-03   9.6478755e-01
   8.5300000e+02   9.7127671e-01   1.8727519e-02   9.9957698e-03
   8.5100000e+02   1.0124838e-02   9.6783176e-01   2.2043399e-02
   8.3000000e+02   9.8210787e-01   5.1199458e-03   1.2772182e-02
   7.2300000e+02   4.7766806e-02   6.3162687e-02   8.8907051e-01
   8.5000000e+02   9.5135071e-03   9.8664881e-01   3.8376807e-03
   8.2400000e+02   7.4937561e-03   9.7194943e-01   2.0556816e-02
   8.2700000e+02   1.2731438e-02   9.6247119e-01   2.4797371e-02
   8.3600000e+02   9.6563015e-01   2.2767285e-02   1.1602567e-02
   8.3400000e+02   9.9159110e-03   9.7772715e-01   1.2356935e-02
   1.1860000e+03   9.5635831e-01   2.5129609e-03   4.1128730e-02
   1.0980000e+03   2.5176797e-03   9.7985712e-01   1.7625196e-02
   8.7400000e+02   5.9546296e-01   3.8319650e-01   2.1340534e-02
   8.7300000e+02   9.3110277e-01   2.5535271e-02   4.3361959e-02
   8.5400000e+02   9.5918312e-01   3.1536459e-02   9.2804255e-03
   8.5600000e+02   1.4558296e-01   3.8725275e-01   4.6716429e-01
   8.5800000e+02   9.7565298e-01   2.3386882e-02   9.6013541e-04
   8.9100000e+02   3.0557564e-01   3.7352956e-02   6.5707141e-01
   1.0500000e+03   9.5544301e-01   3.3257941e-02   1.1299050e-02
   2.0490000e+03   9.7936336e-01   1.4137098e-02   6.4995401e-03
   8.9400000e+02   1.6908773e-02   1.3407002e-01   8.4902121e-01
   8.6300000e+02   8.3826811e-01   1.3153125e-01   3.0200638e-02
   1.0510000e+03   1.2056190e-01   7.8581762e-01   9.3620473e-02
   8.7900000e+02   2.8049950e-02   2.1822623e-01   7.5372382e-01
   8.6700000e+02   1.9551968e-02   1.6163627e-01   8.1881177e-01
   8.6900000e+02   5.1526919e-01   4.2949185e-01   5.5238956e-02
   8.5400000e+02   7.5598247e-03   5.5482536e-03   9.8689192e-01
   9.3200000e+02   1.0939750e-01   1.4576958e-01   7.4483293e-01
   8.7600000e+02   8.3737787e-03   9.7698418e-01   1.4642040e-02
   8.9800000e+02   6.3537089e-01   4.2303535e-03   3.6039876e-01
   9.0200000e+02   2.4212296e-01   2.0060167e-01   5.5727537e-01
   8.8700000e+02   3.2754853e-02   6.4685232e-01   3.2039283e-01
   9.1500000e+02   1.7494716e-01   8.6120328e-02   7.3893251e-01
   8.9700000e+02   9.1469223e-01   2.5605264e-03   8.2747243e-02
   9.1800000e+02   2.7877934e-01   5.7266373e-01   1.4855693e-01
   9.9600000e+02   1.2692991e-01   2.6044944e-01   6.1262065e-01
   9.1000000e+02   1.2457489e-01   4.7765842e-01   3.9776669e-01
   9.0900000e+02   8.5184968e-02   7.6825872e-01   1.4655632e-01
   9.2100000e+02   1.2048652e-02   9.5889369e-01   2.9057655e-02
   9.2000000e+02   2.0697656e-02   9.5826359e-01   2.1038749e-02
   9.2600000e+02   6.3382972e-01   5.6344218e-02   3.0982606e-01
   9.2300000e+02   1.9366873e-01   7.5845705e-02   7.3048557e-01
   1.2600000e+03   2.4833149e-03   9.4753908e-01   4.9977607e-02
   1.0610000e+03   9.9607170e-01   7.8214261e-04   3.1461595e-03
   1.0600000e+03   9.8087778e-01   1.5612051e-02   3.5101727e-03
   1.0610000e+03   5.6828129e-03   5.4223290e-01   4.5208428e-01
   9.3000000e+02   1.9812171e-01   3.6583302e-02   7.6529499e-01
   2.0600000e+03   4.3521990e-01   4.6150691e-01   1.0327320e-01
   9.3500000e+02   1.5871539e-01   3.6728694e-01   4.7399768e-01
   9.4200000e+02   1.4604543e-01   5.3547014e-01   3.1848444e-01
   9.4000000e+02   1.0757668e-01   8.7614653e-01   1.6276796e-02
   2.0550000e+03   1.2074996e-01   7.1649432e-01   1.6275572e-01
   9.7200000e+02   3.3908980e-01   3.2299403e-01   3.3791617e-01
   9.7300000e+02   1.1327499e-01   5.8587766e-01   3.0084735e-01
   9.4700000e+02   4.2618892e-01   4.9791955e-01   7.5891529e-02
   9.4800000e+02   3.2224714e-01   6.0687217e-01   7.0880686e-02
   1.3160000e+03   1.4416232e-02   9.8308648e-01   2.4972887e-03
   9.4900000e+02   9.6437472e-01   5.2767265e-03   3.0348549e-02
   9.4900000e+02   2.2820793e-01   5.8393481e-02   7.1339859e-01
   9.5000000e+02   6.7405344e-03   9.9066123e-01   2.5982356e-03
   9.5300000e+02   1.8392507e-01   8.1092914e-01   5.1457906e-03
   9.5200000e+02   1.2144701e-01   5.5362692e-01   3.2492607e-01
   9.6400000e+02   9.8467460e-01   1.0078845e-02   5.2465573e-03
   1.8680000e+03   3.5257289e-01   3.2981241e-01   3.1761470e-01
   1.0020000e+03   5.4083893e-01   4.1789145e-01   4.1269616e-02
   9.8400000e+02   5.8031933e-02   6.4400570e-01   2.9796237e-01
   9.8000000e+02   1.9970597e-02   9.3105790e-01   4.8971500e-02
   9.8900000e+02   5.7830542e-03   9.6489141e-01   2.9325532e-02
   9.7800000e+02   8.4040696e-01   6.6584790e-02   9.3008253e-02
   9.7900000e+02   9.1029613e-01   2.3691108e-02   6.6012763e-02
   1.0100000e+03   4.6051204e-02   1.2974976e-01   8.2419904e-01
   9.6400000e+02   1.5874122e-02   1.9176907e-01   7.9235681e-01
   9.6200000e+02   8.9620565e-01   2.7274112e-02   7.6520241e-02
   9.9000000e+02   2.3359996e-01   8.2018083e-02   6.8438196e-01
   9.9000000e+02   4.0694807e-02   9.5538876e-01   3.9164321e-03
   1.0000000e+03   4.3201962e-02   3.6056021e-02   9.2074202e-01
   1.0060000e+03   8.3909855e-01   1.8084960e-02   1.4281649e-01
   1.6080000e+03   2.5179372e-01   1.0109456e-01   6.4711172e-01
   1.0350000e+03   2.8885178e-03   8.0052413e-01   1.9658736e-01
   1.0260000e+03   3.4423005e-01   5.2684433e-02   6.0308552e-01
   1.0190000e+03   7.5896158e-02   8.5798773e-01   6.6116112e-02
   1.0270000e+03   2.0924787e-02   3.6520659e-01   6.1386862e-01
   1.0450000e+03   1.4324221e-01   7.3095208e-02   7.8366258e-01
   1.0500000e+03   2.7763065e-02   2.2487013e-02   9.4974992e-01
   1.0490000e+03   9.6819570e-01   1.9373266e-02   1.2431032e-02
   1.0490000e+03   1.3103206e-02   5.3758207e-01   4.4931473e-01
   1.0530000e+03   1.3542470e-01   4.1871976e-02   8.2270333e-01
   1.0570000e+03   5.6222778e-01   4.1531895e-01   2.2453267e-02
   1.2570000e+03   7.5324539e-01   4.9703994e-02   1.9705062e-01
   1.0790000e+03   1.8160215e-02   1.9439709e-02   9.6240008e-01
   1.2490000e+03   3.7061323e-02   8.4494337e-01   1.1799531e-01
   1.8470000e+03   1.6653345e-16   7.7149836e-01   2.2850164e-01
   1.0750000e+03   3.2877831e-01   5.1331946e-01   1.5790223e-01
   1.0710000e+03   3.3147721e-01   1.2352363e-01   5.4499917e-01
   1.0850000e+03   3.8376793e-01   1.7423522e-01   4.4199685e-01
   1.0740000e+03   1.1971604e-01   6.6332517e-01   2.1695880e-01
   1.0730000e+03   1.7510295e-02   2.8333127e-02   9.5415658e-01
   1.0790000e+03   9.1421109e-01   1.1309120e-02   7.4479792e-02
   1.6790000e+03   7.3172128e-01   1.7401492e-01   9.4263805e-02
   1.0800000e+03   7.9404106e-01   1.3422479e-01   7.1734147e-02
   1.1250000e+03   5.6381427e-02   9.0518112e-01   3.8437457e-02
   1.0920000e+03   1.5458520e-02   9.2473634e-01   5.9805142e-02
   1.0980000e+03   8.5362371e-01   8.5390091e-02   6.0986200e-02
   1.1100000e+03   1.7013943e-02   5.5878755e-01   4.2419851e-01
   1.1050000e+03   6.7882703e-01   2.2841090e-01   9.2762066e-02
   1.1080000e+03   7.7150056e-01   9.6532095e-02   1.3196735e-01
   1.1240000e+03   1.0267483e-02   8.9158460e-01   9.8147914e-02
   1.1120000e+03   8.1375511e-01   6.1879747e-02   1.2436515e-01
   1.1340000e+03   2.3085600e-02   9.2582138e-01   5.1093016e-02
   1.1160000e+03   6.5296333e-01   2.3612129e-01   1.1091539e-01
   1.1450000e+03   1.0475695e-01   1.9262587e-01   7.0261719e-01
   1.1230000e+03   3.6295211e-02   9.2367585e-02   8.7133720e-01
   1.1310000e+03   4.5592527e-02   1.9614999e-02   9.3479247e-01
   1.1280000e+03   4.1830129e-02   1.2554911e-01   8.3262076e-01
   1.1320000e+03   1.1059552e-01   7.7304362e-01   1.1636086e-01
   1.1320000e+03   1.5087550e-02   1.6183403e-15   9.8491245e-01
   1.1350000e+03   5.3003997e-02   8.3901841e-01   1.0797759e-01
   1.1310000e+03   1.0180380e-03   9.9810856e-01   8.7339914e-04
   1.1460000e+03   9.1661016e-01   2.7528704e-02   5.5861135e-02
   1.1480000e+03   6.3657115e-02   2.6643934e-01   6.6990354e-01
   1.1490000e+03   8.3490950e-01   1.8239430e-02   1.4685107e-01
   1.1530000e+03   5.2831570e-01   1.1158764e-01   3.6009666e-01
   1.1500000e+03   2.7381442e-01   6.9963975e-01   2.6545830e-02
   1.1630000e+03   9.3462560e-01   1.0710313e-02   5.4664084e-02
   1.1810000e+03   1.9215803e-02   9.6686409e-01   1.3920106e-02
   1.1550000e+03   2.6189418e-01   1.0879416e-01   6.2931166e-01
   1.1750000e+03   1.5613137e-01   3.7200132e-01   4.7186730e-01
   1.1580000e+03   6.3909595e-01   3.3830552e-01   2.2598530e-02
   1.1690000e+03   8.2368978e-01   1.1796614e-01   5.8344089e-02
   1.1770000e+03   1.9232833e-02   8.1222002e-01   1.6854715e-01
   1.1790000e+03   9.6711985e-01   3.0927318e-04   3.2570876e-02
   1.1830000e+03   1.9391394e-01   7.6029933e-01   4.5786731e-02
   1.1780000e+03   8.9866912e-01   4.7600894e-02   5.3729990e-02
   1.1900000e+03   6.2779293e-01   1.7741937e-01   1.9478770e-01
   1.1870000e+03   6.1815559e-01   3.0358241e-01   7.8261996e-02
   1.1890000e+03   6.6248150e-03   4.1345728e-01   5.7991790e-01
   1.2260000e+03   3.2528636e-03   6.6219855e-01   3.3454859e-01
   1.2270000e+03   7.8608940e-03   5.5855736e-01   4.3358175e-01
   1.1910000e+03   8.0922038e-02   3.0736364e-01   6.1171432e-01
   1.1910000e+03   4.3808733e-01   4.4124053e-01   1.2067214e-01
   1.7910000e+03   5.7673527e-02   8.3712044e-01   1.0520603e-01
   1.1950000e+03   7.7753985e-01   1.9433170e-01   2.8128454e-02
   1.7960000e+03   7.5743966e-01   9.9534635e-02   1.4302570e-01
   1.1990000e+03   1.8235309e-02   7.3028058e-01   2.5148411e-01
   1.2110000e+03   2.8749151e-02   3.9812723e-01   5.7312362e-01
   1.2190000e+03   9.9787094e-02   5.2394558e-01   3.7626733e-01
   1.2080000e+03   7.1127615e-01   5.3781608e-02   2.3494225e-01
   1.2050000e+03   7.3656362e-01   1.4768055e-01   1.1575583e-01
   1.2150000e+03   3.5024940e-03   1.2251157e-01   8.7398594e-01
   1.2410000e+03   4.0556109e-02   7.1227238e-01   2.4717152e-01
   1.2220000e+03   8.6358105e-01   7.2185370e-02   6.4233582e-02
   1.2450000e+03   4.4468062e-02   9.3436771e-01   2.1164230e-02
   1.2310000e+03   1.4813297e-02   1.6113244e-02   9.6907346e-01
   1.2310000e+03   4.0054976e-03   9.9078379e-01   5.2107109e-03
   1.2330000e+03   1.9332668e-02   8.2064130e-01   1.6002603e-01
   1.8310000e+03   5.5511151e-17   7.3462955e-01   2.6537045e-01
   1.2340000e+03   4.2771260e-02   1.9851695e-01   7.5871179e-01
   1.2530000e+03   5.1990177e-03   9.7515748e-01   1.9643501e-02
   1.2360000e+03   1.2189662e-02   3.6183606e-02   9.5162673e-01
   1.2510000e+03   1.6111310e-02   4.6918258e-02   9.3697043e-01
   1.2480000e+03   7.2209589e-01   2.7059914e-01   7.3049768e-03
   1.2520000e+03   6.3908944e-03   1.2639819e-03   9.9234512e-01
   1.2630000e+03   8.0989145e-01   5.5917352e-02   1.3419120e-01
   1.8730000e+03   3.7341602e-01   3.1202505e-01   3.1455892e-01
   1.2780000e+03   9.7090284e-02   5.3059050e-01   3.7231922e-01
   1.3370000e+03   5.7070844e-02   3.6089640e-01   5.8203275e-01
   1.3360000e+03   1.5858612e-02   9.8001594e-01   4.1254446e-03
   1.2670000e+03   5.2526434e-01   1.0141850e-01   3.7331716e-01
   1.2900000e+03   9.5308520e-01   2.5187146e-02   2.1727655e-02
   1.2690000e+03   9.7234457e-01   5.8479541e-03   2.1807475e-02
   1.2830000e+03   9.7979202e-01   9.4794954e-03   1.0728485e-02
   1.2810000e+03   1.3856802e-02   9.6288026e-01   2.3262938e-02
   1.2700000e+03   2.7090232e-01   3.4352402e-01   3.8557366e-01
