   3.2600000e+02   3.4876746e-04   9.9923022e-01   4.2101443e-04
   3.2400000e+02   3.2261450e-04   2.4381354e-05   9.9965300e-01
   3.2000000e+02   1.2078449e-04   9.9980109e-01   7.8128719e-05
   2.9300000e+02   1.4369556e-04   9.9969736e-01   1.5894122e-04
   3.0700000e+02   3.2526065e-17   9.9934608e-01   6.5391752e-04
   2.9600000e+02   2.1462068e-04   7.4046646e-05   9.9971133e-01
   2.8500000e+02   1.4416284e-04   9.9968861e-01   1.6723129e-04
   2.8300000e+02   2.2647216e-04   9.9977353e-01   4.1028256e-16
   8.0000000e+00   9.9958288e-01   2.9810760e-04   1.1900940e-04
   3.0900000e+02   2.5826515e-01   1.0552568e-01   6.3620917e-01
   3.0700000e+02   4.0417647e-01   5.2732096e-02   5.4309144e-01
   1.0070000e+03   3.9148079e-02   7.1561751e-01   2.4523441e-01
   3.4000000e+01   6.1012009e-01   7.3871181e-02   3.1600873e-01
   3.2000000e+02   9.9984955e-01   0.0000000e+00   1.5045165e-04
   3.7200000e+02   4.0233211e-04   9.9959767e-01   0.0000000e+00
   2.7200000e+02   9.5934548e-01   1.2599179e-02   2.8055339e-02
   3.5600000e+02   7.3948257e-05   1.5871801e-04   9.9976733e-01
   3.3200000e+02   2.0702025e-04   5.1880543e-05   9.9974110e-01
   3.5500000e+02   9.9973698e-01   1.5145826e-05   2.4787818e-04
   3.5400000e+02   5.4249423e-04   9.9846705e-01   9.9045360e-04
   1.6448000e+04   3.9023236e-04   9.9902954e-01   5.8023224e-04
   1.0980000e+03   9.9949152e-01   5.0848442e-04   0.0000000e+00
   4.9600000e+02   3.4554627e-04   0.0000000e+00   9.9965445e-01
   3.5200000e+02   9.6154298e-01   3.3705241e-02   4.7517774e-03
   2.7500000e+02   9.9998374e-01   0.0000000e+00   1.6264109e-05
   4.1400000e+02   3.4482374e-03   9.8682704e-01   9.7247230e-03
   1.0800000e+02   2.1613008e-04   1.2216672e-02   9.8756720e-01
   3.5500000e+02  -1.1102230e-16   1.8223713e-05   9.9998178e-01
   4.3400000e+02   9.9932922e-01   4.6362994e-04   2.0715333e-04
   2.8700000e+02   2.1649997e-04   9.9973415e-01   4.9345878e-05
   4.9400000e+02   6.6173537e-04   9.9933826e-01   0.0000000e+00
   4.3000000e+02   8.9712954e-04   2.1155080e-04   9.9889132e-01
   2.8800000e+02   2.7864198e-04   9.9927323e-01   4.4812724e-04
   4.9500000e+02   1.2610634e-04   9.9940960e-01   4.6429434e-04
   4.9300000e+02   9.9993057e-01   0.0000000e+00   6.9426246e-05
   4.5200000e+02   9.9978572e-01   1.2891177e-04   8.5372269e-05
   4.8400000e+02   9.9943461e-01   5.6539126e-04   0.0000000e+00
   4.7900000e+02   9.9967082e-01   1.0789960e-04   2.2127790e-04
   4.8100000e+02   1.1011389e-04   1.7167128e-04   9.9971821e-01
   1.6446000e+04   9.9976331e-01   0.0000000e+00   2.3668549e-04
   4.7600000e+02  -2.8568727e-17   9.9956726e-01   4.3274236e-04
   3.6700000e+02   2.6725584e-17   9.9970016e-01   2.9983653e-04
   1.6444000e+04   5.4763034e-05   8.3982858e-04   9.9910541e-01
   4.4800000e+02   9.9984973e-01   1.2534675e-04   2.4919407e-05
   4.4600000e+02   9.9988047e-01   1.1952564e-04   0.0000000e+00
   4.6500000e+02   2.3321976e-05   2.0327946e-04   9.9977340e-01
   4.6200000e+02   1.6353339e-04   9.9948614e-01   3.5032488e-04
   4.5700000e+02   8.1038655e-05   9.9974191e-01   1.7704787e-04
   4.5500000e+02   9.9981734e-01   1.8266106e-04   0.0000000e+00
   4.8700000e+02   4.8032767e-05   9.9977572e-01   1.7625138e-04
   4.8600000e+02   1.3591502e-04   4.4281435e-05   9.9981980e-01
   4.4700000e+02   6.8209890e-05   1.0551449e-05   9.9992124e-01
   9.9100000e+02   6.4111491e-02   7.6674156e-01   1.6914695e-01
   1.1080000e+03   5.3282150e-05   9.9992464e-01   2.2078492e-05
   2.5800000e+02   9.9988952e-01   1.1047995e-04   0.0000000e+00
   2.9500000e+02   9.9943462e-01   5.6538329e-04   0.0000000e+00
   2.6000000e+02   5.4226215e-04   4.6084683e-05   9.9941165e-01
   2.5900000e+02   9.2145686e-07   2.5615058e-04   9.9974293e-01
   9.8800000e+02   9.9999409e-01   1.0069251e-06   4.9052455e-06
   2.6700000e+02   6.7268580e-05   3.5398001e-15   9.9993273e-01
   2.6500000e+02   1.8896127e-04   1.0117428e-14   9.9981104e-01
   3.6600000e+02   9.9958049e-01   0.0000000e+00   4.1950955e-04
   4.6000000e+02   0.0000000e+00   2.9108312e-04   9.9970892e-01
   2.6300000e+02   2.6584711e-04   1.1921192e-15   9.9973415e-01
   3.6600000e+02   7.0324038e-05   9.9958614e-01   3.4353524e-04
   9.0000000e+00   9.9959278e-01   0.0000000e+00   4.0721717e-04
   5.2000000e+01   7.1679316e-17   9.9991157e-01   8.8431360e-05
   7.9000000e+01   0.0000000e+00   1.3440036e-04   9.9986560e-01
   7.4000000e+01   9.9990929e-01   0.0000000e+00   9.0713513e-05
   6.0000000e+01   1.9533329e-04   9.9961280e-01   1.9187117e-04
   7.0000000e+01   7.0586741e-05   9.9978043e-01   1.4897988e-04
   5.5000000e+01   3.2716990e-04   9.9959089e-01   8.1943615e-05
   7.5000000e+01   3.6787796e-05   9.9972895e-01   2.3426394e-04
   5.9000000e+01   7.2451810e-17   9.9983416e-01   1.6583883e-04
   4.8000000e+01   9.9992028e-01   2.3532573e-05   5.6190114e-05
   5.4000000e+01   1.5487865e-04   7.9922742e-05   9.9976520e-01
   5.3000000e+01   9.9992312e-01   7.1104838e-05   5.7728532e-06
   4.1000000e+01   9.9990110e-01   6.8170408e-05   3.0725146e-05
   3.8000000e+01   9.9993624e-01   1.5305755e-05   4.8456253e-05
   1.0000000e+00   1.2204686e-04   9.9983677e-01   4.1179724e-05
   6.5000000e+01   1.6535721e-01   2.3158869e-01   6.0305410e-01
   6.3400000e+02   7.6895669e-01   5.9016083e-02   1.7202723e-01
   7.3000000e+01   9.9988622e-01   0.0000000e+00   1.1378451e-04
   7.4000000e+01   6.3981749e-05   9.9981404e-01   1.2197332e-04
   5.7000000e+01   1.1102230e-16   2.8741157e-04   9.9971259e-01
   1.2800000e+02   7.1774184e-17   9.9948662e-01   5.1337802e-04
   8.8000000e+01   3.2292995e-02   2.2119337e-02   9.4558767e-01
   7.7000000e+01   5.4015062e-06   2.3135128e-04   9.9976325e-01
   1.2095000e+04   9.9992817e-01   0.0000000e+00   7.1827339e-05
   1.3000000e+02   2.3472977e-17   9.9984673e-01   1.5326786e-04
   1.4900000e+02   8.2034679e-05   9.9982604e-01   9.1922222e-05
   1.1300000e+02   0.0000000e+00   0.0000000e+00   1.0000000e+00
   1.2503000e+04  -3.9898640e-17   9.9898971e-01   1.0102949e-03
   7.2800000e+02   1.5634123e-04   9.9984366e-01   0.0000000e+00
   2.3200000e+02   8.8810908e-05   2.0950679e-04   9.9970168e-01
   8.8000000e+01   2.8799398e-03   9.7665924e-01   2.0460822e-02
   1.3200000e+02   0.0000000e+00   2.0338729e-04   9.9979661e-01
   3.2000000e+01   5.5619571e-17   9.9948220e-01   5.1779877e-04
   1.9400000e+02   1.9443082e-04   1.7778086e-04   9.9962779e-01
   1.9100000e+02   1.2845814e-04   2.4729939e-04   9.9962424e-01
   4.3000000e+01   9.9985204e-01   1.4796497e-04   0.0000000e+00
   2.5100000e+02  -8.3483567e-18   9.9955954e-01   4.4046054e-04
   1.8700000e+02   1.4844892e-04   4.6542120e-04   9.9938613e-01
   1.8600000e+02  -1.1102230e-16   5.7775725e-04   9.9942224e-01
   2.5200000e+02   9.9970476e-01   1.2330337e-04   1.7193943e-04
   2.1500000e+02   0.0000000e+00   1.0508316e-04   9.9989492e-01
   2.3000000e+02   1.5369452e-04   9.9982270e-01   2.3603519e-05
   2.4000000e+02   1.6984776e-04   2.9731636e-04   9.9953284e-01
   2.3500000e+02   2.2446454e-05   1.7171379e-04   9.9980584e-01
   1.9900000e+02  -1.6317243e-17   9.9957516e-01   4.2483593e-04
   2.3700000e+02   2.9864765e-05   9.9982458e-01   1.4555977e-04
   2.3500000e+02   9.9987961e-01   1.2038830e-04   0.0000000e+00
   2.1600000e+02   1.1817804e-17   9.9966320e-01   3.3679721e-04
   1.2504000e+04   9.9985803e-01   1.4197059e-04   0.0000000e+00
   2.2800000e+02   1.5786883e-04   9.9977728e-01   6.4850319e-05
   2.2500000e+02   9.9977979e-01   0.0000000e+00   2.2020977e-04
   2.0100000e+02   3.4965520e-17   9.9965286e-01   3.4713797e-04
   2.1900000e+02   9.9971758e-01   1.5871852e-04   1.2369816e-04
   2.1400000e+02   9.9987252e-01   1.2748341e-04   0.0000000e+00
   2.1200000e+02   2.7129219e-06   9.9989538e-01   1.0190974e-04
   2.4400000e+02   4.0906198e-05   9.9983163e-01   1.2746091e-04
   2.0900000e+02   1.4221447e-04   9.9973772e-01   1.2006814e-04
   2.0500000e+02   1.6779987e-04   9.9965719e-01   1.7500920e-04
   2.4200000e+02   1.2337118e-01   8.3092958e-01   4.5699240e-02
   2.4600000e+02   6.5886847e-05   9.9991530e-01   1.8809675e-05
   1.5000000e+01   2.8216362e-17   9.9982921e-01   1.7078559e-04
   5.1000000e+01   3.9107282e-04   9.9949696e-01   1.1196895e-04
   6.8000000e+01   2.0462214e-04   9.9974654e-01   4.8836360e-05
   1.8000000e+01   9.9934949e-01   6.5050700e-04   0.0000000e+00
   2.4900000e+02   5.9403078e-06   9.9991111e-01   8.2945918e-05
   2.4300000e+02   1.0468654e-04   9.9977775e-01   1.1756322e-04
   2.0700000e+02   1.4390366e-04   9.9955570e-01   3.0039452e-04
   2.0300000e+02   1.1554939e-04   9.9957538e-01   3.0907378e-04
   1.2400000e+02   2.1325528e-04   0.0000000e+00   9.9978674e-01
   2.1800000e+02   9.9962157e-01   3.2101456e-05   3.4632526e-04
   2.0000000e+02   4.9987612e-05   9.9955411e-01   3.9590455e-04
   2.1600000e+02   9.9952350e-01   1.2162430e-04   3.5487076e-04
   1.2600000e+02   9.9958561e-01   0.0000000e+00   4.1439258e-04
   2.1900000e+03   9.9997422e-01   2.5780354e-05   0.0000000e+00
   9.4600000e+02   3.6296882e-04   0.0000000e+00   9.9963703e-01
   9.4100000e+02   4.6020232e-04   9.9943592e-01   1.0387790e-04
   9.5100000e+02   5.0105835e-04   1.0642051e-04   9.9939252e-01
   9.5600000e+02   9.9968918e-01   1.6993376e-04   1.4088874e-04
   9.5400000e+02   5.9956380e-17   9.9986135e-01   1.3865377e-04
   1.1050000e+03   1.3372933e-04   9.9971110e-01   1.5517276e-04
   9.5500000e+02   9.9971105e-01   2.8895297e-04   0.0000000e+00
   9.4900000e+02   3.5515257e-05   2.8273340e-04   9.9968175e-01
   9.5200000e+02   9.9968452e-01   0.0000000e+00   3.1548182e-04
   9.4700000e+02   1.5193191e-04   3.0926360e-04   9.9953880e-01
   9.0000000e+02   2.1918130e-04   9.8266947e-01   1.7111348e-02
   9.0100000e+02   9.8498016e-01   1.5310214e-03   1.3488822e-02
   9.7700000e+02   2.0476098e-04   9.9951464e-01   2.8059888e-04
   9.4400000e+02   2.7961981e-03   1.8272468e-02   9.7893133e-01
   1.0900000e+03   9.9919516e-01   8.0484333e-04   0.0000000e+00
   9.3800000e+02   9.9949852e-01   4.2410951e-04   7.7366861e-05
   9.3100000e+02   1.5721129e-04   9.9931987e-01   5.2291693e-04
   1.0910000e+03  -1.1102230e-16   8.8297328e-04   9.9911703e-01
   9.1900000e+02   9.9959658e-01   2.6569395e-05   3.7685172e-04
   1.0880000e+03   9.9900278e-01   2.2005151e-04   7.7717070e-04
   9.3200000e+02   9.9937838e-01   2.1819849e-04   4.0342287e-04
   9.2800000e+02   9.9940867e-01   4.7782803e-04   1.1350486e-04
   9.2400000e+02   9.9947128e-01   4.7003007e-04   5.8694055e-05
   9.1700000e+02   9.9953083e-01   4.2710444e-05   4.2646274e-04
   9.1400000e+02   9.9936370e-01   2.9929833e-04   3.3700176e-04
   9.1300000e+02   9.9963098e-01   3.4847162e-04   2.0546270e-05
   1.2210000e+03   9.9959683e-01   0.0000000e+00   4.0317042e-04
   9.0800000e+02   9.9964900e-01   1.0885565e-05   3.4011863e-04
   1.2000000e+03   9.9963574e-01   2.0426757e-05   3.4383220e-04
   8.9100000e+02   9.9960671e-01   3.7910933e-04   1.4177605e-05
   9.6300000e+02   9.2483083e-02   9.0171988e-01   5.7970388e-03
   1.0660000e+03   0.0000000e+00   6.8447093e-04   9.9931553e-01
   1.2180000e+03   4.6009461e-04   9.9903613e-01   5.0378010e-04
   9.3700000e+02   0.0000000e+00   0.0000000e+00   1.0000000e+00
   1.0600000e+03   0.0000000e+00   1.0918071e-03   9.9890819e-01
   9.6200000e+02   9.9952511e-01   4.4392008e-04   3.0965998e-05
   9.6700000e+02   8.4237694e-05   9.9973850e-01   1.7726001e-04
   1.1060000e+03   1.1102230e-16   4.9724917e-05   9.9995028e-01
   9.7400000e+02   1.1286851e-05   2.2503007e-04   9.9976368e-01
   9.7400000e+02   9.9983087e-01   1.6913215e-04   0.0000000e+00
   9.7000000e+02  -1.1102230e-16   2.4713803e-04   9.9975286e-01
   1.0460000e+03  -5.4914840e-17   9.9974787e-01   2.5213009e-04
   9.6700000e+02   6.4136464e-01   4.2351568e-02   3.1628379e-01
   8.9800000e+02   1.8053033e-03   9.8120627e-01   1.6988431e-02
   7.3100000e+02   2.6695921e-04   9.9968344e-01   4.9602434e-05
   1.1030000e+03   9.9425718e-01   4.1918352e-03   1.5509804e-03
   2.7500000e+02   2.1301593e-04   9.9971846e-01   6.8527458e-05
   1.0020000e+03   9.9969325e-01   3.0674858e-04   0.0000000e+00
   2.7100000e+02   3.6050981e-04   9.9963949e-01   9.6400204e-15
   2.6900000e+02   9.9947369e-01   2.2449974e-04   3.0181076e-04
   2.6800000e+02   1.4443197e-04   9.9985557e-01   0.0000000e+00
   2.6500000e+02   1.0481525e-16   9.9981352e-01   1.8648210e-04
   2.6200000e+02   3.6931371e-04   9.7723539e-15   9.9963069e-01
   1.2490000e+03   9.9956253e-01   3.6106773e-04   7.6404219e-05
   1.2470000e+03   0.0000000e+00   3.0788740e-04   9.9969211e-01
   1.0720000e+03   2.5696837e-04   9.9896427e-01   7.7876423e-04
   1.0700000e+03   6.0743903e-04   3.2885687e-04   9.9906370e-01
   1.2490000e+03   0.0000000e+00   7.9943059e-04   9.9920057e-01
   1.0710000e+03   0.0000000e+00   1.1946066e-03   9.9880539e-01
   1.2340000e+03   1.5168882e-04   4.7571697e-04   9.9937259e-01
   1.0680000e+03   9.9929023e-01   4.2097431e-04   2.8879310e-04
   1.2550000e+03   9.9953846e-01   2.9929007e-04   1.6224629e-04
   1.0630000e+03   6.0769532e-17   9.9957196e-01   4.2803976e-04
   1.2400000e+03   9.9959934e-01   0.0000000e+00   4.0065621e-04
   1.2260000e+03   0.0000000e+00   1.0660603e-03   9.9893394e-01
   1.2370000e+03   9.4801823e-05   9.9945502e-01   4.5018227e-04
   1.0620000e+03   9.9892293e-01   6.6607174e-04   4.1100302e-04
   1.2410000e+03   3.8978487e-04   9.9919381e-01   4.1640467e-04
   1.0580000e+03   1.1102230e-16   6.9596051e-04   9.9930404e-01
   1.2350000e+03   3.0167405e-04   9.9909968e-01   5.9865043e-04
   1.2120000e+03  -1.1102230e-16   3.7492423e-04   9.9962508e-01
   1.2090000e+03   9.9959688e-01   4.0312481e-04   0.0000000e+00
   1.2100000e+03   6.2231817e-04   9.9914173e-01   2.3594982e-04
   1.0000000e+03   3.1201763e-04   6.8729599e-05   9.9961925e-01
   2.7300000e+02   9.9865639e-01   3.6875075e-04   9.7485435e-04
   1.0020000e+03   2.5962155e-04   1.1932318e-04   9.9962106e-01
   1.0060000e+03   9.9910201e-01   8.9799123e-04   0.0000000e+00
   1.2060000e+03   3.9708189e-04   9.9953751e-01   6.5409188e-05
   1.0480000e+03  -3.7540500e-17   9.9986529e-01   1.3471388e-04
   1.0450000e+03   1.9714822e-04   9.9959633e-01   2.0651755e-04
   1.0430000e+03   1.4950727e-04   9.9970707e-01   1.4341788e-04
   9.6600000e+02   4.3379016e-05   2.1427722e-04   9.9974234e-01
   1.1990000e+03   2.7214303e-04   1.4980705e-04   9.9957805e-01
   1.0470000e+03   2.9163507e-04   9.9966234e-01   4.6026301e-05
   1.2110000e+03   3.7838656e-17   9.9936570e-01   6.3429864e-04
   1.0980000e+03   1.1102230e-16   1.9874446e-04   9.9980126e-01
   2.9100000e+02   2.0966361e-04   9.9979034e-01   0.0000000e+00
   1.2070000e+03   9.9970217e-01   2.9782906e-04   0.0000000e+00
   1.0970000e+03   9.9963424e-01   2.3001240e-04   1.3574268e-04
   9.9800000e+02   3.8431442e-04   6.4241311e-05   9.9955144e-01
   1.2050000e+03   3.7225878e-04   9.9957339e-01   5.4346533e-05
   9.9800000e+02   9.9982651e-01   1.7349026e-04   0.0000000e+00
   9.9700000e+02   4.1594428e-04   9.9958406e-01   0.0000000e+00
   2.8000000e+02   9.9975953e-01   1.5212555e-04   8.8345921e-05
   1.0420000e+03   3.1971466e-06   9.9985398e-01   1.4282034e-04
   1.0290000e+03   9.9982985e-01   9.5058828e-05   7.5091354e-05
   1.0400000e+03   8.9202742e-05   9.9991080e-01   0.0000000e+00
   1.0360000e+03   9.9974100e-01   2.5900433e-04   0.0000000e+00
   9.9000000e+02   4.6833131e-05   9.9993769e-01   1.5473383e-05
   1.1070000e+03   3.4473385e-05   9.9991857e-01   4.6951844e-05
   1.2030000e+03   1.7260787e-04   9.9973078e-01   9.6607260e-05
   9.8700000e+02   1.1580151e-04   9.9988420e-01   0.0000000e+00
   1.1120000e+03   2.6115863e-04   9.9958858e-01   1.5026557e-04
   1.0250000e+03   9.9930429e-01   6.9570632e-04   0.0000000e+00
   1.1140000e+03   2.2562146e-04   9.9969144e-01   8.2935130e-05
   1.0310000e+03   6.6049825e-04   9.9897882e-01   3.6067718e-04
   1.2020000e+03   1.2620113e-16   9.9902434e-01   9.7565522e-04
   9.8200000e+02   3.0010489e-04   9.9956937e-01   1.3052459e-04
   1.1990000e+03   8.4526087e-01   5.8400895e-02   9.6338239e-02
   1.1040000e+03   3.9547166e-01   4.8399221e-01   1.2053613e-01
   1.0160000e+03   3.5848835e-01   4.7009975e-02   5.9450168e-01
   6.4700000e+02   2.8592228e-01   6.8102835e-01   3.3049376e-02
   1.0440000e+03   1.7619241e-02   2.7942976e-03   9.7958646e-01
   1.0150000e+03   1.4496211e-01   4.5498257e-01   4.0005532e-01
   1.0770000e+03   9.9959227e-01   3.7305505e-04   3.4679095e-05
   1.2270000e+03   1.8308324e-04   9.9936594e-01   4.5097450e-04
   1.1160000e+03   1.0299508e-03   9.9821106e-01   7.5899120e-04
   1.2520000e+03   6.9739601e-04   9.9900671e-01   2.9589558e-04
   1.0790000e+03   9.9943112e-01   3.5842838e-04   2.1045102e-04
   1.0200000e+03   0.0000000e+00   1.0795802e-03   9.9892042e-01
   1.0870000e+03   9.9950676e-01   2.2260900e-04   2.7063496e-04
   1.0950000e+03   0.0000000e+00   6.6857187e-04   9.9933143e-01
   1.2550000e+03  -1.1102230e-16   3.6941147e-04   9.9963059e-01
   1.2300000e+03   9.9978749e-01   2.1250917e-04   0.0000000e+00
   1.1020000e+03   9.9966328e-01   2.9778882e-04   3.8931071e-05
   1.1210000e+03   1.8394257e-04   9.9972504e-01   9.1016360e-05
   1.1430000e+03   9.9960563e-01   2.4443275e-04   1.4993624e-04
   1.1360000e+03   9.9985949e-01   1.2210193e-04   1.8405416e-05
   1.1460000e+03  -2.1426545e-17   9.9996211e-01   3.7888801e-05
   1.2330000e+03   9.9993685e-01   4.0428354e-05   2.2717180e-05
   1.1380000e+03   9.9974946e-01   2.5053929e-04   0.0000000e+00
   1.1470000e+03   2.5339838e-17   9.9997433e-01   2.5667693e-05
   1.1420000e+03   1.0943666e-16   9.9992247e-01   7.7532384e-05
   1.1280000e+03   6.7890207e-05   5.3835636e-05   9.9987827e-01
   1.1370000e+03   1.1102230e-16   2.3054893e-04   9.9976945e-01
   1.1790000e+03   5.8603813e-05   9.9983044e-01   1.1095251e-04
   1.1600000e+03   9.9908411e-01   6.2184782e-04   2.9404240e-04
   1.1840000e+03   9.9982642e-01   1.1165397e-04   6.1930951e-05
   1.1690000e+03   1.7496613e-04   9.9971272e-01   1.1231750e-04
   1.1800000e+03   1.1381245e-05   3.3868607e-04   9.9964993e-01
   5.1800000e+02   1.4813654e-04   1.5459821e-04   9.9969727e-01
   5.1000000e+02  -1.1102230e-16   1.8259652e-04   9.9981740e-01
   1.1220000e+03   9.9948693e-01   0.0000000e+00   5.1307229e-04
   1.1610000e+03   9.9963085e-01   0.0000000e+00   3.6915370e-04
   1.1670000e+03   9.9982376e-01   0.0000000e+00   1.7623932e-04
   5.1900000e+02   3.0093934e-04   9.9948131e-01   2.1775271e-04
   1.1890000e+03   9.9950945e-01   4.9054788e-04   0.0000000e+00
   1.3170000e+03   9.9966587e-01   3.3412806e-04   0.0000000e+00
   1.1330000e+03   1.4968200e-04   4.0450804e-05   9.9980987e-01
   1.1420000e+03   9.9998428e-01   1.0392131e-05   5.3277220e-06
   5.1700000e+02   1.0141889e-04   9.9987324e-01   2.5338223e-05
   1.1770000e+03   2.5858531e-04   1.2905853e-05   9.9972851e-01
   1.1740000e+03   7.1476134e-05   9.9992852e-01   0.0000000e+00
   1.1940000e+03   9.9978033e-01   5.3591090e-05   1.6607887e-04
   1.1720000e+03   9.9988273e-01   1.0576949e-04   1.1498385e-05
   1.1810000e+03   1.9082446e-04   9.3167903e-05   9.9971601e-01
   1.1390000e+03   9.9979956e-01   1.1945803e-04   8.0980300e-05
   1.1620000e+03   9.9956955e-01   4.3045019e-04   0.0000000e+00
   1.1560000e+03   9.9985026e-01   9.5374283e-05   5.4362894e-05
   1.1870000e+03   1.4524333e-04   9.9984524e-01   9.5189004e-06
   1.1880000e+03   1.3423841e-04   1.3655286e-04   9.9972921e-01
   1.1900000e+03   2.1057484e-04   2.3378595e-04   9.9955564e-01
   1.1930000e+03   9.9981104e-01   1.8895501e-04   0.0000000e+00
   1.1240000e+03   4.9624703e-05   9.9986711e-01   8.3269944e-05
   9.6800000e+02   1.5856457e-17   9.9979611e-01   2.0388880e-04
   1.1350000e+03   2.4705431e-04   9.9964730e-01   1.0565025e-04
   1.1480000e+03   9.9992113e-01   7.0867757e-05   8.0070864e-06
   5.1400000e+02   9.9945582e-01   3.2323369e-04   2.2094645e-04
   1.1500000e+03   9.9972464e-01   1.7940035e-15   2.7536288e-04
   1.1300000e+03   8.0646366e-06   5.2260630e-05   9.9993967e-01
   1.1270000e+03   9.9995636e-01   3.1747879e-05   1.1887817e-05
   9.3400000e+02  -1.4539151e-16   9.9975970e-01   2.4030026e-04
   1.2560000e+03  -1.1102230e-16   2.8571936e-04   9.9971428e-01
   8.9600000e+02   7.4650408e-02   5.2087722e-02   8.7326187e-01
   1.0510000e+03   6.5918351e-04   3.1204201e-04   9.9902877e-01
   1.0530000e+03   3.7596915e-04   9.9927496e-01   3.4907565e-04
   1.2250000e+03   8.7524951e-04   4.0690532e-04   9.9871785e-01
   1.0550000e+03   4.3833473e-04   3.4110530e-04   9.9922056e-01
   1.0220000e+03   3.8437332e-04   9.9932211e-01   2.9351539e-04
   1.0240000e+03   3.2543459e-04   9.9960026e-01   7.4301939e-05
   1.0260000e+03   8.3287705e-05   9.9983652e-01   8.0196041e-05
   1.5240000e+03   1.8598976e-02   3.3790393e-02   9.4761063e-01
   1.4870000e+03   9.9974834e-01   2.5166470e-04   0.0000000e+00
   5.7400000e+02   2.9878642e-04   0.0000000e+00   9.9970121e-01
   5.3000000e+02   3.0789630e-04   4.6345866e-05   9.9964576e-01
   5.7900000e+02   4.3371294e-04   3.5207069e-05   9.9953108e-01
   7.3500000e+02   9.9984756e-01   0.0000000e+00   1.5243546e-04
   5.7100000e+02   1.8729593e-17   9.9993617e-01   6.3828143e-05
   5.7300000e+02   0.0000000e+00   3.0743533e-04   9.9969256e-01
   5.8300000e+02   9.9556864e-17   9.9976279e-01   2.3721479e-04
   5.8000000e+02   5.5667081e-05   9.9935295e-01   5.9138765e-04
   5.7800000e+02   9.9948973e-01   3.1737855e-04   1.9289117e-04
   5.7700000e+02   1.7989947e-04   9.9969234e-01   1.2775848e-04
   5.2700000e+02   9.5603414e-01   4.6495623e-03   3.9316295e-02
   5.7200000e+02   9.8388888e-01   2.7421273e-03   1.3368994e-02
   6.0600000e+02   9.9980777e-01   1.4547430e-04   4.6754383e-05
   8.9700000e+02   1.6077470e-04   9.9424547e-01   5.5937583e-03
   7.2200000e+02   2.5143859e-05   7.0410132e-04   9.9927075e-01
   5.6500000e+02   1.4286496e-04   4.8633244e-04   9.9937080e-01
   5.6100000e+02   7.5264181e-05   3.9764727e-04   9.9952709e-01
   6.9100000e+02  -1.1102230e-16   8.5747630e-04   9.9914252e-01
   5.6400000e+02   1.5293594e-04   9.9955566e-01   2.9140760e-04
   7.1800000e+02   2.1437167e-05   2.5354660e-04   9.9972502e-01
   5.5900000e+02   1.2225767e-04   2.6339387e-04   9.9961435e-01
   5.5500000e+02   1.9581478e-04   3.2349001e-04   9.9948070e-01
   7.1700000e+02   2.6133688e-04   9.3038454e-05   9.9964562e-01
   5.5200000e+02   5.5581559e-04   1.1747005e-04   9.9932671e-01
   5.4800000e+02   4.8453035e-04   2.0654698e-04   9.9930892e-01
   5.4600000e+02   5.5128040e-04   1.7590226e-04   9.9927282e-01
   8.5000000e+02   1.1102230e-16   7.0609558e-04   9.9929390e-01
   5.4100000e+02   4.1009761e-04   2.3043772e-04   9.9935946e-01
   8.5100000e+02   4.1898088e-04   3.4176306e-04   9.9923926e-01
   5.3700000e+02   4.1758059e-04   3.2016941e-04   9.9926225e-01
   6.9600000e+02   9.9937221e-01   6.2779185e-04   0.0000000e+00
   8.4700000e+02   8.6217318e-04   9.9902770e-01   1.1012246e-04
   6.8200000e+02  -1.7347235e-17   9.9956067e-01   4.3932986e-04
   6.8900000e+02   0.0000000e+00   8.4322070e-04   9.9915678e-01
   5.9000000e+02   1.8363674e-17   9.9990484e-01   9.5161455e-05
   6.0300000e+02   9.9981846e-01   0.0000000e+00   1.8153767e-04
   6.0400000e+02  -6.6947790e-17   9.9999565e-01   4.3537655e-06
   5.9700000e+02   1.6477150e-04   6.4069254e-06   9.9982882e-01
   6.0300000e+02   1.0055975e-16   9.9963741e-01   3.6258766e-04
   7.5400000e+02   9.9991315e-01   6.4975360e-06   8.0349658e-05
   5.9200000e+02   9.9989484e-01   7.4715137e-06   9.7689858e-05
   5.8900000e+02   9.7435971e-01   9.7672850e-04   2.4663561e-02
   7.3200000e+02   1.9491791e-03   1.3483907e-02   9.8456691e-01
   3.2000000e+01   9.9932523e-01   0.0000000e+00   6.7477344e-04
   6.2900000e+02   8.9047065e-05   0.0000000e+00   9.9991095e-01
   2.8000000e+01   9.9937010e-01   1.2994407e-05   6.1690850e-04
   2.7000000e+01   1.1655280e-06   9.9938167e-01   6.1716766e-04
   2.4000000e+01   9.9951377e-01   0.0000000e+00   4.8623363e-04
   2.2000000e+01   9.9929795e-01   0.0000000e+00   7.0205133e-04
   2.0000000e+01   9.9936887e-01   4.0804172e-06   6.2705128e-04
   8.8000000e+02   1.9908443e-04   9.9963249e-01   1.6842210e-04
   8.7600000e+02   3.6217540e-04   3.2126147e-04   9.9931656e-01
   6.9900000e+02   9.7575153e-04   3.1955180e-04   9.9870470e-01
   7.0300000e+02   2.5109420e-04   9.9908464e-01   6.6426790e-04
   8.7800000e+02   7.2558079e-04   1.7512502e-04   9.9909929e-01
   6.5100000e+02   0.0000000e+00   9.0220438e-04   9.9909780e-01
   8.6300000e+02   1.1102230e-16   2.1562724e-04   9.9978437e-01
   7.2400000e+02   1.0363067e-03   4.0043246e-04   9.9856326e-01
   8.7100000e+02   4.1027917e-05   9.9964339e-01   3.1558261e-04
   7.2200000e+02   1.7129681e-04   9.9982870e-01   0.0000000e+00
   8.7500000e+02   0.0000000e+00   4.5392406e-04   9.9954608e-01
   8.5500000e+02   9.9896278e-01   1.0372175e-03   0.0000000e+00
   5.0900000e+02   3.2883875e-04   9.9936849e-01   3.0267546e-04
   6.8400000e+02   9.9879514e-01   1.1655126e-03   3.9349464e-05
   8.6500000e+02   2.4616777e-05   9.9941836e-01   5.5702023e-04
   6.8700000e+02   0.0000000e+00   6.5308993e-04   9.9934691e-01
   8.6700000e+02   8.4105488e-05   9.9918157e-01   7.3432636e-04
   8.4900000e+02   1.1102230e-16   3.9154441e-04   9.9960846e-01
   8.4000000e+02   2.2793583e-04   9.9961570e-01   1.5636332e-04
   8.3600000e+02   4.0292015e-04   8.4217940e-06   9.9958866e-01
   6.3100000e+02   2.1509419e-04   9.9942458e-01   3.6032825e-04
   3.0000000e+01   6.8623902e-04   5.8081212e-04   9.9873295e-01
   6.2700000e+02   2.2329307e-04   9.9952838e-01   2.4832370e-04
   6.2900000e+02   1.2435799e-16   9.9975453e-01   2.4546946e-04
   8.3800000e+02   4.1616670e-04   1.6704389e-04   9.9941679e-01
   7.6600000e+02   9.9990495e-01   0.0000000e+00   9.5045883e-05
   6.7800000e+02   5.3641453e-05   9.9991360e-01   3.2756690e-05
   6.5700000e+02   5.5185891e-17   9.9970084e-01   2.9916261e-04
   5.9300000e+02   9.9986826e-01   2.8825639e-05   1.0291588e-04
   6.4100000e+02   0.0000000e+00   2.3504993e-04   9.9976495e-01
   6.5800000e+02   2.0575204e-05   7.4655683e-05   9.9990477e-01
   7.4500000e+02   3.3081018e-04   1.2948693e-04   9.9953970e-01
   5.0000000e+02   9.9984482e-01   1.5518056e-04   0.0000000e+00
   4.6000000e+01   9.9994376e-01   4.8602064e-05   7.6398294e-06
   8.5900000e+02   9.9512078e-06   4.2820240e-04   9.9956185e-01
   5.0000000e+02   3.4927159e-05   2.9091989e-04   9.9967415e-01
   6.2600000e+02   9.9953717e-01   9.9338812e-05   3.6349357e-04
   8.3400000e+02   3.8420304e-04   9.9961580e-01   0.0000000e+00
   6.2200000e+02   1.1102230e-16   2.6461674e-04   9.9973538e-01
   6.1000000e+02   5.6378513e-17   9.9934272e-01   6.5728251e-04
   1.4000000e+01   8.1004874e-05   9.9991900e-01   0.0000000e+00
   1.8000000e+01   9.4856657e-05   4.4424023e-05   9.9986072e-01
   3.6000000e+01   3.8559998e-05   9.9989263e-01   6.8809780e-05
   6.7200000e+02   1.7602753e-04   2.8017239e-05   9.9979596e-01
   6.6800000e+02   1.2088854e-17   9.9968367e-01   3.1632932e-04
   7.4000000e+02   6.3733441e-05   9.9983008e-01   1.0618271e-04
   7.3900000e+02   1.1312970e-04   3.9066593e-05   9.9984780e-01
   8.3300000e+02   2.1467384e-04   0.0000000e+00   9.9978533e-01
   6.1600000e+02   9.9983441e-01   0.0000000e+00   1.6558576e-04
   7.4200000e+02   2.7757046e-04   9.9969121e-01   3.1224322e-05
   6.5500000e+02   0.0000000e+00   8.6857557e-04   9.9913142e-01
   7.4200000e+02  -1.1102230e-16   1.8841565e-03   9.9811584e-01
   6.6100000e+02   9.9916679e-01   3.1948951e-04   5.1371798e-04
   8.3100000e+02   9.9906162e-01   0.0000000e+00   9.3838326e-04
   6.1400000e+02   4.3352800e-05   9.9935027e-01   6.0638095e-04
   6.4900000e+02   7.5418066e-02   8.4148434e-01   8.3097598e-02
   6.3700000e+02   1.2177993e-01   1.2062824e-01   7.5759183e-01
   6.3900000e+02   1.1959910e-01   1.8393895e-01   6.9646195e-01
   6.4200000e+02   2.0163931e-01   4.0866287e-02   7.5749440e-01
   1.0130000e+03   7.8807441e-01   1.8197399e-01   2.9951595e-02
   5.0100000e+02   1.1790380e-01   5.6189672e-01   3.2019949e-01
   6.3600000e+02   2.0486845e-02   9.1818722e-01   6.1325930e-02
   5.2400000e+02   4.2644297e-04   5.1521977e-04   9.9905834e-01
   8.3000000e+02   4.5741065e-04   6.6008654e-04   9.9888250e-01
   7.4600000e+02   7.7243029e-04   9.9900945e-01   2.1811746e-04
   6.3300000e+02   9.9968823e-01   3.1176881e-04   0.0000000e+00
   6.0800000e+02   3.4995245e-04   2.4871451e-04   9.9940133e-01
   6.5100000e+02   9.9891654e-01   1.0834560e-03   0.0000000e+00
   7.1800000e+02   9.9974130e-01   2.5870462e-04   0.0000000e+00
   7.2300000e+02   0.0000000e+00   5.6775961e-04   9.9943224e-01
   8.8200000e+02   0.0000000e+00   3.8026874e-04   9.9961973e-01
   7.2700000e+02   3.0169583e-04   1.4023577e-04   9.9955807e-01
   5.9000000e+02   9.9982315e-01   4.9092936e-05   1.2775491e-04
   7.3700000e+02   6.1809853e-01   3.1876916e-01   6.3132312e-02
   7.9800000e+02   9.9972720e-01   1.3579325e-04   1.3700764e-04
   7.7300000e+02   1.3890347e-04   3.7120722e-04   9.9948989e-01
   7.6700000e+02   1.8966762e-17   9.9996909e-01   3.0911744e-05
   8.1900000e+02   1.9801522e-04   9.9976439e-01   3.7590962e-05
   8.6100000e+02   8.6599678e-05   1.8953472e-04   9.9972387e-01
   8.6000000e+02   9.8584563e-05   4.1743075e-04   9.9948398e-01
   7.6100000e+02   5.7569809e-05   5.9923222e-05   9.9988251e-01
   7.6200000e+02   8.2728230e-05   0.0000000e+00   9.9991727e-01
   7.5800000e+02   2.4364728e-05   2.6598385e-04   9.9970965e-01
   7.6500000e+02   2.5492304e-17   9.9996034e-01   3.9655493e-05
   8.0900000e+02   9.9986690e-01   1.3309852e-04   0.0000000e+00
   7.9000000e+02   2.5866721e-04   3.3003968e-04   9.9941129e-01
   8.1500000e+02   1.8978196e-04   9.9953471e-01   2.7550339e-04
   7.9900000e+02   2.1836257e-04   9.9920637e-01   5.7526569e-04
   8.0700000e+02   6.6659230e-05   9.9990055e-01   3.2795426e-05
   7.6400000e+02   7.4111787e-05   1.5712779e-05   9.9991018e-01
   7.5100000e+02   9.9971724e-01   1.7885357e-04   1.0390354e-04
   7.5300000e+02   2.8518393e-04   0.0000000e+00   9.9971482e-01
   7.9800000e+02  -3.2526065e-19   9.9972887e-01   2.7113269e-04
   8.2200000e+02   2.0472156e-04   9.9979528e-01   0.0000000e+00
   8.0500000e+02   1.3087366e-04   2.0368937e-04   9.9966544e-01
   8.2600000e+02   7.4864160e-17   9.9978994e-01   2.1006411e-04
   1.8750000e+03   9.9937846e-01   3.1220963e-04   3.0932976e-04
   5.0300000e+02   9.9996354e-01   5.2746314e-15   3.6455701e-05
   7.7100000e+02   9.4449881e-05   1.9430591e-04   9.9971124e-01
   7.7400000e+02   4.5511720e-04   9.9947100e-01   7.3878294e-05
   7.8000000e+02   9.9991937e-01   5.3914317e-05   2.6720446e-05
   7.8100000e+02   2.2428807e-04   5.5722901e-05   9.9971999e-01
   8.1700000e+02   3.6961512e-04   1.7005316e-04   9.9946033e-01
   8.0400000e+02   3.0399279e-04   2.3074021e-04   9.9946527e-01
   8.0900000e+02   2.0775065e-04   1.1790036e-04   9.9967435e-01
   7.6900000e+02   1.4396323e-04   2.2692673e-04   9.9962911e-01
   5.0400000e+02   6.2344119e-04   9.1007712e-05   9.9928555e-01
   7.8500000e+02   1.5397040e-04   4.6397492e-04   9.9938205e-01
   7.9400000e+02   9.9961428e-01   1.5909926e-04   2.2662453e-04
   8.0100000e+02   1.7173362e-04   9.9951071e-01   3.1755669e-04
   8.1100000e+02   1.1929845e-04   9.9976127e-01   1.1943525e-04
   8.2300000e+02   7.8492138e-05   9.9949882e-01   4.2268578e-04
   8.2600000e+02   9.9973871e-01   1.0729287e-04   1.5399811e-04
   7.7600000e+02   9.9992992e-01   5.1017749e-06   6.4974955e-05
   7.6500000e+02   9.9995361e-01   2.8873796e-05   1.7513781e-05
   6.5900000e+02   1.2374167e-05   9.9987775e-01   1.0987598e-04
   5.0300000e+02   7.2712951e-06   9.9995880e-01   3.3933602e-05
   4.7000000e+01   4.1823471e-05   3.2309575e-05   9.9992587e-01
   6.6800000e+02   9.9980020e-01   1.7309539e-06   1.9807284e-04
   6.6500000e+02   1.8099022e-07   2.0700918e-04   9.9979281e-01
   6.9700000e+02   5.9997760e-05   3.8558763e-04   9.9955441e-01
   8.8500000e+02   3.6033671e-04   0.0000000e+00   9.9963966e-01
   6.8100000e+02   7.8481494e-05   8.1787309e-04   9.9910365e-01
   6.8300000e+02   9.9929464e-01   1.2677170e-05   6.9268153e-04
   8.4800000e+02   9.9899662e-01   9.6248247e-04   4.0894818e-05
   6.8600000e+02   9.9931533e-01   4.6335314e-04   2.2132104e-04
   6.5300000e+02   1.1733161e-05   9.9937095e-01   6.1731914e-04
   6.5500000e+02   9.9931014e-01   6.0825027e-04   8.1613349e-05
   6.5600000e+02   9.9979973e-01   8.8639993e-06   1.9140132e-04
   7.0900000e+02   1.0443616e-04   4.1115879e-04   9.9948441e-01
   1.1160000e+03   9.9875302e-01   0.0000000e+00   1.2469818e-03
   1.0810000e+03   9.9978850e-01   0.0000000e+00   2.1149562e-04
   8.8100000e+02   8.4441470e-08   9.9973397e-01   2.6594359e-04
   1.2270000e+03   9.9971081e-01   0.0000000e+00   2.8918547e-04
   7.0700000e+02   3.9974042e-04   5.1654521e-04   9.9908371e-01
   2.3910000e+03   9.9800082e-01   0.0000000e+00   1.9991784e-03
   2.4180000e+03   0.0000000e+00   1.0625831e-03   9.9893742e-01
   1.7240000e+03   5.8796840e-04   5.7083152e-04   9.9884120e-01
   1.6670000e+03   1.1734652e-03   9.9834537e-01   4.8116185e-04
   2.3800000e+03   0.0000000e+00   1.2253227e-03   9.9877468e-01
   2.3840000e+03   1.1102230e-16   9.9956660e-04   9.9900043e-01
   2.3740000e+03   0.0000000e+00   1.3502518e-03   9.9864975e-01
   1.7190000e+03   1.1816930e-03   1.2698871e-03   9.9754842e-01
   1.7970000e+03   5.1778324e-02   1.6276448e-02   9.3194523e-01
   1.6400000e+03   2.3769685e-03   0.0000000e+00   9.9762303e-01
   1.7030000e+03   3.4799600e-01   4.1510595e-01   2.3689805e-01
   2.3780000e+03   9.9945143e-01   0.0000000e+00   5.4857017e-04
   1.3480000e+03   4.1762179e-02   8.4737638e-01   1.1086144e-01
   2.0730000e+03   5.5889375e-04   6.7900942e-04   9.9876210e-01
   2.2810000e+03   1.1020725e-03   9.9783725e-01   1.0606824e-03
   1.9890000e+03   9.9952335e-01   0.0000000e+00   4.7664608e-04
   2.2770000e+03   5.2605864e-04   9.9919078e-01   2.8315982e-04
   2.0040000e+03   9.9926142e-01   6.8032044e-04   5.8260991e-05
   2.1210000e+03   9.9859298e-01   6.5168801e-04   7.5533444e-04
   2.0070000e+03   9.9837500e-01   1.6250044e-03   0.0000000e+00
   2.1250000e+03   9.9890225e-01   0.0000000e+00   1.0977540e-03
   2.1070000e+03   3.2545530e-04   9.9791103e-01   1.7635126e-03
   1.7950000e+03   3.7917279e-04   9.9902005e-01   6.0077425e-04
   2.4560000e+03   8.7516286e-01   1.0964573e-01   1.5191407e-02
   9.5900000e+02   1.9566426e-05   9.9952824e-01   4.5219843e-04
   9.5800000e+02   9.9925689e-01   3.0747482e-04   4.3563046e-04
   2.2910000e+03   9.9964892e-01   2.8212217e-04   6.8953082e-05
   2.2940000e+03   1.1846777e-04   9.9964415e-01   2.3737764e-04
   2.2980000e+03   0.0000000e+00   3.9378225e-04   9.9960622e-01
   2.2970000e+03   9.9957056e-01   3.3943649e-04   8.9998905e-05
   2.2950000e+03   9.9961030e-01   3.4497851e-04   4.4725403e-05
   2.1890000e+03   2.0991185e-02   9.4099356e-01   3.8015251e-02
   1.3070000e+03   0.0000000e+00   8.9522226e-04   9.9910478e-01
   2.6430000e+03   9.9969495e-01   2.3828208e-05   2.8122224e-04
   1.2910000e+03   0.0000000e+00   1.0000000e+00  -0.0000000e+00
   2.2890000e+03   9.9338119e-01   1.6129591e-03   5.0058548e-03
   2.2880000e+03   3.7246538e-04   1.4077685e-03   9.9821977e-01
   2.2580000e+03  -3.3827108e-17   9.9841951e-01   1.5804875e-03
   2.2850000e+03   3.1083745e-04   9.2766116e-04   9.9876150e-01
   2.1370000e+03   6.5727543e-05   9.9982344e-01   1.1082942e-04
   2.1370000e+03   0.0000000e+00   0.0000000e+00   1.0000000e+00
   2.1220000e+03   3.4245658e-04   9.9822222e-01   1.4353276e-03
   2.0720000e+03   8.6731141e-04   9.9820881e-01   9.2388159e-04
   2.4420000e+03   2.1622824e-04   9.9963442e-01   1.4934790e-04
   2.6440000e+03   3.8420922e-04   1.6530687e-04   9.9945048e-01
   2.2780000e+03   3.2045764e-15   9.9920424e-01   7.9575577e-04
   2.1320000e+03   2.7512448e-04   1.0473101e-03   9.9867757e-01
   2.0340000e+03   1.3106067e-04   9.9901426e-01   8.5467555e-04
   2.0600000e+03   5.7777759e-03   9.7939590e-01   1.4826319e-02
   2.0590000e+03   3.8203047e-04   9.9926005e-01   3.5791625e-04
   2.0540000e+03   6.6348982e-04   9.9891828e-01   4.1822597e-04
   2.0580000e+03   4.5366938e-04   9.9892164e-01   6.2468821e-04
   2.0370000e+03   1.1851583e-03   1.4537693e-04   9.9866946e-01
   2.0360000e+03   1.8878180e-04   1.2793251e-03   9.9853189e-01
   2.2060000e+03   0.0000000e+00   1.0000000e+00   0.0000000e+00
   2.0310000e+03   3.6952717e-04   9.9940824e-01   2.2222888e-04
   2.1980000e+03   0.0000000e+00   0.0000000e+00   1.0000000e+00
   2.2730000e+03   9.8447270e-04   9.9779309e-01   1.2224330e-03
   2.2520000e+03   4.1586746e-04   9.9786572e-01   1.7184105e-03
   2.2670000e+03   1.1149104e-03   9.9801870e-01   8.6638583e-04
   2.2700000e+03   1.4503199e-03   9.9775169e-01   7.9799076e-04
   2.2480000e+03   9.0409825e-04   9.9819872e-01   8.9718201e-04
   2.2510000e+03   9.9874281e-01   5.7202047e-04   6.8517262e-04
   2.2630000e+03   9.6201488e-04   9.9779237e-01   1.2456144e-03
   2.2460000e+03   8.2724373e-04   9.9793442e-01   1.2383353e-03
   2.2590000e+03   9.8948337e-04   9.9749111e-01   1.5194093e-03
   2.2440000e+03   7.5204384e-04   9.9778028e-01   1.4676742e-03
   2.6490000e+03   9.9821083e-01   0.0000000e+00   1.7891698e-03
   1.2900000e+03   9.3737623e-01   4.0591027e-02   2.2032743e-02
   2.0820000e+03   0.0000000e+00   1.0000000e+00   0.0000000e+00
   2.1940000e+03  -1.1102230e-16   9.0430417e-04   9.9909570e-01
   2.2110000e+03   5.6951850e-04   9.9935385e-01   7.6634617e-05
   2.1670000e+03   5.6679221e-04   9.9894757e-01   4.8563435e-04
   2.1110000e+03   9.9821228e-01   4.6574326e-04   1.3219754e-03
   2.1180000e+03   1.9569855e-04   9.9837961e-01   1.4246910e-03
   2.1810000e+03   9.9933557e-01   3.7382474e-04   2.9060671e-04
   2.4320000e+03   9.9904709e-01   4.0461270e-04   5.4829713e-04
   2.4280000e+03   9.9924452e-01   4.6609276e-04   2.8938527e-04
   2.1790000e+03   9.9936956e-01   5.1288003e-04   1.1755672e-04
   2.1770000e+03   9.9936458e-01   4.9487479e-04   1.4054493e-04
   2.4280000e+03   1.1102230e-16   1.1108841e-03   9.9888912e-01
   2.2330000e+03   9.9916562e-01   5.0457519e-04   3.2980395e-04
   2.4070000e+03   1.6866546e-04   9.9907118e-01   7.6015065e-04
   2.4050000e+03   7.0759953e-04   9.9925138e-01   4.1018895e-05
   2.2320000e+03   9.9892575e-01   7.9203179e-04   2.8221631e-04
   2.2310000e+03   9.9904985e-01   5.5208247e-04   3.9806426e-04
   2.3590000e+03   1.4278990e-03   9.9752700e-01   1.0450966e-03
   2.2300000e+03   9.9945168e-01   5.4832343e-04   0.0000000e+00
   2.4040000e+03   7.8864438e-04   5.5703549e-05   9.9915565e-01
   2.3940000e+03   9.9898883e-01   1.0111660e-03   0.0000000e+00
   2.2240000e+03   9.9897290e-01   6.8006737e-04   3.4702797e-04
   9.1100000e+02   9.9958650e-01   2.8213088e-04   1.3137044e-04
   1.3040000e+03   2.7956396e-05   4.7336540e-04   9.9949868e-01
   2.3340000e+03   9.9919995e-01   7.1617198e-04   8.3879486e-05
   2.2200000e+03   9.9931347e-01   4.2425439e-04   2.6227608e-04
   2.3630000e+03   9.9906009e-01   7.3900889e-04   2.0089740e-04
   2.2190000e+03   1.1123313e-03   2.2605442e-04   9.9866161e-01
   2.2160000e+03   9.9894568e-01   8.5932017e-04   1.9499629e-04
   8.9300000e+02   9.9964816e-01   9.6405949e-05   2.5543785e-04
   2.3990000e+03   9.9947470e-01   5.8807071e-06   5.1942191e-04
   2.0510000e+03   9.2949793e-05   9.9914722e-01   7.5982994e-04
   1.3010000e+03   9.9930563e-01   5.7490153e-04   1.1947322e-04
   2.0490000e+03   9.9916560e-01   6.5834349e-04   1.7605564e-04
   2.2180000e+03   7.3751191e-06   1.1238423e-03   9.9886878e-01
   2.0470000e+03   9.9891001e-01   9.2123944e-04   1.6874980e-04
   2.0260000e+03   9.9959227e-01   9.2729276e-05   3.1500180e-04
   2.0450000e+03   9.9946753e-01   1.5439058e-04   3.7807961e-04
   2.4100000e+03   4.5271768e-05   2.8330597e-04   9.9967142e-01
