   7.7000000e+01   7.7331243e-01   1.0159093e-01   1.2509664e-01
   3.1000000e+01   8.9749137e-01   7.3558412e-02   2.8950220e-02
   3.5000000e+01   4.6972727e-01   2.2645981e-01   3.0381292e-01
   2.7000000e+01   3.4163883e-01   6.1253307e-01   4.5828102e-02
   3.6000000e+01   1.5530128e-02   7.7316474e-01   2.1130513e-01
   2.8000000e+01   1.2786149e-03   8.6521222e-01   1.3350917e-01
   2.6500000e+02   1.1281932e-02   7.5762777e-02   9.1295529e-01
   4.0000000e+01   9.6264101e-01   3.4811327e-02   2.5476617e-03
   3.9000000e+01   8.5144214e-01   1.0904266e-02   1.3765360e-01
   2.2000000e+01   1.0799994e-02   7.4548044e-02   9.1465196e-01
   8.6000000e+01   4.6710982e-01   3.2314535e-01   2.0974484e-01
   7.2000000e+01   7.5456385e-01   5.2221964e-02   1.9321419e-01
   6.3000000e+01   1.0938507e-01   6.2694070e-01   2.6367423e-01
   9.4000000e+01   2.2700329e-02   6.3377692e-01   3.4352275e-01
   6.8000000e+01   8.2618286e-03   2.0465547e-01   7.8708270e-01
   2.0000000e+01   9.9939767e-01   4.0130480e-04   2.0102883e-04
   6.0000000e+01   4.0522917e-01   5.5695823e-01   3.7812599e-02
   5.4000000e+01   8.8999435e-01   1.0833669e-01   1.6689529e-03
   5.3000000e+01   4.7880624e-01   2.8430516e-02   4.9276324e-01
   4.8000000e+01   3.1519950e-01   9.4015879e-02   5.9078463e-01
   3.6100000e+02   6.7718300e-01   1.8863462e-01   1.3418237e-01
   7.7000000e+01   6.4622266e-02   9.1795136e-01   1.7426376e-02
   9.2000000e+01   2.7190945e-02   9.2584867e-01   4.6960383e-02
   9.0000000e+01   1.0177721e-01   6.0107189e-01   2.9715090e-01
   2.2400000e+02   1.7914416e-03   9.7701428e-01   2.1194282e-02
   1.8800000e+02   3.6795610e-02   1.4008544e-02   9.4919585e-01
   1.1200000e+02   9.3738144e-01   3.0714965e-02   3.1903599e-02
   2.0700000e+02   2.6955167e-02   8.7600482e-01   9.7040017e-02
   2.3200000e+02   8.4673972e-03   6.2456438e-02   9.2907616e-01
   1.8600000e+02   8.0327027e-03   9.6339295e-01   2.8574346e-02
   1.5300000e+02   7.6078194e-01   2.1040760e-01   2.8810459e-02
   1.7900000e+02   9.4690373e-01   2.7281754e-02   2.5814514e-02
   4.9500000e+02   1.2142977e-01   2.2429102e-01   6.5427921e-01
   1.0600000e+02   1.0820033e-01   8.8613923e-01   5.6604466e-03
   1.3400000e+02   6.2854966e-02   8.6947015e-01   6.7674888e-02
   9.7000000e+01   5.9533510e-01   5.0512312e-03   3.9961367e-01
   1.7800000e+02   4.3776574e-03   2.4568158e-03   9.9316553e-01
   1.7300000e+02   6.1028683e-01   8.0525184e-02   3.0918798e-01
   1.3800000e+02   2.9546304e-01   1.8882285e-01   5.1571411e-01
   1.7600000e+02   1.8135086e-01   3.2354001e-01   4.9510913e-01
   1.7000000e+02   4.6531092e-01   2.1234312e-01   3.2234596e-01
   1.1300000e+02   8.3341140e-03   6.9757724e-03   9.8469011e-01
   1.6800000e+02   9.8003404e-02   7.4531564e-01   1.5668095e-01
   1.6700000e+02   3.1651335e-02   9.1742983e-01   5.0918836e-02
   1.5200000e+02   7.1297722e-01   2.4614794e-01   4.0874843e-02
   1.5200000e+02   0.0000000e+00   4.8831662e-03   9.9511683e-01
   1.5800000e+02   9.5768558e-03   6.8193678e-01   3.0848636e-01
   1.3100000e+02   4.4225489e-04   9.9950369e-01   5.4058427e-05
   1.4900000e+02   6.7872514e-04   9.9923507e-01   8.6201531e-05
   1.4700000e+02   4.0006986e-04   9.9951793e-01   8.2004662e-05
   1.4600000e+02   3.1868407e-03   8.7553151e-01   1.2128165e-01
   1.0400000e+02   6.8939813e-01   3.0113714e-01   9.4647350e-03
   1.4400000e+02   1.5403135e-03   8.6246363e-01   1.3599605e-01
   1.3500000e+02   7.6411892e-01   1.2262532e-01   1.1325576e-01
   1.9800000e+02   8.6924949e-01   7.5493961e-02   5.5256551e-02
   5.0000000e+00   3.4640549e-01   2.8301866e-01   3.7057585e-01
   4.3200000e+02   5.6546896e-02   8.2002875e-01   1.2342435e-01
   1.9400000e+02   9.7900733e-02   6.8290747e-02   8.3380852e-01
   1.2300000e+02   3.6528167e-01   2.5392361e-01   3.8079472e-01
   1.2100000e+02   4.9491895e-01   2.2194559e-01   2.8313545e-01
   1.0500000e+02   8.2870838e-03   7.4770500e-01   2.4400792e-01
   1.0300000e+02   1.5168906e-02   6.5892111e-01   3.2590999e-01
   4.3500000e+02   3.9504396e-01   3.8045836e-01   2.2449768e-01
   1.8900000e+02   4.9193265e-02   5.1825633e-02   8.9898110e-01
   1.9100000e+02   3.6093070e-01   2.7316651e-01   3.6590279e-01
   2.2900000e+02   7.2326003e-02   7.5153880e-01   1.7613519e-01
   2.0100000e+02   1.7022377e-02   7.9446578e-01   1.8851184e-01
   1.3100000e+02   9.9608532e-01   2.8637601e-03   1.0509234e-03
   2.2500000e+02   3.7319137e-02   7.8525984e-01   1.7742102e-01
   2.4200000e+02   3.8149221e-02   7.9626999e-01   1.6558079e-01
   2.3500000e+02   2.4438736e-01   5.8169576e-01   1.7391688e-01
   2.2200000e+02   5.4992756e-02   4.4770852e-02   9.0023639e-01
   8.7000000e+01   3.3295948e-02   5.3986981e-01   4.2683425e-01
   1.3700000e+02   8.0365476e-02   8.7084557e-01   4.8788957e-02
   1.3700000e+02   5.8877201e-02   7.1288562e-02   8.6983424e-01
   1.3900000e+02   9.8384145e-01   1.0743030e-02   5.4155240e-03
   2.0400000e+02   5.4689291e-01   2.8322854e-01   1.6987855e-01
   2.1800000e+02   2.9652715e-01   3.6978382e-02   6.6649447e-01
   2.1700000e+02   4.1713216e-01   2.2380152e-01   3.5906633e-01
   1.2606000e+04   2.3219447e-02   5.7497938e-02   9.1928262e-01
   2.7900000e+02   4.2683655e-02   1.0704969e-01   8.5026666e-01
   2.1000000e+02   2.8849403e-01   7.7377983e-03   7.0376818e-01
   2.8000000e+02   3.5674194e-01   6.8918653e-02   5.7433941e-01
   2.5000000e+02   2.7628330e-02   4.2073266e-01   5.5163900e-01
   2.6100000e+02   1.6872352e-04   8.9161926e-04   9.9893966e-01
   3.1000000e+02   4.5979568e-01   3.5944403e-01   1.8076028e-01
   3.0900000e+02   2.1976793e-01   4.2953254e-02   7.3727882e-01
   1.2612000e+04   2.4355550e-03   7.4981811e-02   9.2258263e-01
   3.1200000e+02   2.3186247e-01   7.5527072e-01   1.2866812e-02
   2.4900000e+02   7.8726735e-01   1.3465433e-03   2.1138610e-01
   3.3200000e+02   3.5267534e-01   4.8925875e-01   1.5806591e-01
   3.0000000e+02   1.5922022e-02   9.1999789e-01   6.4080089e-02
   2.8200000e+02   2.4615735e-03   3.8804983e-02   9.5873344e-01
   2.7700000e+02   3.0249691e-02   3.9731704e-02   9.3001860e-01
   2.7800000e+02   3.6246154e-03   2.5019323e-02   9.7135606e-01
   2.8200000e+02   5.8581114e-02   4.9923518e-01   4.4218371e-01
   3.0100000e+02   7.4313426e-02   3.1089619e-02   8.9459696e-01
   3.0500000e+02   9.5833994e-02   1.6417756e-02   8.8774825e-01
   1.3300000e+02   1.1706020e-01   1.0123665e-02   8.7281614e-01
   1.3241000e+04   6.5505201e-03   3.1547553e-02   9.6190193e-01
   3.0400000e+02   1.1817213e-03   1.3143330e-04   9.9868685e-01
   3.0300000e+02   1.2429823e-03   2.2235087e-04   9.9853467e-01
   2.9400000e+02   4.8595090e-01   4.7799170e-01   3.6057397e-02
   2.9000000e+02   2.1289315e-01   7.8025441e-01   6.8524398e-03
   2.5800000e+02   5.8849372e-04   8.2516865e-04   9.9858634e-01
   2.5700000e+02   7.2835190e-02   4.1134680e-01   5.1581801e-01
   2.8400000e+02   3.9226308e-02   5.5450587e-01   4.0626782e-01
   3.2400000e+02   3.9301855e-01   1.2019420e-02   5.9496203e-01
   2.4800000e+02   1.2088365e-03   5.5247252e-01   4.4631864e-01
   3.2400000e+02   9.9925253e-01   5.1170270e-04   2.3577227e-04
   2.6600000e+02   2.7263499e-02   1.6326409e-01   8.0947241e-01
   3.2200000e+02   9.9903960e-01   4.9183530e-15   9.6039818e-04
   2.6000000e+02   9.9884001e-01   8.8580243e-04   2.7418837e-04
   3.9000000e+01   1.5962070e-01   1.1704277e-02   8.2867503e-01
   2.5400000e+02   9.9895287e-01   9.5980497e-04   8.7329746e-05
   3.8000000e+01   3.6359662e-02   2.0729353e-02   9.4291099e-01
   8.0000000e+00   9.9923771e-01   4.3099203e-04   3.3129610e-04
   2.4700000e+02   1.5387595e-05   9.9940975e-01   5.7486620e-04
   2.4600000e+02   1.0697709e-03   9.9851190e-01   4.1832623e-04
   2.3800000e+02   7.4488909e-01   1.8703932e-01   6.8071593e-02
   2.4200000e+02   6.7740208e-02   4.2068775e-01   5.1157205e-01
   2.2900000e+02   5.3681755e-02   3.6964938e-01   5.7666887e-01
   2.2900000e+02   8.1369993e-01   8.7074724e-02   9.9225341e-02
   2.2600000e+02   3.1793917e-01   2.6433616e-02   6.5562722e-01
   2.0600000e+02   1.7250854e-01   0.0000000e+00   8.2749146e-01
   2.0600000e+02   8.0365615e-01   1.2304422e-02   1.8403943e-01
   1.2426000e+04   6.0229068e-01   9.3651954e-02   3.0405736e-01
   2.3700000e+02   7.9944745e-02   9.1747258e-01   2.5826767e-03
   1.0600000e+02   9.6287557e-01   2.8874381e-02   8.2500515e-03
   1.8500000e+02   4.9384942e-01   3.7859704e-01   1.2755354e-01
   1.0700000e+02   9.3104605e-01   3.5375103e-02   3.3578851e-02
   3.1500000e+02   1.0486913e-01   8.9100775e-02   8.0603009e-01
   1.2203000e+04   2.9414536e-01   2.1981409e-01   4.8604054e-01
   3.2300000e+02   9.9211763e-01   1.0552600e-03   6.8271068e-03
   1.2464000e+04   2.9160952e-01   4.3820097e-01   2.7018951e-01
   3.2700000e+02   1.4492124e-01   5.8690914e-02   7.9638784e-01
   2.1500000e+02   4.7175962e-04   9.9952824e-01   0.0000000e+00
   3.1900000e+02   2.0851069e-01   4.8844415e-01   3.0304515e-01
   2.9000000e+02   9.6969612e-01   9.4081935e-03   2.0895690e-02
   2.9800000e+02   3.2646593e-01   3.0288974e-01   3.7064433e-01
   6.9000000e+01   4.6904797e-01   2.5253398e-02   5.0569863e-01
   4.3500000e+02   6.1100307e-01   5.4192557e-02   3.3480438e-01
   7.8000000e+01   5.2199816e-01   3.9032945e-01   8.7672386e-02
   2.6900000e+02   1.9181967e-01   8.0329383e-01   4.8865056e-03
   1.9700000e+02   1.2124711e-01   8.3369264e-02   7.9538362e-01
   2.7700000e+02   9.9934119e-01   4.4322828e-04   2.1557907e-04
   1.2800000e+02   6.2555382e-04   9.9907600e-01   2.9844869e-04
   3.4600000e+02   8.1250319e-02   7.4255123e-01   1.7619845e-01
   3.4800000e+02   5.1421139e-01   4.4305832e-01   4.2730288e-02
   3.4000000e+02   4.7144481e-02   6.1192970e-01   3.4092581e-01
   3.4900000e+02   6.6650937e-01   2.8793349e-01   4.5557140e-02
   3.5700000e+02   6.5589082e-04   9.9895570e-01   3.8840985e-04
   3.3900000e+02   3.3987684e-01   8.1450986e-03   6.5197806e-01
   1.2960000e+03   1.3093935e-02   9.1222911e-02   8.9568315e-01
   6.3300000e+02   9.7569020e-01   1.2788755e-02   1.1521050e-02
   3.5200000e+02   3.6189279e-03   7.8778072e-01   2.0860035e-01
   3.3500000e+02   4.9746956e-01   4.8601289e-01   1.6517550e-02
   1.2990000e+03   6.9381327e-02   1.1392587e-02   9.1922609e-01
   3.6600000e+02   9.5737783e-01   9.3762939e-03   3.3245876e-02
   3.8500000e+02   5.3482325e-01   3.9352693e-01   7.1649824e-02
   3.7700000e+02   7.4613307e-01   1.8913185e-02   2.3495374e-01
   3.7800000e+02   6.1280663e-02   8.4679045e-01   9.1928887e-02
   4.0900000e+02   6.4695780e-01   5.9645510e-03   3.4707765e-01
   3.7200000e+02   2.8956360e-01   7.0577607e-01   4.6603341e-03
   3.8100000e+02   4.0956403e-01   9.8428790e-02   4.9200718e-01
   1.2000000e+01   4.0493268e-01   4.9429415e-01   1.0077317e-01
   3.6800000e+02   2.2151903e-02   1.5810233e-01   8.1974577e-01
   3.6700000e+02   2.8324286e-02   4.7926964e-01   4.9240607e-01
   5.1400000e+02   6.1270552e-02   9.1038694e-01   2.8342509e-02
   3.9600000e+02   1.3499902e-01   4.4192505e-01   4.2307593e-01
   3.8700000e+02   7.0027594e-01   7.5683187e-02   2.2404087e-01
   3.5900000e+02   2.6589306e-01   5.8396131e-01   1.5014563e-01
   4.0500000e+02   6.6411594e-01   1.3143575e-01   2.0444831e-01
   1.2010000e+03   1.5250740e-01   8.3564275e-01   1.1849842e-02
   3.7700000e+02   1.4798794e-02   1.2212458e-01   8.6307663e-01
   4.2200000e+02   7.0485200e-01   2.4772417e-01   4.7423831e-02
   4.9900000e+02   6.3730850e-02   8.7619216e-03   9.2750723e-01
   4.9800000e+02   1.0777091e-01   5.1202413e-02   8.4102668e-01
   5.1700000e+02   9.7044328e-01   2.9004884e-02   5.5184065e-04
   4.2800000e+02   9.3715343e-01   3.5864200e-02   2.6982367e-02
   1.4000000e+01   1.1125790e-02   9.5442298e-01   3.4451234e-02
   4.2200000e+02   6.7482900e-03   9.4897290e-01   4.4278806e-02
   4.3800000e+02   1.2550923e-03   6.7907572e-01   3.1966919e-01
   4.1900000e+02   1.1368994e-02   5.8792538e-01   4.0070563e-01
   4.7600000e+02   9.1929641e-01   5.5678751e-03   7.5135714e-02
   1.8400000e+02   1.9238711e-01   4.0354120e-01   4.0407169e-01
   1.0900000e+02   1.3117179e-01   8.6301939e-01   5.8088125e-03
   4.9300000e+02   1.3241165e-01   8.2949087e-01   3.8097482e-02
   1.3000000e+01   8.9616917e-01   8.6952865e-02   1.6877962e-02
   1.8300000e+02   7.2970652e-01   2.6898524e-01   1.3082484e-03
   4.1500000e+02   8.5966563e-01   1.2794164e-01   1.2392733e-02
   4.4200000e+02   2.0971304e-02   8.2390100e-02   8.9663860e-01
   4.5400000e+02   3.6584293e-02   1.8177106e-02   9.4523860e-01
   4.8500000e+02   9.9388848e-01   6.0933995e-03   1.8116210e-05
   4.8500000e+02   4.5086156e-02   6.3454330e-01   3.2037055e-01
   4.5200000e+02   7.8737026e-02   7.0164673e-02   8.5109830e-01
   4.8700000e+02   1.2903117e-01   4.7099574e-01   3.9997309e-01
   4.8200000e+02   2.2214300e-01   4.5958149e-01   3.1827552e-01
   4.8300000e+02   1.4221579e-03   1.0719741e-03   9.9750587e-01
   4.8300000e+02   1.1936207e-01   5.4768523e-01   3.3295270e-01
   4.8000000e+02   4.5168903e-02   9.3397720e-01   2.0853895e-02
   4.1300000e+02   8.1909346e-01   1.1096297e-01   6.9943567e-02
   4.7800000e+02   2.2799481e-02   8.8614517e-01   9.1055349e-02
   4.3200000e+02   8.8639901e-01   1.8105942e-02   9.5495049e-02
   4.7100000e+02   3.0578685e-03   3.8685982e-01   6.1008231e-01
   4.6000000e+02   1.2865271e-02   6.4669079e-03   9.8066782e-01
   4.6700000e+02   3.5527137e-15   6.2889054e-01   3.7110946e-01
   4.6200000e+02   6.5618479e-06   0.0000000e+00   9.9999344e-01
   4.1700000e+02   5.2337560e-02   2.6113531e-01   6.8652713e-01
   4.5800000e+02   5.7246554e-05   0.0000000e+00   9.9994275e-01
   4.5700000e+02   5.0348510e-05   9.9993110e-01   1.8551657e-05
   4.2500000e+02   7.5556434e-03   9.9815623e-02   8.9262873e-01
   4.6000000e+02   1.3877788e-16   8.4060681e-01   1.5939319e-01
   4.2300000e+02   1.0307040e-03   1.3228393e-01   8.6668536e-01
   4.5500000e+02   9.3576492e-01   2.2823798e-02   4.1411283e-02
   4.1200000e+02   1.6226303e-01   6.1269262e-01   2.2504435e-01
   5.0500000e+02   7.9401219e-03   8.4157996e-01   1.5047992e-01
   5.0600000e+02   5.0287122e-01   2.5595323e-01   2.4117555e-01
   5.0200000e+02   1.4621400e-01   7.1244938e-01   1.4133662e-01
   4.3400000e+02   5.7008889e-02   8.9838899e-01   4.4602123e-02
   1.6085000e+04   9.5038362e-01   4.2291695e-02   7.3246807e-03
   1.2700000e+02   7.4482479e-01   1.0248169e-02   2.4492704e-01
   1.0100000e+02   6.2584230e-02   8.3272503e-01   1.0469074e-01
   6.4100000e+02   4.5035964e-02   9.5451080e-01   4.5323613e-04
   5.1000000e+02   3.7963390e-01   2.2130675e-01   3.9905935e-01
   5.3900000e+02   7.5432975e-01   7.0863961e-02   1.7480628e-01
   5.1100000e+02   7.9401482e-01   1.7030047e-02   1.8895514e-01
   5.2200000e+02   1.4931010e-02   9.7976998e-01   5.2990081e-03
   5.3500000e+02   8.1622923e-01   5.0566579e-02   1.3320419e-01
   5.5200000e+02   8.7427219e-01   6.7955336e-02   5.7772479e-02
   5.4500000e+02   3.0532117e-01   1.2783082e-01   5.6684800e-01
   5.4000000e+02   2.8815668e-03   6.6820761e-01   3.2891082e-01
   4.5100000e+02   8.3366057e-01   9.4072479e-02   7.2266952e-02
   4.8900000e+02   9.8771946e-01   1.0182529e-02   2.0980074e-03
   5.2700000e+02   1.6431535e-01   1.5009087e-01   6.8559377e-01
   1.6491000e+04   2.7024123e-03   2.7206082e-02   9.7009151e-01
   5.2000000e+02   2.1944256e-02   2.9122082e-01   6.8683492e-01
   6.3600000e+02   3.7171895e-03   4.4181370e-01   5.5446911e-01
   5.6000000e+02   3.3465747e-01   6.1384574e-01   5.1496792e-02
   5.9700000e+02   8.7316207e-05   9.9967818e-01   2.3450579e-04
   6.1900000e+02   6.6327059e-01   2.2032584e-02   3.1469683e-01
   6.2200000e+02   6.3581755e-04   3.6242777e-03   9.9573990e-01
   5.8900000e+02   8.4259312e-01   1.5288250e-01   4.5243794e-03
   5.6100000e+02   4.2323856e-02   3.1286263e-02   9.2638988e-01
   6.4300000e+02   5.1395134e-02   8.2738518e-01   1.2121969e-01
   6.1800000e+02   2.3526494e-04   9.9937675e-01   3.8798394e-04
   5.9200000e+02   9.5901702e-01   3.7693056e-02   3.2899223e-03
   5.8700000e+02   6.5509024e-01   3.0411216e-01   4.0797596e-02
   5.8800000e+02   2.4183869e-02   3.1273666e-03   9.7268876e-01
   5.9200000e+02   4.4221660e-01   4.9836745e-01   5.9415957e-02
   6.1600000e+02   3.3431144e-01   6.2098705e-01   4.4701509e-02
   6.1100000e+02   1.0449345e-02   2.1047817e-01   7.7907249e-01
   6.1500000e+02   1.2003898e-02   1.9190201e-01   7.9609409e-01
   6.0600000e+02   9.0577896e-01   5.9480273e-03   8.8273011e-02
   6.0300000e+02   6.8939029e-02   8.9660984e-01   3.4451133e-02
   6.1300000e+02   5.3065992e-04   3.7430295e-04   9.9909504e-01
   6.0400000e+02   1.0146676e-01   1.1443746e-01   7.8409578e-01
   6.0800000e+02   2.7211352e-02   1.3240533e-02   9.5954812e-01
   6.4000000e+02   7.3457751e-02   5.6977303e-02   8.6956495e-01
   1.9000000e+01   2.6184454e-06   9.9969348e-01   3.0390201e-04
   5.6700000e+02   5.1604898e-01   4.1014254e-01   7.3808484e-02
   5.9400000e+02   4.0550877e-01   5.5444259e-01   4.0048635e-02
   5.8300000e+02   1.6304461e-02   3.7850186e-01   6.0519368e-01
   5.5800000e+02   4.4674730e-01   5.5152329e-01   1.7294064e-03
   5.8000000e+02   2.2452862e-02   3.9971601e-02   9.3757554e-01
   5.7400000e+02   1.3019297e-04   9.9962431e-01   2.4549834e-04
   5.7100000e+02   9.5115117e-05   9.9968433e-01   2.2054993e-04
   5.6800000e+02   1.4721962e-02   7.7462688e-01   2.1065116e-01
   5.6700000e+02   1.8834256e-04   9.9978475e-01   2.6904473e-05
   5.6300000e+02   4.8936891e-02   2.1779751e-02   9.2928336e-01
   5.2600000e+02   0.0000000e+00   1.0000000e+00  -0.0000000e+00
   5.2300000e+02   0.0000000e+00   1.0000000e+00  -0.0000000e+00
   5.5100000e+02   6.4562731e-01   1.7840827e-02   3.3653186e-01
   5.5200000e+02   4.1912872e-01   7.3149596e-02   5.0772168e-01
   5.3900000e+02   2.3763888e-02   2.2691819e-02   9.5354429e-01
   5.3900000e+02   1.4604142e-02   9.6158636e-01   2.3809498e-02
   1.6311000e+04   1.1965157e-02   5.8017379e-02   9.3001746e-01
   1.6312000e+04   0.0000000e+00   3.1033112e-01   6.8966888e-01
   5.1600000e+02   0.0000000e+00   2.4033917e-01   7.5966083e-01
   1.6307000e+04   1.2821357e-01   8.5671212e-01   1.5074303e-02
   5.4700000e+02   8.4215010e-02   1.4008190e-01   7.7570309e-01
   1.7122000e+04   3.9613511e-01   1.0574199e-02   5.9329069e-01
   1.0700000e+02   1.7368912e-02   9.8263109e-01   0.0000000e+00
   6.2900000e+02   4.8757088e-01   4.1768907e-01   9.4740048e-02
   3.5500000e+02   3.4868162e-03   9.1254408e-01   8.3969103e-02
   1.6344000e+04   1.7876980e-02   3.0780114e-01   6.7432188e-01
   1.6344000e+04   1.4831786e-01   8.0615618e-01   4.5525957e-02
   5.4400000e+02   1.5960825e-07   7.3865015e-06   9.9999245e-01
   4.7600000e+02   2.6464333e-02   9.4154787e-01   3.1987800e-02
   4.8100000e+02   1.7632021e-01   9.7130942e-02   7.2654884e-01
   3.9400000e+02   9.0051148e-02   6.7548798e-01   2.3446087e-01
   3.7700000e+02   7.3790981e-03   9.8973222e-01   2.8886835e-03
   3.9100000e+02   1.0239708e-02   9.1794174e-01   7.1818550e-02
   5.8200000e+02   6.8264788e-03   4.5739179e-02   9.4743434e-01
   3.5300000e+02   6.9675175e-01   2.8713839e-01   1.6109853e-02
   5.6900000e+02   6.6928578e-02   9.2049700e-01   1.2574419e-02
   5.6500000e+02   4.2268850e-04   9.9943473e-01   1.4257927e-04
   5.8700000e+02   3.7543115e-04   9.9955699e-01   6.7580281e-05
   5.0500000e+02   1.2336544e-01   1.3317704e-01   7.4345752e-01
   4.3600000e+02   8.4543981e-01   7.5043273e-02   7.9516912e-02
   3.9300000e+02   3.8574387e-01   1.0796285e-03   6.1317650e-01
   7.4400000e+02   9.8599549e-01   1.2507393e-02   1.4971145e-03
   7.2300000e+02   5.6090795e-04   9.9920804e-01   2.3105475e-04
   1.6830000e+03   2.2193171e-02   1.5300502e-02   9.6250633e-01
   7.3300000e+02   1.0997347e-02   4.3849756e-02   9.4515290e-01
   7.2600000e+02   6.9634922e-02   1.9483266e-01   7.3553242e-01
   7.4000000e+02   4.1453625e-02   5.6424443e-02   9.0212193e-01
   9.0600000e+02   9.9993747e-01   7.6688592e-06   5.4860092e-05
   7.2500000e+02   1.3249714e-01   6.8856166e-01   1.7894119e-01
   6.4400000e+02   1.0000000e+00   0.0000000e+00  -0.0000000e+00
   7.3800000e+02   7.9207913e-02   5.8359764e-01   3.3719444e-01
   7.2800000e+02   1.0291183e-01   1.9866541e-02   8.7722162e-01
   7.4200000e+02   9.2406611e-01   7.5259069e-02   6.7482456e-04
   7.3200000e+02   1.9266368e-01   7.6684759e-01   4.0488723e-02
   7.2400000e+02   7.2865759e-02   6.2819413e-01   2.9894011e-01
   6.6600000e+02   2.0209283e-02   2.5690092e-01   7.2288979e-01
   7.1300000e+02   6.6421953e-01   3.7466349e-02   2.9831412e-01
   7.1800000e+02   3.2356453e-04   9.9912127e-01   5.5516608e-04
   7.1300000e+02   2.9752031e-04   9.9894767e-01   7.5480842e-04
   7.1500000e+02   2.1431960e-04   9.9902657e-01   7.5910828e-04
   6.9900000e+02   2.8973528e-04   9.9934982e-01   3.6044542e-04
   8.9300000e+02   2.8405039e-04   9.9887627e-01   8.3967936e-04
   8.8900000e+02   3.0642950e-04   9.9861177e-01   1.0818008e-03
   7.1100000e+02   3.3266376e-04   9.9889163e-01   7.7570421e-04
   7.0700000e+02   3.8312122e-04   9.9902500e-01   5.9187450e-04
   7.0300000e+02   2.5405547e-04   9.9911687e-01   6.2907484e-04
   6.9700000e+02   1.7775983e-04   9.9931013e-01   5.1210680e-04
   6.9300000e+02   2.0138788e-04   9.9936198e-01   4.3663690e-04
   6.9100000e+02   1.0868325e-04   9.9943147e-01   4.5985073e-04
   6.8700000e+02   1.4756126e-04   9.9943822e-01   4.1421455e-04
   6.8500000e+02   9.0373402e-05   9.9957741e-01   3.3221717e-04
   8.7900000e+02   2.5392329e-03   6.7361702e-01   3.2384375e-01
   8.7700000e+02   5.4071222e-02   9.1394022e-01   3.1988562e-02
   7.5400000e+02   8.0878609e-02   1.1325408e-01   8.0586731e-01
   9.0600000e+02   1.3592973e-03   1.2222732e-01   8.7641339e-01
   8.6900000e+02   5.0498036e-01   3.8307750e-02   4.5671189e-01
   8.5700000e+02   9.8218756e-01   9.0540135e-03   8.7584261e-03
   7.1800000e+02   8.8883643e-01   1.4709320e-02   9.6454245e-02
   1.0130000e+03   6.2009945e-01   5.1083865e-03   3.7479216e-01
   7.7000000e+02   7.6296730e-01   1.8799845e-01   4.9034251e-02
   7.7300000e+02   8.9265064e-02   9.4275206e-02   8.1645973e-01
   7.4800000e+02   3.3058772e-01   3.3873334e-01   3.3067894e-01
   7.5100000e+02   2.0836931e-01   1.5039927e-01   6.4123143e-01
   7.5200000e+02   6.0193424e-01   1.6423721e-01   2.3382855e-01
   7.6300000e+02   1.0000000e+00  -0.0000000e+00  -0.0000000e+00
   7.7800000e+02   5.4142933e-02   8.9634894e-01   4.9508125e-02
   7.7600000e+02   5.2633743e-01   4.2644762e-01   4.7214957e-02
   7.7500000e+02   5.5023528e-01   4.1735215e-01   3.2412567e-02
   7.7500000e+02   1.0780520e-01   6.1566939e-01   2.7652541e-01
   7.5500000e+02   6.1838191e-01   2.2999758e-01   1.5162051e-01
   7.6200000e+02   2.4887421e-02   4.8883379e-01   4.8627879e-01
   7.6000000e+02   1.0951642e-02   5.0232982e-01   4.8671854e-01
   7.4600000e+02   4.9778250e-02   6.5826298e-01   2.9195877e-01
   1.2880000e+03   2.8646296e-01   1.4491244e-01   5.6862460e-01
   1.2860000e+03   5.0862576e-01   4.2335395e-01   6.8020296e-02
   9.0500000e+02   2.7159469e-01   1.5600689e-01   5.7239842e-01
   1.0250000e+03   2.1321383e-02   4.6484621e-02   9.3219400e-01
   1.0260000e+03   1.4042748e-01   6.3226984e-02   7.9634554e-01
   8.6300000e+02   6.7690199e-03   2.7272715e-01   7.2050383e-01
   1.0410000e+03   9.5151722e-01   5.0720570e-03   4.3410718e-02
   1.0220000e+03   5.8664907e-01   3.5359657e-01   5.9754358e-02
   1.0110000e+03   7.1538382e-01   3.3467501e-02   2.5114868e-01
   1.0410000e+03   1.4795269e-01   4.7455992e-01   3.7748739e-01
   8.7300000e+02   1.9775538e-02   3.6077346e-01   6.1945100e-01
   1.0030000e+03   1.3046435e-01   1.4392180e-01   7.2561385e-01
   1.0150000e+03   2.2529951e-01   7.0583058e-01   6.8869910e-02
   8.9600000e+02   6.0590676e-03   3.1989938e-01   6.7404156e-01
   8.7200000e+02   1.4605263e-01   8.4329097e-01   1.0656395e-02
   1.0180000e+03   1.3452315e-02   7.9098659e-01   1.9556109e-01
   8.5400000e+02   6.6511861e-04   9.9933488e-01   1.1623868e-14
   1.0050000e+03   2.8499373e-02   9.7150063e-01   0.0000000e+00
   8.9100000e+02   6.4464038e-01   4.3619149e-02   3.1174048e-01
   8.6500000e+02   7.5267606e-04   1.3625533e-04   9.9911107e-01
   1.0400000e+03   3.7478577e-04   9.9903743e-01   5.8778452e-04
   1.0120000e+03   2.2599151e-02   7.4351891e-01   2.3388194e-01
   1.0350000e+03   8.3547696e-04   9.9848421e-01   6.8031752e-04
   8.6200000e+02   7.3745005e-04   8.4128672e-04   9.9842126e-01
   8.5100000e+02   5.3643283e-02   3.0443429e-01   6.4192243e-01
   8.2100000e+02   9.3348289e-02   8.7048977e-01   3.6161938e-02
   3.2000000e+01   1.5285907e-01   4.0857499e-01   4.3856594e-01
   9.1600000e+02   9.8226595e-01   1.0630387e-03   1.6671006e-02
   8.8000000e+02   1.3508486e-01   7.0777645e-01   1.5713869e-01
   7.8900000e+02   6.9590838e-02   6.2964507e-01   3.0076410e-01
   1.0020000e+03   1.6078697e-01   1.1054442e-01   7.2866861e-01
   8.4900000e+02   3.3134736e-01   6.6511916e-01   3.5334783e-03
   8.2200000e+02   1.5794329e-01   5.3660486e-01   3.0545185e-01
   8.2300000e+02   3.9210197e-01   2.5107652e-01   3.5682151e-01
   8.4500000e+02   1.0500123e-01   4.6561589e-01   4.2938288e-01
   8.4600000e+02   5.4738373e-01   3.5618479e-01   9.6431475e-02
   8.1600000e+02   2.0752867e-01   4.5171221e-01   3.4075912e-01
   6.4600000e+02   3.9260617e-01   5.6678783e-01   4.0606004e-02
   9.1600000e+02   1.5194685e-01   9.3704645e-02   7.5434850e-01
   7.6000000e+01   2.0878440e-02   2.6320440e-02   9.5280112e-01
   8.1700000e+02   7.8086862e-01   2.1650978e-02   1.9748041e-01
   9.3000000e+01   2.3011631e-01   1.7729421e-01   5.9258947e-01
   4.9000000e+01   9.9966103e-01   8.8494653e-05   2.5047337e-04
   1.0300000e+03   6.9071960e-01   7.8565259e-04   3.0849474e-01
   1.0420000e+03   8.6918929e-01   1.1727740e-01   1.3533317e-02
   7.8800000e+02   1.0251019e-02   7.2839979e-01   2.6134919e-01
   8.1200000e+02   8.7241381e-02   7.4682555e-03   9.0529036e-01
   8.4300000e+02   4.1482830e-02   1.7997703e-03   9.5671740e-01
   8.4300000e+02   8.3098507e-01   4.4034406e-03   1.6461149e-01
   9.1400000e+02   1.2630388e-01   3.5477237e-01   5.1892375e-01
   8.3500000e+02   2.2363450e-03   1.4222165e-02   9.8354149e-01
   4.9000000e+01   3.1936407e-03   2.6018588e-01   7.3662048e-01
   4.9000000e+01   0.0000000e+00   1.0000000e+00   0.0000000e+00
   8.3700000e+02   1.3340636e-03   7.5030752e-04   9.9791563e-01
   8.3600000e+02   2.8857290e-02   1.2656193e-01   8.4458078e-01
   7.8600000e+02   1.2741241e-02   8.9887440e-01   8.8384357e-02
   9.0900000e+02   8.8725152e-01   9.9158734e-02   1.3589747e-02
   1.0000000e+03   2.4716236e-02   7.8780572e-01   1.8747805e-01
   8.3400000e+02   5.2035954e-01   1.2475590e-03   4.7839290e-01
   1.0010000e+03   6.0226814e-01   2.2076389e-04   3.9751110e-01
   8.3200000e+02   8.8954045e-01   8.7650412e-02   2.2809136e-02
   8.3200000e+02   1.3729027e-03   9.8981652e-01   8.8105795e-03
   8.2900000e+02   2.7122543e-01   1.9351135e-02   7.0942344e-01
   8.1400000e+02   3.4101362e-01   5.9424861e-01   6.4737766e-02
   7.8500000e+02   1.9127023e-02   6.3769304e-01   3.4317993e-01
   8.0900000e+02   1.8101653e-01   7.7343094e-03   8.1124916e-01
   2.2000000e+01   2.3620745e-02   9.6999065e-01   6.3886067e-03
   8.2700000e+02   2.5584473e-01   1.0326050e-02   7.3382922e-01
   8.0700000e+02   2.8485365e-01   1.0917893e-02   7.0422846e-01
   9.1200000e+02   2.8391219e-02   3.0639181e-01   6.6521697e-01
   7.6000000e+02   4.2533433e-01   1.7946220e-03   5.7287105e-01
   7.9700000e+02   0.0000000e+00   4.1778513e-02   9.5822149e-01
   8.1000000e+01   1.8530374e-01   1.6912331e-03   8.1300503e-01
   7.9400000e+02   9.3940119e-01   2.7574167e-02   3.3024639e-02
   9.0500000e+02   6.6311545e-01   1.2389383e-01   2.1299073e-01
   8.0100000e+02   1.4197835e-01   1.6400187e-01   6.9401977e-01
   1.1780000e+03   1.1931930e-01   1.8493168e-01   6.9574902e-01
   8.7900000e+02   3.5119556e-01   1.1303005e-02   6.3750144e-01
   1.2610000e+03   6.9803223e-03   5.2378730e-01   4.6923238e-01
   8.8100000e+02   1.7703997e-01   1.8143751e-03   8.2114566e-01
   8.8700000e+02   2.9325898e-04   9.9878153e-01   9.2521432e-04
   8.9100000e+02   2.0839003e-04   9.9895067e-01   8.4093849e-04
   8.9300000e+02   8.8265784e-01   1.9394719e-02   9.7947440e-02
   8.9500000e+02   7.3715773e-02   9.1228964e-01   1.3994584e-02
   1.0300000e+03   4.3806389e-02   4.6526776e-01   4.9092585e-01
   1.0300000e+03   3.6771626e-01   4.5684839e-01   1.7543535e-01
   8.9900000e+02   2.7505317e-01   3.9736211e-01   3.2758472e-01
   8.9900000e+02   1.3289410e-01   8.4538354e-01   2.1722358e-02
   7.8200000e+02   9.9989540e-01   1.0225372e-04   2.3500153e-06
   7.4000000e+01   7.4830225e-02   3.5819890e-01   5.6697087e-01
   7.2700000e+02   5.0451599e-01   4.3414036e-01   6.1343657e-02
   9.2300000e+02   3.2144894e-02   8.5508006e-02   8.8234710e-01
   9.8900000e+02   3.7536767e-01   6.1444930e-01   1.0183033e-02
   9.1700000e+02   7.9379040e-04   9.9906193e-01   1.4428344e-04
   9.2500000e+02   1.7492529e-01   7.9928171e-01   2.5793001e-02
   9.9000000e+02   2.8403004e-01   1.3429365e-01   5.8167631e-01
   9.8800000e+02   5.3400271e-03   1.4875522e-01   8.4590475e-01
   9.3900000e+02   0.0000000e+00  -0.0000000e+00   1.0000000e+00
   9.3700000e+02   6.9348532e-01   6.8108292e-03   2.9970385e-01
   9.2700000e+02   0.0000000e+00   1.0000000e+00  -0.0000000e+00
   9.3800000e+02   1.0000000e+00  -0.0000000e+00   0.0000000e+00
   1.0320000e+03   3.8174372e-02   6.4062330e-01   3.2120233e-01
   9.3400000e+02   4.3265400e-01   4.8155217e-01   8.5793827e-02
   9.2700000e+02   0.0000000e+00  -0.0000000e+00   1.0000000e+00
   9.4700000e+02   6.2123726e-01   7.4274221e-03   3.7133532e-01
   9.9200000e+02   8.6712465e-01   1.0498943e-01   2.7885925e-02
   9.7900000e+02   2.2496432e-02   5.4138804e-03   9.7208969e-01
   9.8100000e+02   1.5472809e-02   5.0285555e-03   9.7949864e-01
   9.7200000e+02   0.0000000e+00   3.4536416e-18   1.0000000e+00
   9.8500000e+02   7.5624435e-01   1.9760773e-01   4.6147929e-02
   9.7500000e+02   5.4875711e-02   3.9857484e-01   5.4654945e-01
   9.3200000e+02   2.4332018e-01   4.9406453e-01   2.6261529e-01
   9.6500000e+02   3.7387585e-01   1.4972956e-01   4.7639459e-01
   9.9100000e+02   1.4810668e-02   1.8945807e-02   9.6624353e-01
   9.5900000e+02   2.9547849e-02   3.8812139e-01   5.8233076e-01
   9.6300000e+02   2.5715118e-01   3.9381109e-01   3.4903773e-01
   9.9100000e+02   3.8390875e-01   5.0468182e-01   1.1140942e-01
   9.9500000e+02   2.7670034e-01   1.4373859e-01   5.7956107e-01
   6.5300000e+02   2.6761997e-01   1.2968857e-02   7.1941117e-01
   6.5000000e+02   6.6593155e-01   2.4660579e-01   8.7462656e-02
   6.5200000e+02   5.8292832e-01   3.4887536e-01   6.8196321e-02
   9.6900000e+02   4.5350885e-01   3.9836650e-01   1.4812466e-01
   9.7300000e+02   4.7720348e-01   4.2774975e-01   9.5046773e-02
   9.5200000e+02   3.9147829e-01   3.2473819e-01   2.8378352e-01
   9.6700000e+02   3.5954487e-01   2.9992157e-02   6.1046298e-01
   9.4400000e+02   1.0446288e-15   9.9909652e-01   9.0348439e-04
   9.6000000e+02   2.4570879e-02   7.5616073e-02   8.9981305e-01
   9.6700000e+02   1.0000000e+00  -0.0000000e+00  -0.0000000e+00
   9.7800000e+02   5.5364333e-01   7.0218504e-02   3.7613816e-01
   9.3400000e+02   3.4875456e-01   7.7283588e-03   6.4351708e-01
   7.4300000e+02   4.4714120e-01   4.5599633e-01   9.6862469e-02
   8.2400000e+02   0.0000000e+00   1.0000000e+00  -0.0000000e+00
   6.5000000e+02   1.6550607e-01   8.3263814e-01   1.8557919e-03
   8.2500000e+02   9.9969462e-01   3.0537903e-04   9.0866195e-15
   9.2800000e+02   8.3823365e-01   2.2615636e-03   1.5950479e-01
   8.3600000e+02   9.2534876e-03   6.2198000e-01   3.6876651e-01
   8.6900000e+02   3.5637837e-04   9.9916506e-01   4.7856411e-04
   9.4100000e+02   5.9304012e-01   1.6970250e-02   3.8998963e-01
   1.0310000e+03   7.2908620e-01   2.5885942e-01   1.2054383e-02
   6.7000000e+02   9.6071225e-04   8.8277807e-01   1.1626122e-01
   8.2700000e+02   7.2731712e-01   2.0038323e-02   2.5264456e-01
   8.4300000e+02   4.4278997e-01   1.0771384e-02   5.4643864e-01
   8.2900000e+02   7.8127221e-01   1.2200382e-02   2.0652740e-01
   1.0090000e+03   6.9012131e-04   7.0650717e-04   9.9860337e-01
   1.0050000e+03   8.2325445e-04   4.5130911e-04   9.9872544e-01
   8.5800000e+02   8.1235612e-04   4.9692094e-04   9.9869072e-01
   1.0160000e+03   7.6908338e-04   7.6777133e-04   9.9846315e-01
   1.0290000e+03   5.8878330e-02   6.3194898e-03   9.3480218e-01
   8.0700000e+02   9.9899119e-01   7.3397546e-04   2.7483100e-04
   1.0400000e+03   6.3470678e-01   3.5763019e-01   7.6630287e-03
   8.0800000e+02   9.9899562e-01   5.0339496e-04   5.0098507e-04
   1.0390000e+03   9.3472684e-01   6.2438038e-02   2.8351271e-03
   1.0450000e+03   2.6191249e-02   9.1304135e-01   6.0767402e-02
   1.1190000e+03   1.3891887e-02   9.7833297e-01   7.7751412e-03
   1.1280000e+03   9.7972670e-02   2.4007295e-02   8.7802004e-01
   1.0620000e+03   2.7104925e-02   3.0116866e-01   6.7172641e-01
   1.1070000e+03   5.6768878e-01   3.4860487e-01   8.3706353e-02
   2.4650000e+03   4.6759746e-02   9.8919215e-03   9.4334833e-01
   1.1170000e+03   5.2202872e-02   1.0345584e-01   8.4434128e-01
   1.1100000e+03   9.0829914e-01   2.9647617e-02   6.2053238e-02
   1.1140000e+03   8.1240744e-02   6.0415324e-02   8.5834393e-01
   1.1160000e+03   3.9755919e-02   8.3328485e-01   1.2695923e-01
   1.1130000e+03   3.6907205e-02   4.3039997e-02   9.2005280e-01
   1.1080000e+03   2.1847051e-01   1.1400211e-02   7.7012928e-01
   1.1080000e+03   1.0219257e-01   8.6830372e-01   2.9503709e-02
   6.6500000e+02   7.8013234e-01   5.1507950e-02   1.6835971e-01
   1.0970000e+03   3.8884258e-02   6.6415346e-01   2.9696229e-01
   1.1030000e+03   4.1288247e-06   1.7793347e-04   9.9981794e-01
   1.1020000e+03   1.4174631e-05   4.6918238e-04   9.9951664e-01
   1.2710000e+03   7.6814176e-02   1.5983807e-01   7.6334775e-01
   1.0990000e+03   9.9937688e-01   2.6548424e-04   3.5763882e-04
   1.0970000e+03   5.4481343e-04   2.9473206e-04   9.9916045e-01
   1.0950000e+03   4.5606649e-04   3.4057947e-04   9.9920335e-01
   1.0910000e+03   3.3995348e-04   2.0551053e-04   9.9945454e-01
   1.0670000e+03   5.5511151e-16   3.1592407e-04   9.9968408e-01
   1.2670000e+03   6.9899065e-04   3.7541556e-04   9.9892559e-01
   1.0870000e+03   6.3092059e-04   3.9515698e-04   9.9897392e-01
   1.0830000e+03   5.6623716e-04   5.4930638e-04   9.9888446e-01
   1.0810000e+03   6.6538403e-04   4.2059654e-04   9.9891402e-01
   1.3960000e+03   1.6564855e-01   2.4440103e-02   8.0991135e-01
   1.0750000e+03   7.5998544e-04   4.5404532e-04   9.9878597e-01
   1.0540000e+03   7.2740726e-01   1.3821072e-01   1.3438202e-01
   1.0690000e+03   2.8357127e-02   3.0319316e-02   9.4132356e-01
   1.2840000e+03   6.1393127e-02   8.0088908e-03   9.3059798e-01
   1.2510000e+03   1.4285093e-02   9.5552156e-01   3.0193345e-02
   1.2420000e+03   6.8666463e-03   8.9752870e-01   9.5604656e-02
   1.1020000e+03   1.9995929e-02   6.6426719e-01   3.1573688e-01
   1.2460000e+03   1.9917776e-02   2.2012801e-01   7.5995421e-01
   1.3950000e+03   6.9686882e-01   3.0157656e-01   1.5546114e-03
   1.1500000e+03   2.2749963e-02   9.6007859e-01   1.7171445e-02
   1.1510000e+03   3.9870069e-02   4.7769928e-02   9.1236000e-01
   1.1320000e+03   2.4356633e-01   1.5298065e-01   6.0345302e-01
   1.1600000e+03   5.3257904e-03   5.3995629e-01   4.5471792e-01
   1.1460000e+03   3.2935984e-04   0.0000000e+00   9.9967064e-01
   1.1580000e+03   1.8789593e-02   9.3137382e-01   4.9836582e-02
   1.1560000e+03   1.2191136e-02   4.5758749e-01   5.3022138e-01
   1.1550000e+03   1.1251037e-01   2.7554680e-01   6.1194282e-01
   1.1350000e+03   1.8902815e-01   5.2986114e-01   2.8111071e-01
   1.1420000e+03   4.5191043e-01   1.5744678e-02   5.3234490e-01
   1.1370000e+03   4.5037558e-04   9.9915484e-01   3.9478134e-04
   1.1290000e+03   5.6419106e-01   3.9970503e-01   3.6103907e-02
   1.2880000e+03   1.2964823e-01   5.2055286e-01   3.4979891e-01
   1.4070000e+03   9.7595449e-01   2.0945535e-02   3.0999777e-03
   1.4110000e+03   1.0848806e-02   4.9101619e-02   9.4004958e-01
   1.4110000e+03   8.7537346e-03   9.3106608e-01   6.0180183e-02
   1.3990000e+03   1.9251303e-02   9.5957570e-01   2.1172998e-02
   1.4070000e+03   2.7303787e-02   6.3174040e-01   3.4095581e-01
   1.4250000e+03   7.2386565e-01   1.5499459e-01   1.2113976e-01
   1.4250000e+03   4.0712453e-01   1.0037218e-01   4.9250329e-01
   1.2550000e+03   7.5118046e-01   1.8826676e-01   6.0552777e-02
   1.2770000e+03   1.0409458e-02   9.1679853e-01   7.2792010e-02
   1.4000000e+03   3.2873379e-02   2.3832166e-01   7.2880496e-01
   1.2760000e+03   3.3506763e-01   2.6663245e-02   6.3826912e-01
   1.4030000e+03   7.9166001e-01   1.2713259e-02   1.9562674e-01
   1.2370000e+03   1.8871840e-02   3.7682946e-01   6.0429870e-01
   1.3900000e+03   9.7174016e-01   2.8259844e-02   0.0000000e+00
   1.2490000e+03   8.6582886e-01   1.1969477e-02   1.2220166e-01
   1.4200000e+03   9.9944303e-01   2.5947594e-04   2.9749158e-04
   1.3990000e+03   5.7390435e-04   4.6360199e-04   9.9896249e-01
   1.4220000e+03   9.9923306e-01   2.3298985e-04   5.3395244e-04
   1.2360000e+03   9.7493660e-05   7.7476588e-04   9.9912774e-01
   1.2330000e+03   6.6214900e-01   2.9114123e-01   4.6709773e-02
   1.2030000e+03   2.2158298e-02   8.6843455e-01   1.0940715e-01
   3.4500000e+02   5.1779317e-01   3.9664644e-01   8.5560394e-02
   1.3030000e+03   1.5611839e-02   6.4977492e-01   3.3461324e-01
   1.1710000e+03   9.5436674e-01   2.8638193e-02   1.6995066e-02
   1.1690000e+03   9.3862662e-02   6.8559168e-01   2.2054566e-01
   1.2310000e+03   3.5115906e-02   6.7831647e-01   2.8656763e-01
   1.2290000e+03   4.3455323e-01   3.7964597e-03   5.6165031e-01
   4.0800000e+02   1.3329867e-01   1.9395681e-01   6.7274453e-01
   1.1970000e+03   7.5930263e-01   1.2661851e-01   1.1407886e-01
   1.1980000e+03   3.2919698e-01   4.2479510e-01   2.4600793e-01
   1.2920000e+03   2.4182833e-01   1.5715095e-01   6.0102072e-01
   3.4100000e+02   2.1080152e-02   9.7542386e-01   3.4959898e-03
   3.6400000e+02   1.7978790e-04   9.9915573e-01   6.6448369e-04
   1.4130000e+03   1.2873486e-02   8.1482872e-01   1.7229779e-01
   1.3880000e+03   5.6534664e-01   2.7266478e-01   1.6198858e-01
   1.2600000e+03   7.3082481e-01   1.2723090e-01   1.4194429e-01
   1.2240000e+03   9.6374616e-01   2.1198455e-02   1.5055388e-02
   1.1940000e+03   8.1056075e-01   1.1069148e-01   7.8747762e-02
   1.3010000e+03   7.2736220e-01   4.0052573e-02   2.3258523e-01
   1.4200000e+03   1.3418147e-02   0.0000000e+00   9.8658185e-01
   3.4200000e+02   1.6893859e-01   8.0782850e-01   2.3232912e-02
   1.2170000e+03   9.7868217e-03   1.3242302e-01   8.5779015e-01
   1.2220000e+03   9.9933689e-01   5.1463175e-04   1.4847537e-04
   1.2170000e+03   1.5924738e-04   9.9936638e-01   4.7436894e-04
   1.2180000e+03   3.8128216e-01   5.9840772e-01   2.0310118e-02
   1.1660000e+03   8.5837101e-01   1.2148744e-01   2.0141551e-02
   1.2960000e+03   3.0927897e-02   8.8281502e-01   8.6257084e-02
   1.3870000e+03   1.2753517e-02   4.0938938e-01   5.7785710e-01
   1.3870000e+03   7.1045434e-03   9.8451649e-01   8.3789690e-03
   1.2140000e+03   5.3761227e-04   7.9321195e-01   2.0625044e-01
   1.2110000e+03   3.3588106e-02   2.7035066e-01   6.9606124e-01
   1.1960000e+03   4.3158571e-02   6.7945620e-01   2.7738523e-01
   1.1650000e+03   4.8875715e-01   4.7981297e-01   3.1429881e-02
   1.1910000e+03   3.7059505e-02   2.3795503e-01   7.2498546e-01
   1.2090000e+03   5.9857647e-03   3.9022284e-01   6.0379139e-01
   1.1890000e+03   1.0046198e-02   2.8533755e-01   7.0461625e-01
   1.2990000e+03   7.8016449e-01   7.7008454e-03   2.1213467e-01
   1.1350000e+03   5.2856934e-02   1.3818589e-01   8.0895717e-01
   1.1380000e+03   7.0220919e-02   8.8643044e-01   4.3348643e-02
   1.1860000e+03   2.0267775e-01   4.6215890e-01   3.3516335e-01
