   2.5200000e+02   4.1308904e-02   9.4851172e-01   1.0179379e-02
   2.7800000e+02   3.4643503e-05   4.8665441e-05   9.9991669e-01
   1.3300000e+02   9.9991843e-01   4.3449391e-05   3.8122622e-05
   8.7000000e+01   8.8035714e-05   9.9985177e-01   6.0196902e-05
   2.0500000e+02   4.6388966e-05   9.9992859e-01   2.5022083e-05
   3.8100000e+02   1.1483501e-03   3.5096563e-03   9.9534199e-01
   2.5300000e+02   6.7178296e-05   1.3855218e-04   9.9979427e-01
   2.7400000e+02   8.5853779e-05   9.9974304e-01   1.7111086e-04
   6.0000000e+01   7.7314704e-05   9.9982400e-01   9.8689911e-05
   5.9000000e+01   1.9669075e-04   9.9979097e-01   1.2343810e-05
   7.7000000e+01   1.1102230e-16   1.1057290e-04   9.9988943e-01
   7.7000000e+01   0.0000000e+00   1.0000000e+00  -0.0000000e+00
   3.5900000e+02   9.9974633e-01   7.9717017e-05   1.7395451e-04
   3.6000000e+02   9.9955542e-01   3.4081663e-04   1.0376056e-04
   8.3400000e+02   1.4647020e-04   9.9958318e-01   2.7034753e-04
   2.7700000e+02   8.7664411e-05   9.9987631e-01   3.6026651e-05
   3.6200000e+02   9.9978541e-01   1.3790412e-04   7.6690450e-05
   3.7300000e+02   9.9991027e-01   5.5984842e-05   3.3744618e-05
   8.0100000e+02   6.9021321e-04   2.1211045e-04   9.9909768e-01
   5.2800000e+02   7.5817889e-04   5.9875731e-04   9.9864306e-01
   7.9900000e+02   9.9917058e-01   8.0991150e-04   1.9509548e-05
   6.0500000e+02   5.7934472e-04   4.2737462e-04   9.9899328e-01
   7.7100000e+02   4.1694778e-05   8.7498405e-04   9.9908332e-01
   5.3500000e+02   9.9952435e-01   4.7564833e-04   0.0000000e+00
   6.0900000e+02   6.0569514e-04   9.9935466e-01   3.9641030e-05
   6.1000000e+02   1.7503969e-05   9.9964999e-01   3.3250943e-04
   7.6900000e+02   2.1104036e-04   9.3414137e-06   9.9977962e-01
   2.2000000e+01   1.0000000e+00  -0.0000000e+00  -0.0000000e+00
   5.3800000e+02   0.0000000e+00  -0.0000000e+00   1.0000000e+00
   6.1100000e+02   1.1102230e-16  -0.0000000e+00   1.0000000e+00
   7.5900000e+02   9.9989345e-01   1.3264130e-05   9.3286096e-05
   8.5000000e+02   6.2907174e-05   3.6666927e-05   9.9990043e-01
   6.1400000e+02   2.9301275e-05   1.0477200e-04   9.9986593e-01
   8.7800000e+02   1.0959158e-04   9.9965657e-01   2.3383695e-04
   5.8900000e+02   8.1178744e-05   9.9973640e-01   1.8242584e-04
   6.1900000e+02   3.9824568e-05   9.9923568e-01   7.2449972e-04
   6.7800000e+02   3.6680728e-15   9.9917837e-01   8.2163457e-04
   7.0000000e+02   1.6244699e-04   9.9948459e-01   3.5295877e-04
   5.6900000e+02   0.0000000e+00   1.0000000e+00  -0.0000000e+00
   5.7200000e+02   7.4387111e-16   9.9935831e-01   6.4169285e-04
   8.8500000e+02   4.2670941e-05   9.9945207e-01   5.0526388e-04
   8.9300000e+02   6.6902872e-05   9.9946567e-01   4.6742603e-04
   7.1800000e+02   1.1365083e-02   4.1874445e-03   9.8444747e-01
   5.4200000e+02   3.6775777e-05   9.9991168e-01   5.1548915e-05
   7.2800000e+02   8.2491770e-05   3.4023669e-05   9.9988348e-01
   5.8200000e+02   6.7825910e-05   9.9983143e-01   1.0074022e-04
   7.2500000e+02   3.0757932e-05   9.9987491e-01   9.4334568e-05
   5.8500000e+02   8.1562967e-05   9.9986789e-01   5.0547330e-05
   8.6900000e+02   2.3950467e-04   9.9965654e-01   1.0395176e-04
   5.8700000e+02   9.2039264e-05   9.9967168e-01   2.3628469e-04
   8.7600000e+02   7.3101797e-05   9.9978845e-01   1.3844730e-04
   7.1600000e+02   1.9210406e-04   6.9337087e-05   9.9973856e-01
   6.4000000e+02   1.2197763e-04   9.9987594e-01   2.0812595e-06
   6.8400000e+02   1.1035703e-04   9.9987673e-01   1.2914220e-05
   6.4200000e+02   9.9987350e-01   1.2650304e-04   5.4382580e-17
   8.6000000e+02   1.1576387e-04   2.3218712e-04   9.9965205e-01
   8.6700000e+02   5.8285104e-04   9.9941715e-01   4.7616160e-15
   5.9300000e+02   1.5844688e-04   9.9931071e-01   5.3083845e-04
   8.9000000e+02   1.3898120e-04   9.9942409e-01   4.3693278e-04
   8.9200000e+02   1.5854583e-04   9.9952036e-01   3.2109690e-04
   5.7600000e+02   2.2968425e-04   9.9938552e-01   3.8479865e-04
   7.8700000e+02   5.7872041e-05   9.9942543e-01   5.1669918e-04
   6.4500000e+02   4.7158217e-05   9.9940500e-01   5.4784386e-04
   7.7800000e+02   1.5244063e-04   9.9922584e-01   6.2171812e-04
   5.2900000e+02   9.9926179e-01   6.1147688e-04   1.2673190e-04
   7.9200000e+02   9.9937216e-01   3.8239264e-04   2.4545091e-04
   6.4700000e+02   3.0745188e-04   9.9941660e-01   2.7594367e-04
   7.8900000e+02   6.4930731e-04   2.3849034e-04   9.9911220e-01
   3.0000000e+01   1.5380250e-04   9.9897070e-01   8.7549410e-04
   8.7300000e+02   1.2185837e-04   9.9936845e-01   5.0968664e-04
   6.7400000e+02   3.9367051e-04   9.9906767e-01   5.3865571e-04
   7.8400000e+02   5.3329811e-05   9.9952439e-01   4.2227873e-04
   9.6900000e+02   5.7680125e-05   9.9968309e-01   2.5922653e-04
   9.6700000e+02   4.3742108e-04   4.9870873e-05   9.9951271e-01
   5.1800000e+02   4.4041373e-05   9.9958634e-01   3.6961850e-04
   9.0300000e+02   2.4030015e-04   6.1982143e-05   9.9969772e-01
   9.7700000e+02   1.2131742e-04   9.9979435e-01   8.4330094e-05
   9.3700000e+02   9.1778548e-05   9.9982426e-01   8.3964404e-05
   9.7300000e+02   2.4629756e-04   6.1036444e-05   9.9969267e-01
   9.7000000e+02   1.2094484e-04   9.9956318e-01   3.1588000e-04
   9.4000000e+02   9.9987713e-01   0.0000000e+00   1.2287082e-04
   9.8100000e+02   1.1248867e-04   1.5753565e-04   9.9972998e-01
   9.8600000e+02   1.1185131e-04   9.9979828e-01   8.9871331e-05
   9.9100000e+02   1.4437202e-04   3.4714517e-05   9.9982091e-01
   8.9500000e+02   6.7085331e-05   9.9985321e-01   7.9707978e-05
   9.8800000e+02   9.9986288e-01   6.3391212e-05   7.3733697e-05
   9.4500000e+02   1.3409410e-04   6.8641092e-05   9.9979726e-01
   9.0000000e+02   9.1359216e-05   9.9978640e-01   1.2224083e-04
   9.9300000e+02   6.8444816e-05   9.9987763e-01   5.3928989e-05
   9.4700000e+02   5.7763480e-05   9.9987386e-01   6.8371829e-05
   9.7500000e+02   1.2642859e-04   6.0991338e-05   9.9981258e-01
   7.3100000e+02   7.0514523e-05   9.9985895e-01   7.0539116e-05
   5.6800000e+02   7.5871958e-05   3.2699617e-05   9.9989143e-01
   8.3600000e+02   1.0636569e-04   9.9939329e-01   5.0034660e-04
   3.5200000e+02   9.9971960e-01   1.5725549e-04   1.2314862e-04
   8.2900000e+02   1.7789542e-05   9.9928154e-01   7.0066654e-04
   8.6200000e+02   1.8325151e-04   6.8417876e-05   9.9974833e-01
   8.2500000e+02   1.1322931e-04   9.9923522e-01   6.5154828e-04
   3.5000000e+02   1.3258542e-04   9.9927582e-01   5.9158985e-04
   3.8500000e+02   5.0720936e-04   1.0661537e-05   9.9948213e-01
   7.2100000e+02   1.1406695e-04   9.9979404e-01   9.1896952e-05
   8.8000000e+02   2.3730801e-04   9.9972612e-01   3.6567956e-05
   7.2300000e+02   5.3551934e-05   1.2654622e-15   9.9994645e-01
   6.0200000e+02   4.6613633e-04   9.9930670e-01   2.2716228e-04
   5.4400000e+02   1.1727738e-04   8.1334113e-05   9.9980139e-01
   9.1700000e+02   1.5165954e-04   9.9934845e-01   4.9989514e-04
   9.1400000e+02   9.9977535e-01   1.4859073e-04   7.6057515e-05
   9.5900000e+02   2.4312614e-04   7.9023987e-05   9.9967785e-01
   9.2300000e+02   1.3002720e-04   9.9945865e-01   4.1132629e-04
   9.1900000e+02   9.8091102e-05   9.9946605e-01   4.3585515e-04
   9.0400000e+02   9.6367623e-05   9.9965526e-01   2.4837170e-04
   9.2500000e+02   9.4058641e-05   9.9949229e-01   4.1365354e-04
   9.6100000e+02   7.0769953e-05   1.0411542e-04   9.9982511e-01
   9.2600000e+02   1.2758441e-04  -0.0000000e+00   9.9987242e-01
   9.3400000e+02   5.4137539e-05   9.9968718e-01   2.5868035e-04
   3.6000000e+01   6.6404811e-05   9.9870826e-01   1.2253308e-03
   5.9600000e+02   6.4964975e-05   9.9941823e-01   5.1680172e-04
   5.8700000e+02   9.8905890e-01   1.5404492e-03   9.4006553e-03
   5.9400000e+02   7.9021686e-05   9.9919462e-01   7.2635877e-04
   8.8200000e+02   1.3330527e-04   9.9925225e-01   6.1444911e-04
   5.9700000e+02   9.5667874e-01   1.1411245e-02   3.1910018e-02
   5.9800000e+02   5.2772598e-05   9.9956935e-01   3.7787537e-04
   5.4600000e+02   4.4408639e-05   9.9952157e-01   4.3402426e-04
   7.1900000e+02   2.5987780e-04   9.9913473e-01   6.0539005e-04
   5.9100000e+02   1.2109699e-04   9.9944119e-01   4.3771117e-04
   9.3000000e+02   9.9961499e-01   2.3005260e-04   1.5495713e-04
   9.6300000e+02   1.7115384e-04   9.9965291e-01   1.7593342e-04
   9.3200000e+02   9.9948315e-01   3.7813250e-04   1.3871690e-04
   6.1200000e+02   1.1102230e-16  -0.0000000e+00   1.0000000e+00
   5.5800000e+02   0.0000000e+00   0.0000000e+00   1.0000000e+00
   2.2000000e+01   0.0000000e+00   1.0000000e+00  -0.0000000e+00
   7.4800000e+02   9.9995615e-01   6.3771082e-16   4.3848336e-05
   1.0100000e+03   1.0000000e+00  -0.0000000e+00  -0.0000000e+00
   1.0180000e+03   9.9939329e-01   2.3532329e-04   3.7138255e-04
   1.0430000e+03   1.4867741e-02   2.7212744e-01   7.1300482e-01
   1.0410000e+03   8.9632052e-03   6.3529113e-01   3.5574567e-01
   1.0110000e+03   0.0000000e+00  -0.0000000e+00   1.0000000e+00
   1.0190000e+03   9.9977076e-01   8.0783793e-05   1.4845881e-04
   7.5200000e+02   1.2700760e-04   9.9965328e-01   2.1971426e-04
   5.4000000e+02   9.9981760e-01   1.7477538e-04   7.6201471e-06
   1.0440000e+03   9.9974855e-01   1.8503905e-04   6.6410688e-05
   1.0210000e+03   9.9989038e-01   0.0000000e+00   1.0962232e-04
   7.5400000e+02   9.9986238e-01   3.7681275e-05   9.9934421e-05
   8.3800000e+02   8.9432409e-05   9.9979607e-01   1.1449537e-04
   1.0450000e+03   9.9982291e-01   7.9372066e-05   9.7719172e-05
   7.5700000e+02   9.9988427e-01   5.3022773e-05   6.2703560e-05
   6.2000000e+02   0.0000000e+00   1.0000000e+00  -0.0000000e+00
   1.0660000e+03   5.2636321e-04   1.0234722e-04   9.9937129e-01
   1.1440000e+03   9.3834428e-05   9.9950319e-01   4.0297112e-04
   1.0920000e+03   1.3475091e-04   9.9947296e-01   3.9229251e-04
   1.1400000e+03   5.9090416e-04   1.3480754e-04   9.9927429e-01
   1.0120000e+03   3.0049592e-04   0.0000000e+00   9.9969950e-01
   1.0390000e+03   9.9987515e-01   1.4158624e-16   1.2484753e-04
   1.0040000e+03   8.1397720e-05   4.2584161e-05   9.9987602e-01
   1.0370000e+03   1.1667789e-04   9.9974166e-01   1.4166595e-04
   6.4200000e+02   0.0000000e+00   1.0000000e+00  -0.0000000e+00
   1.0280000e+03   9.9996703e-01   3.2973010e-05   1.2227168e-14
   9.9900000e+02   1.7430696e-04   9.9982569e-01   9.9992400e-16
   1.0790000e+03   0.0000000e+00   1.0000000e+00  -0.0000000e+00
   1.0780000e+03   1.1669119e-04   6.6542656e-05   9.9981677e-01
   1.1380000e+03   6.8095896e-05   9.9986241e-01   6.9498687e-05
   1.0960000e+03   1.2970311e-15   9.9985371e-01   1.4628684e-04
   1.1210000e+03   5.5981191e-05   9.9980191e-01   1.4210787e-04
   9.4800000e+02   9.9985316e-01   7.3814422e-05   7.3021020e-05
   1.0970000e+03   2.9739956e-05   9.9984672e-01   1.2354304e-04
   1.1170000e+03   4.9599915e-05   9.9984519e-01   1.0520812e-04
   9.1300000e+02   1.3671331e-04   4.1993506e-05   9.9982129e-01
   5.7000000e+02   1.1970699e-04   9.9988029e-01   3.3202158e-15
   1.0470000e+03   2.3530844e-05   9.9997647e-01   0.0000000e+00
   1.0480000e+03   1.5483932e-04   9.9984516e-01   0.0000000e+00
   9.9500000e+02   2.6834157e-04   9.9962065e-01   1.1100712e-04
   6.8200000e+02   0.0000000e+00   1.0000000e+00  -0.0000000e+00
   1.0020000e+03   9.9944874e-01   5.5126277e-04   0.0000000e+00
   1.1630000e+03   9.9952484e-01   3.6729775e-04   1.0786167e-04
   1.1000000e+03   1.5366715e-04   9.9952308e-01   3.2325673e-04
   1.1620000e+03   4.3085831e-04   2.2092713e-04   9.9934821e-01
   7.7700000e+02   3.3755644e-04   9.9951396e-01   1.4848197e-04
   1.0230000e+03   5.9487076e-05   9.9944830e-01   4.9221014e-04
   7.6600000e+02   0.0000000e+00   1.0000000e+00  -0.0000000e+00
   5.6000000e+02   2.7251667e-04   9.9948914e-01   2.3834137e-04
   1.1660000e+03   5.2808734e-04   7.1366738e-05   9.9940055e-01
   5.3400000e+02   6.2831290e-04   4.3534706e-05   9.9932815e-01
   9.6400000e+02   9.9941136e-01   5.4718676e-04   4.1449381e-05
   1.1020000e+03   5.1739192e-04   7.4612732e-05   9.9940800e-01
   1.1420000e+03   4.5778875e-04   7.3082430e-05   9.9946913e-01
   1.0630000e+03   9.9949917e-01   4.3287277e-04   6.7957039e-05
   1.1460000e+03   5.3657508e-04   6.6457767e-05   9.9939697e-01
   9.1000000e+02   9.9949326e-01   4.5720449e-04   4.9535669e-05
   1.0590000e+03   9.9983105e-01   1.1769828e-04   5.1249952e-05
   1.1570000e+03   9.9985534e-01   8.6476536e-05   5.8178531e-05
   1.1080000e+03   6.6482236e-05   9.9983063e-01   1.0288498e-04
   1.1540000e+03   2.2407505e-04   4.0208774e-05   9.9973572e-01
   1.0620000e+03   2.3890093e-04   2.9164163e-05   9.9973193e-01
   1.1560000e+03   2.6199388e-05   9.9981454e-01   1.5925678e-04
   1.1100000e+03   2.7196688e-05   9.9980574e-01   1.6705842e-04
   1.1520000e+03   2.4036784e-04   5.4128696e-06   9.9975422e-01
   9.0600000e+02   9.9986593e-01   9.3717294e-05   4.0356997e-05
   9.5600000e+02   9.9987697e-01   7.3954815e-05   4.9076381e-05
   1.1120000e+03   4.9758558e-05   9.9987541e-01   7.4836275e-05
   1.1600000e+03   1.4859722e-04   4.1111550e-05   9.9981029e-01
   9.0900000e+02   2.6854816e-04   6.5038575e-05   9.9966641e-01
   9.5500000e+02   5.8357011e-05   9.9981252e-01   1.2912649e-04
   1.1140000e+03   4.5350917e-05   9.9982223e-01   1.3241850e-04
   1.1490000e+03   4.8676628e-05   9.9968052e-01   2.7079851e-04
   1.0930000e+03   9.9984890e-01   9.3425398e-05   5.7673429e-05
   1.0510000e+03   9.9987751e-01   9.0663418e-05   3.1826885e-05
   1.0260000e+03   6.7494576e-06   9.9993805e-01   5.5199805e-05
   9.5000000e+02   5.6222925e-05   9.9977574e-01   1.6803280e-04
   9.2100000e+02   8.7092294e-05   9.9956414e-01   3.4876831e-04
   1.0670000e+03   9.9988971e-01   5.2990665e-05   5.7295045e-05
   1.1030000e+03   1.0221739e-02   9.8639817e-01   3.3800938e-03
   1.1050000e+03   4.7760681e-05   9.9972336e-01   2.2887609e-04
   1.0890000e+03   9.9909019e-01   8.5954574e-04   5.0262350e-05
   1.0860000e+03   9.9915966e-01   8.0972859e-04   3.0615211e-05
   1.1480000e+03   3.3965272e-05   9.9975308e-01   2.1295770e-04
   9.5300000e+02   5.6938966e-05   9.9975430e-01   1.8875881e-04
   9.2800000e+02   9.9901786e-01   9.2141451e-04   6.0720967e-05
   6.0000000e+02   1.0391595e-04   9.9953016e-01   3.6591940e-04
   1.0490000e+03   1.6686826e-04   9.9944165e-01   3.9148202e-04
   8.6800000e+02   3.0468566e-06   9.9956519e-01   4.3176688e-04
   1.0560000e+03   9.9985500e-01   8.3718264e-16   1.4500306e-04
   1.0580000e+03   9.9975786e-01   6.7919142e-16   2.4213871e-04
   1.2960000e+03   9.9958138e-01   2.3186443e-04   1.8675214e-04
   1.0330000e+03   1.8355438e-04   9.9981645e-01   2.0441594e-15
   1.0100000e+03   2.5921554e-04   3.1393919e-04   9.9942685e-01
   1.7020000e+03   3.1594720e-03   9.9269928e-01   4.1412495e-03
   1.2950000e+03   9.9962517e-01   1.6521140e-04   2.0962047e-04
   1.5910000e+03   1.0615425e-04   9.9989385e-01   1.1117282e-15
   1.2980000e+03   1.0054159e-04   1.3837033e-04   9.9976109e-01
   1.4490000e+03   4.0641462e-04   9.9944099e-01   1.5259888e-04
   1.5970000e+03   3.0360851e-06   1.3067704e-04   9.9986629e-01
   1.2130000e+03   0.0000000e+00  -0.0000000e+00   1.0000000e+00
   1.3000000e+03   2.9976022e-15   4.1224395e-04   9.9958776e-01
   1.3010000e+03   4.7696258e-04   0.0000000e+00   9.9952304e-01
   1.2150000e+03   7.9162201e-03   9.7108039e-01   2.1003393e-02
   1.5970000e+03   9.7633172e-01   5.7850462e-03   1.7883236e-02
   1.5890000e+03   7.6098772e-05   1.4756789e-04   9.9977633e-01
   1.2160000e+03   9.4293926e-05   9.9990571e-01   0.0000000e+00
   1.5870000e+03   9.9985771e-01   1.0998087e-04   3.2307485e-05
   1.5570000e+03   8.3909635e-04   9.9893858e-01   2.2232474e-04
   1.5850000e+03   4.5921391e-05   2.6610062e-04   9.9968798e-01
   1.2180000e+03   1.1102230e-16  -0.0000000e+00   1.0000000e+00
   1.2270000e+03   0.0000000e+00   1.0000000e+00  -0.0000000e+00
   1.3050000e+03   6.1670585e-05   2.7041570e-04   9.9966791e-01
   1.5790000e+03   1.4606402e-05   3.1095028e-04   9.9967444e-01
   1.2200000e+03   4.0403551e-05   3.2939846e-04   9.9963020e-01
   1.5770000e+03   9.9962025e-01   4.1040133e-05   3.3870487e-04
   1.3070000e+03   3.2567827e-06   3.4621692e-04   9.9965053e-01
   1.3080000e+03   9.8871827e-01   7.7686692e-03   3.5130574e-03
   1.2230000e+03   9.9975662e-01   2.2360904e-04   1.9770106e-05
   1.5660000e+03   9.9970309e-01   2.7686394e-04   2.0049564e-05
   1.3110000e+03   9.9946439e-01   1.0434242e-15   5.3561256e-04
   1.3100000e+03   8.8790737e-16   9.9958489e-01   4.1510696e-04
   1.2260000e+03   9.9948070e-01   6.7711606e-06   5.1253262e-04
   1.2370000e+03   6.1048039e-04   4.2730810e-16   9.9938952e-01
   1.3120000e+03   9.9964170e-01   3.4192167e-04   1.6379141e-05
   1.5640000e+03   1.0267472e-05   9.9969270e-01   2.9703488e-04
   1.2390000e+03   3.6688501e-04   4.2132266e-06   9.9962890e-01
   1.5340000e+03   9.9955695e-01   4.3728917e-04   5.7565202e-06
   1.5610000e+03   4.0182819e-02   4.0428451e-01   5.5553267e-01
   1.5570000e+03   9.9967943e-01   1.0486926e-04   2.1570140e-04
   1.5440000e+03   9.9979201e-01   2.0140691e-04   6.5857130e-06
   1.3150000e+03   6.7299616e-04   4.7284813e-04   9.9885416e-01
   1.3160000e+03   9.9863472e-01   9.4013332e-04   4.2514935e-04
   1.2300000e+03   1.0000000e+00  -0.0000000e+00  -0.0000000e+00
   1.5540000e+03   9.9991348e-01   0.0000000e+00   8.6516031e-05
   1.2320000e+03   1.0000000e+00  -0.0000000e+00  -0.0000000e+00
   1.2310000e+03   0.0000000e+00   0.0000000e+00   1.0000000e+00
   1.5520000e+03   9.4129919e-01   4.0021948e-03   5.4698620e-02
   1.2450000e+03  -1.1102230e-16   9.8781643e-17   1.0000000e+00
   1.2320000e+03   0.0000000e+00   1.0000000e+00  -0.0000000e+00
   1.2610000e+03   0.0000000e+00  -0.0000000e+00   1.0000000e+00
   1.2620000e+03   1.0000000e+00   0.0000000e+00  -0.0000000e+00
   1.5410000e+03   9.4128577e-04   9.9822815e-01   8.3056753e-04
   1.2320000e+03   7.2879019e-05   1.4273413e-04   9.9978439e-01
   1.5480000e+03   9.9983083e-01   4.9562105e-05   1.1960340e-04
   1.3200000e+03   6.9976322e-05   5.3513737e-05   9.9987651e-01
   1.5430000e+03   7.6540030e-05   3.3215632e-04   9.9959130e-01
   1.2340000e+03   1.0649911e-04   1.9312370e-15   9.9989350e-01
   1.5400000e+03   9.9991300e-01   1.4942455e-05   7.2052753e-05
   1.3220000e+03   2.9855849e-05   2.4110813e-04   9.9972904e-01
   1.5390000e+03  -1.1102230e-16   5.9790491e-04   9.9940210e-01
   1.5360000e+03   2.9714120e-06   9.9935615e-01   6.4088074e-04
   1.2410000e+03   3.9840678e-05   9.9939044e-01   5.6971437e-04
   1.3240000e+03  -1.1102230e-16   5.8614820e-04   9.9941385e-01
   1.5350000e+03   0.0000000e+00   5.6153890e-04   9.9943846e-01
   1.5320000e+03   1.0132954e-15   9.9953527e-01   4.6472713e-04
   1.3300000e+03   9.9165381e-01   4.3635360e-03   3.9826589e-03
   1.3300000e+03   1.3677300e-02   1.0871703e-02   9.7545100e-01
   1.2420000e+03   9.9946081e-01   0.0000000e+00   5.3919222e-04
   1.3280000e+03   1.0448798e-01   2.0737402e-01   6.8813801e-01
   1.6810000e+03   2.9205430e-02   9.3737166e-01   3.3422912e-02
   1.3310000e+03   1.0000000e+00  -0.0000000e+00  -0.0000000e+00
   1.5280000e+03   1.3650373e-04   9.9986350e-01   0.0000000e+00
   1.5260000e+03   1.2420028e-04   9.9985920e-01   1.6603375e-05
   1.5240000e+03   3.5265994e-03   9.9055331e-01   5.9200874e-03
   1.3360000e+03   6.5099034e-06   4.6945391e-04   9.9952404e-01
   1.5000000e+03   1.1102230e-16   2.3923450e-03   9.9760766e-01
   1.4970000e+03   8.6422515e-04   9.9836133e-01   7.7444264e-04
   1.4980000e+03   7.7280910e-01   3.5985813e-02   1.9120509e-01
   1.4970000e+03   1.6564904e-02   2.3943426e-02   9.5949167e-01
   1.3380000e+03   2.5910485e-03   1.4886547e-15   9.9740895e-01
   1.4980000e+03   9.3143396e-02   0.0000000e+00   9.0685660e-01
   1.3380000e+03   9.9875490e-01   0.0000000e+00   1.2450957e-03
   1.6790000e+03   5.1420268e-02   6.0074139e-03   9.4257232e-01
   1.3400000e+03   3.2919422e-02   1.4634425e-02   9.5244615e-01
   1.3410000e+03  -5.8709548e-17   9.9951998e-01   4.8001762e-04
   1.2640000e+03   4.8980504e-04   9.9951019e-01   0.0000000e+00
   1.5050000e+03   6.6694973e-05   9.9954145e-01   3.9185863e-04
   1.5080000e+03   3.0649308e-04   9.9946921e-01   2.2429893e-04
   1.5090000e+03   5.7714620e-01   3.2573079e-03   4.1959649e-01
   1.2640000e+03   2.4208592e-03   1.4307922e-01   8.5449992e-01
   1.3450000e+03   9.9968891e-01   1.5066080e-15   3.1109167e-04
   1.3440000e+03   5.7733766e-18   9.9979380e-01   2.0620274e-04
   1.4900000e+03   2.9161512e-04   2.0682751e-05   9.9968770e-01
   1.2670000e+03   1.2441141e-05   9.9961038e-01   3.7717474e-04
   1.2710000e+03  -6.2883726e-18   9.9908206e-01   9.1794179e-04
   1.3460000e+03   7.9555819e-04   9.9920444e-01   0.0000000e+00
   1.3470000e+03   1.4161453e-01   3.4196514e-02   8.2418896e-01
   1.6000000e+03   1.7436555e-04   9.9892867e-01   8.9696901e-04
   1.2550000e+03   9.9893018e-01   9.4090241e-04   1.2891624e-04
   1.6020000e+03   1.5016153e-04   9.9946752e-01   3.8232206e-04
   1.2120000e+03   2.2310347e-04   9.9923630e-01   5.4059335e-04
   1.2090000e+03   9.9961165e-01   2.8846207e-04   9.9892152e-05
   1.6040000e+03   6.0573170e-05   9.9951955e-01   4.1987286e-04
   1.2540000e+03   1.9048903e-01   2.3070965e-03   8.0720387e-01
   1.2050000e+03   1.0000000e+00  -0.0000000e+00  -0.0000000e+00
   1.2080000e+03   5.6386228e-04   1.3338145e-04   9.9930276e-01
   1.6050000e+03   7.0751082e-02   9.1990692e-01   9.3419986e-03
   1.2060000e+03   2.2204460e-16   2.7077714e-17   1.0000000e+00
   1.6110000e+03   1.1102230e-16   7.1051457e-05   9.9992895e-01
   1.2530000e+03   4.4408921e-16   2.2023295e-04   9.9977977e-01
   1.5070000e+03   9.9932273e-01   1.1484170e-05   6.6578106e-04
   1.6160000e+03   5.7676565e-04   0.0000000e+00   9.9942323e-01
   1.6150000e+03   3.9562281e-05   3.5642538e-04   9.9960401e-01
   1.6130000e+03   9.9981196e-01   1.8803992e-04   2.4136806e-15
   1.6200000e+03   4.1048921e-04   6.7200082e-05   9.9952231e-01
   1.1990000e+03   2.6022272e-05   9.9952616e-01   4.4781721e-04
   1.6170000e+03   9.9954083e-01   4.5916824e-04   1.1421469e-15
   1.3620000e+03   4.7561974e-04   4.7600305e-05   9.9947678e-01
   1.6260000e+03   6.2442583e-04   7.4272404e-05   9.9930130e-01
   1.1700000e+03   5.9826698e-06   1.1131991e-03   9.9888082e-01
   1.6210000e+03   9.9924555e-01   7.4621213e-04   8.2396315e-06
   1.7000000e+03   6.9708912e-05   9.9946394e-01   4.6635576e-04
   1.2570000e+03   9.9862974e-01   8.3270015e-04   5.3756182e-04
   1.6280000e+03   1.9765900e-05   9.9912444e-01   8.5579340e-04
   1.3640000e+03   7.3502875e-05   9.9906297e-01   8.6352348e-04
   1.2560000e+03   5.9452057e-04   1.4791931e-03   9.9792629e-01
   1.3660000e+03   9.9891213e-01   4.2994552e-04   6.5792270e-04
   1.6270000e+03   8.8279748e-04   9.9911720e-01   0.0000000e+00
   1.2580000e+03   0.0000000e+00   1.5025635e-03   9.9849744e-01
   1.5190000e+03   1.3133817e-04   2.0877195e-03   9.9778094e-01
   1.6320000e+03   4.2807782e-03   3.2018470e-03   9.9251737e-01
   1.6360000e+03   6.5178011e-06   9.9937545e-01   6.1803548e-04
   1.6220000e+03   6.6613381e-16   7.9110949e-04   9.9920889e-01
   1.6340000e+03   3.3748615e-02   9.1321811e-01   5.3033278e-02
   1.3710000e+03   9.9962031e-01   3.3439936e-05   3.4624719e-04
   1.6180000e+03   4.6167850e-05   4.2282811e-04   9.9953100e-01
   1.2000000e+03   9.9951899e-01   1.1748717e-05   4.6925873e-04
   1.6370000e+03   1.8092600e-06   4.3951669e-04   9.9955867e-01
   1.3730000e+03   9.9990823e-01   0.0000000e+00   9.1774548e-05
   1.5100000e+03  -1.0659063e-16   9.9989546e-01   1.0454178e-04
   1.2520000e+03   9.9975519e-01   2.4480633e-04   0.0000000e+00
   1.6090000e+03   0.0000000e+00   4.2240152e-05   9.9995776e-01
   1.6410000e+03   4.0553147e-05   2.3801269e-04   9.9972143e-01
   1.3740000e+03   1.7652274e-04   9.9979114e-01   3.2338588e-05
   1.6140000e+03   3.9385325e-05   1.6566289e-04   9.9979495e-01
   1.2020000e+03   9.9969235e-01   6.5674526e-05   2.4197615e-04
   1.1880000e+03   8.1119300e-05   8.9739069e-16   9.9991888e-01
   1.6530000e+03   6.7474938e-06   9.7435558e-05   9.9989582e-01
   1.3760000e+03  -1.1102230e-16   2.3126502e-05   9.9997687e-01
   1.2500000e+03   9.9988118e-01   0.0000000e+00   1.1881690e-04
   1.1890000e+03   0.0000000e+00   2.7868447e-04   9.9972132e-01
   1.1840000e+03   3.2176781e-05   9.9972774e-01   2.4008107e-04
   1.3780000e+03   0.0000000e+00   2.1719699e-04   9.9978280e-01
   1.6450000e+03   1.6500667e-04   9.9982673e-01   8.2660457e-06
   1.1770000e+03   3.3334231e-05   9.9940898e-01   5.5768791e-04
   1.6610000e+03   9.9954646e-01   4.0249726e-04   5.1039032e-05
   1.1780000e+03   3.7364893e-05   9.9961897e-01   3.4366062e-04
   1.3810000e+03   3.2011332e-04   2.1314369e-05   9.9965857e-01
   1.3820000e+03   9.9896349e-01   9.3057405e-04   1.0593890e-04
   1.6650000e+03   9.9908239e-01   8.1416091e-04   1.0344654e-04
   1.1810000e+03   9.9924280e-01   6.6744991e-04   8.9753220e-05
   1.6630000e+03   9.9943311e-01   5.2475526e-04   4.2138932e-05
   1.1800000e+03   5.4570374e-05   9.9933429e-01   6.1113655e-04
   1.7050000e+03   5.4700265e-05   9.9863485e-01   1.3104499e-03
   1.6320000e+03   8.1182505e-04   9.9918589e-01   2.2856493e-06
   1.5180000e+03   1.1102230e-16   1.2805866e-03   9.9871941e-01
   1.6720000e+03   5.9377635e-05   9.9902388e-01   9.1674165e-04
   1.3870000e+03   1.4170828e-04   9.9894770e-01   9.1059582e-04
   1.0820000e+03   2.3077591e-04   9.9953327e-01   2.3595163e-04
   1.1320000e+03   2.1203008e-04   9.9945471e-01   3.3326127e-04
   1.3890000e+03   4.6103903e-04   9.9953896e-01   2.8666676e-15
   1.4580000e+03   3.5845200e-04   1.0053679e-03   9.9863618e-01
   1.3910000e+03   9.9917108e-01   0.0000000e+00   8.2892476e-04
   1.5200000e+03   7.7926392e-04   9.9922074e-01   0.0000000e+00
   1.4850000e+03   7.3140279e-16   9.9941313e-01   5.8686641e-04
   1.2920000e+03  -1.0538445e-16   9.9934432e-01   6.5568023e-04
   9.9800000e+02   9.9951351e-01   2.5632048e-04   2.3016515e-04
   1.1330000e+03   9.9960206e-01   1.4787507e-04   2.5006629e-04
   1.3920000e+03   1.8171310e-04   7.2505069e-04   9.9909324e-01
   1.4620000e+03   1.1606013e-04   8.6864989e-04   9.9901529e-01
   1.3950000e+03   9.9973884e-01   6.5005298e-06   2.5466168e-04
   1.0250000e+03   2.1173123e-04   9.9978827e-01   0.0000000e+00
   1.4530000e+03   5.3214447e-06   9.9973776e-01   2.5691502e-04
   1.4530000e+03   9.7336372e-01   8.7681343e-03   1.7868147e-02
   1.2690000e+03   1.3690361e-05   9.9970617e-01   2.8014253e-04
   1.3960000e+03   2.3062195e-04   9.9976938e-01   1.3482512e-15
   1.3970000e+03   1.0251243e-04   9.9978548e-01   1.1200692e-04
   1.3970000e+03   4.5987065e-01   3.7750413e-02   5.0237894e-01
   1.3980000e+03   9.9982623e-01   1.2447885e-04   4.9288413e-05
   1.4630000e+03   6.9080108e-05   9.9984894e-01   8.1983793e-05
   1.2840000e+03   3.2139287e-05   9.9981654e-01   1.5131939e-04
   1.4450000e+03   9.9978055e-01   1.9603163e-04   2.3422449e-05
   1.4000000e+03   9.9969625e-01   3.0375208e-04   0.0000000e+00
   1.4000000e+03  -8.1830159e-17   9.9989354e-01   1.0646483e-04
   1.2880000e+03   9.9982286e-01   0.0000000e+00   1.7714244e-04
   1.4430000e+03   9.9982970e-01   1.1144726e-04   5.8851630e-05
   1.2210000e+03   9.9980992e-01   1.8733611e-04   2.7477738e-06
   1.5720000e+03   9.9975500e-01   2.3679003e-04   8.2141206e-06
   1.4030000e+03   6.3039829e-06   9.9976931e-01   2.2438632e-04
   1.5690000e+03   1.8952602e-04   4.0996031e-06   9.9980637e-01
   1.5740000e+03   5.8979559e-05   2.2402265e-04   9.9971700e-01
   1.4040000e+03   2.7087859e-04   9.9970647e-01   2.2654272e-05
   1.4480000e+03   3.0064710e-05   2.3514419e-04   9.9973479e-01
   1.2820000e+03   7.7955598e-05   1.4300096e-04   9.9977904e-01
   1.5800000e+03   8.4616516e-05   0.0000000e+00   9.9991538e-01
   1.4060000e+03   2.7205072e-04   9.9967039e-01   5.7562380e-05
   1.4520000e+03   1.0134770e-04   3.3370474e-04   9.9956495e-01
   1.2800000e+03   1.6964855e-04   3.3134239e-04   9.9949901e-01
   1.5930000e+03   1.4475090e-04   9.9985525e-01   0.0000000e+00
   1.4080000e+03   2.1241208e-04   9.9967657e-01   1.1101476e-04
   1.4410000e+03   1.9646910e-04   3.7892765e-04   9.9942460e-01
   1.2880000e+03   2.1161560e-04   9.9958870e-01   1.9968381e-04
   9.9400000e+02   1.0000000e+00  -0.0000000e+00  -0.0000000e+00
   1.0290000e+03   9.9946167e-01   4.7711990e-04   6.1210838e-05
   1.4610000e+03   9.9925402e-01   7.4598067e-04   0.0000000e+00
   1.4110000e+03   9.9958139e-01   3.2754376e-04   9.1061333e-05
   1.0350000e+03   1.7869340e-04   9.9969873e-01   1.2257419e-04
   1.0080000e+03   2.2646407e-04   1.8844009e-04   9.9958510e-01
   1.6950000e+03   9.9956331e-01   7.8724223e-05   3.5796631e-04
   9.9600000e+02   9.9985723e-01   5.7959317e-05   8.4805800e-05
   1.0070000e+03   8.9667353e-05   9.9976091e-01   1.4942645e-04
   1.6980000e+03   9.9976261e-01   6.7617437e-05   1.6977682e-04
   1.4130000e+03   1.1385704e-05   2.0967530e-04   9.9977894e-01
   1.4140000e+03   9.9929114e-01   6.4288321e-04   6.5974818e-05
   1.2470000e+03   1.1102230e-16   1.0387150e-03   9.9896128e-01
   1.2940000e+03   8.7439110e-05   9.9916905e-01   7.4351262e-04
   1.4660000e+03   5.9900293e-05   9.9938175e-01   5.5834479e-04
   1.1290000e+03   9.9948315e-01   3.8444006e-04   1.3241123e-04
   1.4160000e+03   4.0259081e-04   9.9902709e-01   5.7032374e-04
   1.4600000e+03   6.8310271e-04   5.9756919e-04   9.9871933e-01
   1.0690000e+03   1.7902130e-04   9.9920171e-01   6.1927314e-04
   1.4180000e+03   9.9954659e-01   4.2253900e-04   3.0867481e-05
   1.6670000e+03   2.5824668e-05   9.9939267e-01   5.8150121e-04
   1.2790000e+03   4.5300264e-04   1.7582816e-05   9.9952941e-01
   1.4700000e+03   7.5480834e-06   9.9961307e-01   3.7938460e-04
   1.4690000e+03   3.4945143e-04   9.9965055e-01   0.0000000e+00
   1.4670000e+03   5.4882478e-05   9.9952956e-01   4.1555943e-04
   1.0840000e+03   2.2893111e-05   9.9958147e-01   3.9563242e-04
   1.1760000e+03   1.0612090e-04   9.9899175e-01   9.0212604e-04
   1.4220000e+03   9.9891975e-01   1.0453717e-03   3.4873366e-05
   1.7070000e+03   2.8880979e-05   9.9971272e-01   2.5840084e-04
   1.1250000e+03   9.9976184e-01   2.1483142e-04   2.3329462e-05
   1.7060000e+03   2.8530568e-04   9.9971469e-01   2.7603825e-16
   1.1710000e+03   0.0000000e+00   3.3868790e-04   9.9966131e-01
   1.0710000e+03   8.7605368e-06   9.9972522e-01   2.6602355e-04
   1.1750000e+03   2.9140828e-05   9.9964807e-01   3.2278777e-04
   1.4260000e+03   9.9932788e-01   6.1167704e-04   6.0443174e-05
   1.2770000e+03   3.8481694e-04   6.0375571e-05   9.9955481e-01
   1.4760000e+03   2.8120384e-05   9.9966901e-01   3.0286756e-04
   1.1230000e+03   9.9979596e-01   1.5834737e-04   4.5694485e-05
   1.4280000e+03   3.6760768e-05   9.9967389e-01   2.8934994e-04
   1.4730000e+03   1.1046319e-05   9.9968437e-01   3.0458207e-04
   1.0730000e+03   2.7186636e-05   9.9972091e-01   2.5190297e-04
   1.2480000e+03   9.9996293e-01   3.1177925e-15   3.7073197e-05
   1.1850000e+03   8.1969768e-05   9.9991249e-01   5.5376718e-06
   1.6490000e+03   9.9991451e-01   0.0000000e+00   8.5492723e-05
   1.5130000e+03   2.5458253e-05   0.0000000e+00   9.9997454e-01
   1.6580000e+03   0.0000000e+00   1.6773496e-04   9.9983227e-01
   1.6550000e+03   2.3441418e-05   9.9974737e-01   2.2918912e-04
   1.2750000e+03   2.4745179e-04   0.0000000e+00   9.9975255e-01
   1.4330000e+03   2.0695520e-05   1.4147207e-04   9.9983783e-01
   1.1190000e+03   9.9983005e-01   1.3690061e-04   3.3050854e-05
   1.4340000e+03   1.2506869e-06   9.9986065e-01   1.3809850e-04
   1.4770000e+03   1.2964347e-15   9.9979839e-01   2.0160852e-04
   1.0750000e+03   3.5719606e-05   9.9978694e-01   1.7733975e-04
   1.2870000e+03   9.9990993e-01   9.0074727e-05   0.0000000e+00
   1.2730000e+03   1.3322676e-15   7.0949009e-05   9.9992905e-01
   1.0800000e+03   1.0888100e-16   9.9984231e-01   1.5768955e-04
   1.1150000e+03   9.9995587e-01   0.0000000e+00   4.4126275e-05
   1.3670000e+03   1.8934735e-04   3.9958183e-03   9.9581483e-01
   1.1960000e+03   1.3489662e-03   9.9669308e-01   1.9579536e-03
   1.6240000e+03   2.1951036e-03   9.9633310e-01   1.4717968e-03
   1.6250000e+03   1.5949392e-03   8.0991012e-04   9.9759515e-01
   1.1690000e+03   0.0000000e+00   1.0123760e-03   9.9898762e-01
   1.4210000e+03   9.9955237e-01   1.6572935e-15   4.4762501e-04
   1.9440000e+03   2.5310415e-04   9.9938617e-01   3.6073062e-04
   1.9460000e+03   1.9344287e-04   9.9952397e-01   2.8258464e-04
   1.9100000e+03   2.1533001e-04   1.6381538e-04   9.9962085e-01
   1.9230000e+03   2.7116114e-05   9.9988455e-01   8.8329151e-05
   1.9220000e+03   1.4399285e-04   9.9968337e-01   1.7263333e-04
   1.9390000e+03   9.9979997e-01   1.6072699e-04   3.9306091e-05
   1.9400000e+03   7.3812330e-05   9.9982241e-01   1.0378193e-04
   1.9250000e+03   7.5132239e-05   9.9992487e-01   0.0000000e+00
   1.9480000e+03   6.1864419e-05   1.2242344e-15   9.9993814e-01
   1.9090000e+03   9.9987867e-01   9.8970790e-05   2.2359563e-05
   1.9080000e+03   9.9992110e-01   5.0755366e-05   2.8140553e-05
   1.8990000e+03   8.1932592e-05   9.9985587e-01   6.2195053e-05
   2.1190000e+03   0.0000000e+00   1.1562217e-17   1.0000000e+00
   2.4760000e+03   2.8546077e-04   1.6688779e-04   9.9954765e-01
   2.4530000e+03   2.3753182e-04   9.9822341e-01   1.5390588e-03
   2.4710000e+03   2.7150166e-05   9.9989855e-01   7.4296973e-05
   2.1190000e+03   9.9998843e-01   1.1569445e-05   1.2580615e-16
   2.1290000e+03   0.0000000e+00   1.0000000e+00  -0.0000000e+00
   2.1270000e+03   2.4759197e-05   9.9988090e-01   9.4336659e-05
   2.1230000e+03   9.8326371e-05   9.9990167e-01   0.0000000e+00
   2.2120000e+03   1.2129439e-06   9.9989224e-01   1.0655123e-04
   2.4590000e+03   9.9985326e-01   1.4674046e-04   2.0758256e-15
   2.4660000e+03   9.9984479e-01   1.5507745e-16   1.5521116e-04
   2.2140000e+03   1.5252014e-16   9.9987569e-01   1.2430693e-04
   2.4620000e+03   2.5891561e-15   9.9982107e-01   1.7892692e-04
   2.3880000e+03   2.3833341e-05   1.9863103e-04   9.9977754e-01
   2.1400000e+03   1.8657449e-04   1.2209335e-03   9.9859249e-01
   2.4600000e+03   3.8465851e-05   1.7790200e-04   9.9978363e-01
   2.4380000e+03   1.3131518e-04   9.9971972e-01   1.4896333e-04
   2.1700000e+03   5.0544145e-05   2.6514967e-04   9.9968431e-01
   2.4610000e+03   2.6096242e-04   9.9643433e-01   3.3047033e-03
   2.3900000e+03   6.7774858e-05   2.7138340e-04   9.9966084e-01
   2.1380000e+03   1.7858806e-04   2.4508843e-15   9.9982141e-01
   2.4570000e+03   1.6165485e-05   9.9986507e-01   1.1876607e-04
   2.4540000e+03   2.1517376e-02   1.8294461e-01   7.9553802e-01
   2.1360000e+03   0.0000000e+00   2.1392152e-17   1.0000000e+00
   2.2190000e+03   9.9878219e-01   4.9324013e-04   7.2457003e-04
   2.1300000e+03   9.8910083e-01   6.7415168e-03   4.1576544e-03
   2.1320000e+03   1.1200448e-02   8.5128781e-03   9.8028667e-01
   2.1330000e+03   1.0000000e+00  -0.0000000e+00  -0.0000000e+00
   2.1630000e+03   2.6201731e-01   2.1469900e-02   7.1651279e-01
   2.4470000e+03   9.9996497e-01   1.1900945e-05   2.3132461e-05
   2.4470000e+03   3.5261381e-07   9.9996276e-01   3.6890621e-05
   2.1620000e+03   9.9943801e-01   4.6398050e-04   9.8006584e-05
   2.1650000e+03   1.9758568e-04   3.8765784e-04   9.9941476e-01
   2.4470000e+03   6.5278216e-06   7.0565954e-04   9.9928781e-01
   2.2250000e+03   2.5283867e-06   9.9994614e-01   5.1335145e-05
   2.2240000e+03   5.3876708e-05   9.9994612e-01   5.3002668e-15
   2.4440000e+03   9.9997275e-01   5.4246020e-15   2.7249736e-05
   2.1370000e+03   0.0000000e+00   1.8819056e-04   9.9981181e-01
   2.4410000e+03   3.3692215e-05   9.9996631e-01   0.0000000e+00
   2.4400000e+03   1.2285673e-05   3.5990065e-05   9.9995172e-01
   2.4360000e+03   9.9988533e-01   6.7395861e-05   4.7274561e-05
   2.1390000e+03   3.2196468e-15   2.7280280e-04   9.9972720e-01
   2.4370000e+03   3.6753616e-04   9.9963246e-01   4.8790093e-16
   2.2280000e+03   4.1878642e-04   9.9958121e-01   0.0000000e+00
   2.4320000e+03   9.9973089e-01   1.5307904e-04   1.1602855e-04
   2.1680000e+03   4.8042272e-05   5.2679395e-04   9.9942516e-01
   2.4330000e+03   3.5948691e-04   9.9956399e-01   7.6520935e-05
   2.4320000e+03   2.9063690e-02   2.2711237e-02   9.4822507e-01
   2.3920000e+03   3.6506140e-05   5.9646112e-04   9.9936703e-01
   2.4290000e+03   1.5759355e-04   1.7231790e-04   9.9967009e-01
   1.8571000e+04   1.0217147e-01   4.8741301e-02   8.4908723e-01
   2.5730000e+03   9.9497149e-03   9.3182560e-01   5.8224682e-02
   2.1660000e+03   1.0908417e-01   4.3565270e-03   8.8655930e-01
   2.1450000e+03   9.9996701e-01   3.2989980e-05   7.1895133e-15
   2.1420000e+03   9.9991373e-01   2.4901887e-15   8.6269732e-05
   2.1440000e+03  -6.5241866e-17   9.9993602e-01   6.3984073e-05
   2.1460000e+03  -1.1102230e-16   1.0721541e-04   9.9989278e-01
   2.4230000e+03   3.3873286e-06   9.9993436e-01   6.2252770e-05
   2.1640000e+03   9.9941501e-01   5.8498811e-04   0.0000000e+00
   2.3970000e+03   1.0258617e-02   9.1432027e-01   7.5421118e-02
   2.4000000e+03   2.8154058e-02   9.6386660e-01   7.9793412e-03
   2.3980000e+03   9.7633244e-01   2.2419718e-02   1.2478443e-03
   2.2400000e+03   9.9904263e-01   1.7531988e-15   9.5737440e-04
   2.5720000e+03   7.5869236e-02   6.4955842e-01   2.7457234e-01
   2.5690000e+03   1.3112894e-01   4.5421766e-01   4.1465340e-01
   2.2410000e+03   6.4623141e-01   2.3527258e-03   3.5141586e-01
   2.4050000e+03   3.1604493e-17   9.9956977e-01   4.3022785e-04
   2.4040000e+03   1.7762758e-05   4.9347638e-04   9.9948876e-01
   2.4090000e+03   9.9970413e-01   2.7359129e-15   2.9587328e-04
   2.2440000e+03   1.4989516e-04   9.9956919e-01   2.8091337e-04
   2.2450000e+03   9.9963359e-01   1.5105918e-05   3.5130630e-04
   2.4940000e+03   3.4579692e-03   9.8926577e-01   7.2762581e-03
   2.2510000e+03   9.9894116e-01   3.3740074e-06   1.0554612e-03
   2.1130000e+03   1.4306768e-04   9.9974700e-01   1.0993028e-04
   2.4980000e+03   9.9965901e-01   1.7068852e-04   1.7030314e-04
   2.1110000e+03   4.4973754e-04   1.3705714e-04   9.9941321e-01
   2.1550000e+03   8.8708737e-01   1.7456353e-02   9.5456272e-02
   2.1090000e+03   4.3211457e-01   1.4342427e-02   5.5354300e-01
   2.1100000e+03   1.0000000e+00  -0.0000000e+00   0.0000000e+00
   2.5000000e+03   4.4061546e-02   6.7289175e-01   2.8304671e-01
   2.5070000e+03   9.9997835e-01   2.1654585e-05   5.6217306e-15
   2.1070000e+03   3.9600484e-16   9.9989304e-01   1.0696150e-04
   2.5050000e+03   3.3306691e-15   2.6907757e-04   9.9973092e-01
   2.2570000e+03   9.9981751e-01   3.7005969e-17   1.8248979e-04
   2.2600000e+03   2.4531603e-04   7.0126795e-05   9.9968456e-01
   2.5090000e+03   9.5714206e-05   9.9987492e-01   2.9365612e-05
   2.1060000e+03   4.9225691e-05   9.9992390e-01   2.6872229e-05
   2.2590000e+03   9.9989687e-01   1.0312631e-04   3.9672759e-16
   2.2620000e+03   3.5527354e-04   1.2232441e-04   9.9952240e-01
   2.5130000e+03   1.1832275e-04   9.9970252e-01   1.7915299e-04
   2.1040000e+03   1.2148270e-04   9.9958889e-01   2.8962238e-04
   2.5110000e+03   4.2727855e-04   1.3235437e-04   9.9944037e-01
   2.5910000e+03   9.9967162e-01   2.4623160e-04   8.2144132e-05
   2.1020000e+03   7.4616082e-05   9.9962308e-01   3.0230868e-04
   2.5150000e+03   2.7674551e-04   8.9518019e-05   9.9963374e-01
   2.1000000e+03   1.2325508e-04   9.9945195e-01   4.2479443e-04
   2.5210000e+03   5.1691658e-04   6.4811874e-16   9.9948308e-01
   2.2630000e+03   9.9901122e-01   9.8878141e-04   0.0000000e+00
   2.4740000e+03   1.8449337e-05   9.9988782e-01   9.3734801e-05
   2.1240000e+03   6.8158030e-06   9.9991788e-01   7.5307679e-05
   2.3040000e+03   9.9988333e-01   6.3907584e-05   5.2766997e-05
   2.4800000e+03   5.7142292e-05   9.9990348e-01   3.9377282e-05
   2.1220000e+03   4.2157007e-05   9.9988295e-01   7.4897651e-05
   2.4700000e+03   1.0783421e-04   8.6861141e-05   9.9980530e-01
   2.3060000e+03   9.9984918e-01   4.1854216e-05   1.0896300e-04
   2.1860000e+03   1.1525238e-04   1.4708272e-04   9.9973766e-01
